row_id,dataset_id,name_short,formula,adduct,neutral_loss,well,occupancy_ratio,on_off_ratio,spot_occupancy,spot_occupancy_thresholded,image_occupancy,other_spots_occupancy,bg_occupancy,far_bg_occupancy,occupancy_vs_far_bg_ratio,in_n_spots,spot_intensity,spot_intensity_bgr_corrected,spot_intensity_sum,spot_intensity_std,other_spot_intensity,bg_intensity,far_bg_intensity,intensity_vs_far_bg_ratio,intensity_vs_other_spots_ratio,spot_intensity_tic_norm,spot_intensity_bgr_corrected_tic_norm,spot_intensity_sum_tic_norm,spot_intensity_std_tic_norm,other_spot_intensity_tic_norm,bg_intensity_tic,far_bg_intensity_tic,intensity_vs_far_bg_ratio_tic,intensity_vs_other_spots_ratio_tic
2021-07-30_02h22m33s_C43H81O13P_-H__43,2021-07-30_02h22m33s,PI 16:0-18:1,C43H81O13P,-H,,43,61.5819209039548,27135935.546875,0.615819209039548,0.4519774011299435,0.0012125931694293025,0.0,0.0,0.0,61.5819209039548,1,27135.935546875,27135.935546875,4803060.5,53696.890625,0.0,0.0,0.0,27135935.546875,27135935.546875,0.009707323275506496,0.009707323275506496,1.7181962728500366,0.018367253243923187,0.0,0.0,0.0,9.707323275506496,9.707323275506496
2021-07-30_02h22m33s_C43H81O13P_[M]-__43,2021-07-30_02h22m33s,PI 16:0-18:1,C43H81O13P,[M]-,,43,60.34505277230081,1369551.0491218027,0.6045197740112994,0.4463276836158192,0.0012014684614528868,0.0,1.7718872370962312e-05,1.7718872370962312e-05,60.451977401129945,1,13211.41796875,13211.41796875,2338421.0,26432.767578125,0.0,0.008646531961858273,0.0,13211417.96875,13211417.96875,0.004730967339128256,0.004730967339128256,0.8373812437057495,0.009132206439971924,0.0,4.619098881164518e-09,0.0,4.730967339128256,4.730967339128256
2021-07-30_02h22m33s_C43H81O13P_-H_+H2_43,2021-07-30_02h22m33s,PI 16:0-18:1,C43H81O13P,-H,+H2,43,62.49041247815781,612981.5381287786,0.6271186440677966,0.4406779661016949,0.0014239626209811992,0.00045077533357374685,3.5437744741924624e-05,3.5437744741924624e-05,62.71186440677966,2,3726.05517578125,3726.05517578125,659511.75,7659.19921875,0.11197425425052643,0.005078576505184174,0.0,3726055.17578125,32981.45405340339,0.0013298249104991555,0.0013298249104991555,0.23537901043891907,0.0026458296924829483,3.332065645622606e-08,2.7036051175599596e-09,0.0,1.3298249104991555,1.3297806013365763
2021-07-30_02h22m33s_C43H81O13P_-H_-H2_43,2021-07-30_02h22m33s,PI 16:0-18:1,C43H81O13P,-H,-H2,43,48.43699761379681,9251.517152635977,0.536723163841808,0.4689265536723164,0.005239737456891757,0.009466282005048683,0.001080851214628701,0.001080851214628701,49.12200031330969,37,617.2026977539062,617.1465454101562,109244.8828125,1267.52783203125,0.731707751750946,0.06571367383003235,0.05613500624895096,10802.5313774292,842.3586297251281,0.00022016908042132854,0.00022014239220879972,0.03896992653608322,0.0004361865867394954,3.1422166557604214e-07,3.121554570384433e-08,2.669323784232347e-08,0.220163203552572,0.220099920257792
2021-07-30_02h22m33s_C43H81O13P_+Cl_-H2O_43,2021-07-30_02h22m33s,PI 16:0-18:1,C43H81O13P,+Cl,-H2O,43,0.43241941948361445,1.4136452839719824,0.005649717514124294,0.0,0.006886194237401268,0.013373001562687822,0.00306536492017648,0.00306536492017648,0.4310810569566316,27,0.3025590181350708,0.08613333106040955,53.55294418334961,4.013898849487305,6.053593635559082,0.21302753686904907,0.21642568707466125,1.3915513948964817,0.049971812535546396,8.144566976397982e-08,-3.232039347267346e-08,1.4415883015317377e-05,1.0804989187818137e-06,2.4276446310977917e-06,1.1163537294578418e-07,1.1376606323665328e-07,8.143640506477145e-05,8.124842745528286e-05
2021-07-30_02h22m33s_C43H81O13P_+Cl_-H3PO4_43,2021-07-30_02h22m33s,PI 16:0-18:1,C43H81O13P,+Cl,-H3PO4,43,0.4155141683211916,0.7425929933612977,0.005649717514124294,0.0,0.006708198909778618,0.011990623873061665,0.0035969310913053494,0.0035969310913053494,0.4127751571973395,37,0.2313947081565857,-0.08700001239776611,40.95686340332031,3.0697977542877197,8.562219619750977,0.31060367822647095,0.3183947205543518,0.7244788134098445,0.027021928483870278,8.765751147166156e-08,-7.8252512025756e-08,1.5515379345742986e-05,1.1629083473962964e-06,3.449164523772197e-06,1.6185022388981452e-07,1.6591002349741757e-07,8.76429706243459e-05,8.735620554655902e-05
2021-07-30_02h22m33s_C43H81O13P_-H_+C12H14N2_43,2021-07-30_02h22m33s,PI 16:0-18:1,C43H81O13P,-H,+C12H14N2,43,23.112055544647003,354.2422009247879,0.3220338983050847,0.3220338983050847,0.006452330626321059,0.009045558360379853,0.003933589666353633,0.003933589666353633,23.09903890912078,125,85.15733337402344,84.9178237915039,15072.84765625,172.63563537597656,0.5945035219192505,0.2393929660320282,0.2395063042640686,354.07526482350863,143.00055371556755,3.123539863736369e-05,3.1132352887652814e-05,0.005528665613383055,6.206260877661407e-05,2.4473379767187e-07,1.0284644957891942e-07,1.0304609077138593e-07,0.031232180283279228,0.031227756150008324
2021-07-30_02h22m33s_C43H81O13P_+Cl__43,2021-07-30_02h22m33s,PI 16:0-18:1,C43H81O13P,+Cl,,43,7.849947864757014,57.715690233807486,0.11299435028248588,0.11299435028248588,0.006641450661920125,0.009887005649717515,0.004394280347998654,0.004394280347998654,7.849269391784271,122,15.238551139831543,14.975316047668457,2697.2236328125,52.83464431762695,0.9587236046791077,0.2630278766155243,0.2632354497909546,57.67035101417037,15.878062252023792,5.566470463236328e-06,5.453946414490929e-06,0.0009852652437984943,1.8784085114020854e-05,4.066521626100439e-07,1.121173269780229e-07,1.1252421217022857e-07,0.005565844171005923,0.005564207766115025
2021-07-30_02h22m33s_C43H81O13P_-H_+HCl_43,2021-07-30_02h22m33s,PI 16:0-18:1,C43H81O13P,-H,+HCl,43,7.849947864757014,57.715690233807486,0.11299435028248588,0.11299435028248588,0.006641450661920125,0.009887005649717515,0.004394280347998654,0.004394280347998654,7.849269391784271,122,15.238551139831543,14.975316047668457,2697.2236328125,52.83464431762695,0.9587236046791077,0.2630278766155243,0.2632354497909546,57.67035101417037,15.878062252023792,5.566470463236328e-06,5.453946414490929e-06,0.0009852652437984943,1.8784085114020854e-05,4.066521626100439e-07,1.121173269780229e-07,1.1252421217022857e-07,0.005565844171005923,0.005564207766115025
2021-07-30_02h22m33s_C43H81O13P_[M]-_+H2_43,2021-07-30_02h22m33s,PI 16:0-18:1,C43H81O13P,[M]-,+H2,43,13.596715655899635,436.9634510124662,0.5310734463276836,0.4350282485875706,0.03509845366559128,0.042703449933886285,0.02905895068837819,0.02905895068837819,13.659406725817986,84,706.6032104492188,704.998046875,125068.765625,1498.676025390625,3.4179158210754395,1.6160762310028076,1.6051465272903442,439.93695372320514,206.67464407677423,0.00025113389710895717,0.00025043863570317626,0.04445070028305054,0.0005166885093785822,1.4473406508841435e-06,6.985434310990968e-07,6.952643616386922e-07,0.25095941397220456,0.2507709461245704
2021-07-30_02h22m33s_C43H81O13P_+Cl_-CO2_43,2021-07-30_02h22m33s,PI 16:0-18:1,C43H81O13P,+Cl,-CO2,43,0.0,0.0,0.0,0.0,0.0038380242518633884,0.008684938093520856,0.0009922568527738894,0.0009922568527738894,0.0,74,0.0,-0.06108461692929268,0.0,0.0,0.8178994059562683,0.06159531697630882,0.06108461692929268,0.0,0.0,0.0,-2.3957532846452523e-08,0.0,0.0,3.418784899622551e-07,2.3973765195250962e-08,2.3957532846452523e-08,0.0,0.0
2021-07-30_02h22m33s_C43H81O13P_[M]-_+HCl_43,2021-07-30_02h22m33s,PI 16:0-18:1,C43H81O13P,[M]-,+HCl,43,2.392183920031211,3.9337326436746816,0.12429378531073447,0.12429378531073447,0.04597841806652575,0.05238009376126938,0.04195828977443875,0.04195828977443875,2.404840749823513,189,11.342373847961426,8.477954864501953,2007.60009765625,31.72135353088379,4.209957599639893,2.882361650466919,2.8644192218780518,3.958364542737803,2.6935378900351283,3.893976099789143e-06,2.650918077051756e-06,0.0006892337696626782,1.0679606930352747e-05,1.7929469322552904e-06,1.2476069741751417e-06,1.2430580227373866e-06,0.003889141671033402,0.0038870069026873144
2021-07-30_02h22m33s_C43H81O13P_-H_-CH2O3_43,2021-07-30_02h22m33s,PI 16:0-18:1,C43H81O13P,-H,-CH2O3,43,0.4155141683211916,0.7425929933612977,0.005649717514124294,0.0,0.006708198909778618,0.011990623873061665,0.0035969310913053494,0.0035969310913053494,0.4127751571973395,37,0.2313947081565857,-0.08700001239776611,40.95686340332031,3.0697977542877197,8.562219619750977,0.31060367822647095,0.3183947205543518,0.7244788134098445,0.027021928483870278,8.765751147166156e-08,-7.8252512025756e-08,1.5515379345742986e-05,1.1629083473962964e-06,3.449164523772197e-06,1.6185022388981452e-07,1.6591002349741757e-07,8.76429706243459e-05,8.735620554655902e-05
2021-07-30_02h22m33s_C43H81O13P_-H_-HPO3_43,2021-07-30_02h22m33s,PI 16:0-18:1,C43H81O13P,-H,-HPO3,43,0.0,0.0,0.0,0.0,0.002302814551118033,0.0056196658252193775,0.00035437744741924625,0.00035437744741924625,0.0,53,0.0,-0.02156577818095684,0.0,0.0,0.44167381525039673,0.022132331505417824,0.02156577818095684,0.0,0.0,0.0,-9.154392799359812e-09,0.0,0.0,1.8692762182581646e-07,9.293518843378479e-09,9.154392799359812e-09,0.0,0.0
2021-07-30_02h22m33s_C43H81O13P_-H_-H2O_43,2021-07-30_02h22m33s,PI 16:0-18:1,C43H81O13P,-H,-H2O,43,30.889792339249222,2604.741955067197,0.3220338983050847,0.3220338983050847,0.0037490265880520636,0.007693232359658613,0.0004252529369030955,0.0004252529369030955,30.912020198557684,69,66.29817962646484,66.2740707397461,11734.77734375,132.0156707763672,0.5956994891166687,0.024452878162264824,0.02411234751343727,2640.063004503645,111.10815550489268,2.4068285711109638e-05,2.4057466362137347e-05,0.004260086454451084,4.836630614590831e-05,2.3921612068988907e-07,1.0862954091805932e-08,1.0818883566798831e-08,0.024068025321945997,0.02406252956613284
2021-07-30_02h22m33s_C43H81O13P_[M]-_-HPO3_43,2021-07-30_02h22m33s,PI 16:0-18:1,C43H81O13P,[M]-,-HPO3,43,0.7698325804764363,2.417011708658247,0.011299435028248588,0.011299435028248588,0.01122483034820336,0.022328404856352926,0.004677782305934051,0.004677782305934051,0.7693945964619253,145,0.7286141514778137,0.42724865674972534,128.96470642089844,6.819657325744629,2.179093837738037,0.30045247077941895,0.3013654947280884,2.4097132913034365,0.33421228887734006,2.4962437805697846e-07,1.2036439045459701e-07,4.4183514546602964e-05,2.3818929548724554e-06,9.370564839628059e-07,1.286470023842412e-07,1.2925998760238144e-07,0.00024959211578318667,0.0002493906848986542
2021-07-30_02h22m33s_C43H81O13P_[M]-_-CO2_43,2021-07-30_02h22m33s,PI 16:0-18:1,C43H81O13P,[M]-,-CO2,43,1.447079466488003,5.092641171030329,0.022598870056497175,0.022598870056497175,0.013750139058849704,0.02749729534799856,0.005616882541595053,0.005616882541595053,1.4610871692311858,158,1.819209098815918,1.4716651439666748,322.0,12.274232864379883,3.417790651321411,0.35622310638427734,0.3475438952445984,5.219454776389779,0.5321206486020921,6.159967256280652e-07,4.6918256657590973e-07,0.00010903141810558736,4.056052603118587e-06,1.4048018783796579e-06,1.5010908782642218e-07,1.4681414484130073e-07,0.0006159063018710536,0.000615132586215497
2021-07-30_02h22m33s_C43H81O13P_-H_-H3PO4_43,2021-07-30_02h22m33s,PI 16:0-18:1,C43H81O13P,-H,-H3PO4,43,0.0,0.0,0.0,0.0,0.002135943931471799,0.005409304002884962,0.00021262646845154776,0.00021262646845154776,0.0,50,0.0,-0.013414363376796246,0.0,0.0,0.44547349214553833,0.013086116872727871,0.013414363376796246,0.0,0.0,0.0,-6.04565997264217e-09,0.0,0.0,1.997143357357345e-07,5.8977240868784975e-09,6.04565997264217e-09,0.0,0.0
2021-07-30_02h22m33s_C43H81O13P_[M]-_-CH2O3_43,2021-07-30_02h22m33s,PI 16:0-18:1,C43H81O13P,[M]-,-CH2O3,43,1.3359356584489,2.367504283220679,0.02824858757062147,0.02824858757062147,0.018099899877628212,0.029841327082582043,0.011145170721335295,0.011145170721335295,1.3400894717103258,169,1.624925136566162,0.9422042369842529,287.61175537109375,9.553727149963379,5.501558303833008,0.6853451728820801,0.6827208995819092,2.3765912926748225,0.29530357459988404,7.443912863891455e-07,4.456759370441432e-07,0.0001317572605330497,4.507541234488599e-06,2.272166284456034e-06,2.988982714668964e-07,2.987153493450023e-07,0.0007441689916888215,0.0007427037399917967
2021-07-30_02h22m33s_C43H81O13P_-H_-CO2_43,2021-07-30_02h22m33s,PI 16:0-18:1,C43H81O13P,-H,-CO2,43,0.0,0.0,0.0,0.0,0.002480809878740683,0.006220699603317706,0.000283501957935397,0.000283501957935397,0.0,63,0.0,-0.019779860973358154,0.0,0.0,0.490533709526062,0.020376702770590782,0.019779860973358154,0.0,0.0,0.0,-8.529731587714195e-09,0.0,0.0,2.1251555892831675e-07,8.705550058607514e-09,8.529731587714195e-09,0.0,0.0
2021-07-30_02h22m33s_C43H81O13P_+Cl_-CH2O3_43,2021-07-30_02h22m33s,PI 16:0-18:1,C43H81O13P,+Cl,-CH2O3,43,13.571220327248275,2242.6253753517726,0.14124293785310735,0.14124293785310735,0.0034597841806652575,0.007903594181993028,0.0004075340645321332,0.0004075340645321332,13.581583041848328,66,57.588497161865234,57.564205169677734,10193.1640625,231.47036743164062,0.8754432201385498,0.02467905357480049,0.024291204288601875,2277.016804131346,65.70704848713592,2.446425423840992e-05,2.4453729565721005e-05,0.004330173134803772,9.886567568173632e-05,4.0179844518206664e-07,1.0792360782829746e-08,1.0525178062437135e-08,0.024463996750488003,0.024454428487066002
2021-07-30_02h22m33s_C43H81O13P_+Cl_+HCl_43,2021-07-30_02h22m33s,PI 16:0-18:1,C43H81O13P,+Cl,+HCl,43,4.353716118145647,21.922505723571525,0.05649717514124294,0.05649717514124294,0.005139615085104016,0.008534679648996273,0.0029767705583216685,0.0029767705583216685,4.359140751410212,100,4.013714790344238,3.8326261043548584,710.427490234375,16.809877395629883,0.6634607911109924,0.1820864975452423,0.1810886263847351,22.042644123547063,6.040559268566055,1.7236066014447715e-06,1.6443576669189497e-06,0.0003050783707294613,7.422713224514155e-06,2.824391458489117e-07,7.928047551786221e-08,7.924894163124918e-08,0.0017234700182698903,0.0017231199249249805
2021-07-30_02h22m33s_C43H81O13P_[M]-_-H3PO4_43,2021-07-30_02h22m33s,PI 16:0-18:1,C43H81O13P,[M]-,-H3PO4,43,1.8315154722037583,10.294556330952357,0.022598870056497175,0.022598870056497175,0.007876293247302258,0.017189566053612212,0.0023388911529670254,0.0023388911529670254,1.8308955645277953,134,1.5124624967575073,1.3659062385559082,267.70587158203125,10.095860481262207,1.6121773719787598,0.14591866731643677,0.14655622839927673,10.250075602806074,0.9375673890728375,5.874353519175202e-07,5.245686907073832e-07,0.00010397605365142226,4.096360953553813e-06,6.873672759866167e-07,6.244838601787706e-08,6.286668963184638e-08,0.0005873984241231006,0.0005870318454370047
2021-07-30_02h22m33s_C43H81O13P_+Cl_+C12H14N2_43,2021-07-30_02h22m33s,PI 16:0-18:1,C43H81O13P,+Cl,+C12H14N2,43,0.8150954339880946,2.6705176685745196,0.011299435028248588,0.011299435028248588,0.005751474023806875,0.008925351604760188,0.003862714176869784,0.003862714176869784,0.8211913180675514,121,0.6286031007766724,0.4008573889732361,111.26274871826172,5.884023189544678,0.6165944933891296,0.23438623547554016,0.22774572670459747,2.7480430337763257,1.0178249765912444,2.3191482512174844e-07,1.357107350941078e-07,4.104892286704853e-05,2.1753892269771313e-06,2.538880607971805e-07,9.827225255776284e-08,9.620408292221327e-08,0.00023189251611489906,0.00023185595966176563
2021-07-30_02h22m33s_C43H81O13P_+Cl_-CH2O2_43,2021-07-30_02h22m33s,PI 16:0-18:1,C43H81O13P,+Cl,-CH2O2,43,0.0,0.0,0.0,0.0,0.004027144287462454,0.009195816804904436,0.0009922568527738894,0.0009922568527738894,0.0,78,0.0,-0.05905431509017944,0.0,0.0,1.082794189453125,0.05953541025519371,0.05905431509017944,0.0,0.0,0.0,-2.5344878196165155e-08,0.0,0.0,4.46532396836119e-07,2.5595239705467066e-08,2.5344878196165155e-08,0.0,0.0
2021-07-30_02h22m33s_C37H71O8P_-H__12,2021-07-30_02h22m33s,PA 16:0-18:1,C37H71O8P,-H,,12,72.11468143040067,269348.3306986458,0.7288135593220338,0.4632768361581921,0.002135943931471799,0.001712946267580238,0.00010631323422577388,0.00010631323422577388,72.88135593220339,3,49816.15625,49816.15625,8817460.0,94715.59375,8.267611503601074,0.18395067751407623,0.0,49816156.25,6024.730540103922,0.018066054210066795,0.018066054210066795,3.1976916790008545,0.031003907322883606,2.87055695480376e-06,9.798959155205011e-08,0.0,18.066054210066795,18.014343012446197
2021-07-30_02h22m33s_C37H71O8P_[M]-_-H3PO4_12,2021-07-30_02h22m33s,PA 16:0-18:1,C37H71O8P,[M]-,-H3PO4,12,1.1113525745398638,1.0333119896176333,0.6949152542372882,0.6949152542372882,0.6126265435532318,0.6076752013463157,0.6152878430816663,0.6152878430816663,1.1131134235863596,189,122.72933959960938,4.1773834228515625,21723.09375,119.8365478515625,115.33935546875,118.77178192138672,118.55195617675781,1.0352279990102038,1.0640624359169877,5.828584107803181e-05,4.70515078632161e-06,0.010316593572497368,5.906282240175642e-05,5.159265492693521e-05,5.384038740885444e-05,5.35806902917102e-05,0.05532166792264759,0.05542625350695466
2021-07-30_02h22m33s_C37H71O8P_[M]-_+HCl_12,2021-07-30_02h22m33s,PA 16:0-18:1,C37H71O8P,[M]-,+HCl,12,6.453931872297972,47.013662579287306,0.21468926553672316,0.21468926553672316,0.03434197352319501,0.05216973193893497,0.023264879423073516,0.023264879423073516,6.501869250105228,187,75.21422576904297,73.63150024414062,13312.91796875,209.62216186523438,4.138160705566406,1.5988376140594482,1.5827271938323975,47.49190773635395,18.171371231828164,2.782303090498317e-05,2.713807589316275e-05,0.00492467638105154,7.13082481524907e-05,1.8002880324274884e-06,6.952925559744472e-07,6.849547844467452e-07,0.027803986431450257,0.02777303144884159
2021-07-30_02h22m33s_C37H71O8P_[M]-__12,2021-07-30_02h22m33s,PA 16:0-18:1,C37H71O8P,[M]-,,12,65.96536750997889,199363.16311030483,0.6666666666666666,0.4124293785310734,0.0040827678273445325,0.0073025604038946985,0.00010631323422577388,0.00010631323422577388,66.18566618566618,2,20854.431640625,20854.35546875,3691234.25,40785.3984375,8.45953369140625,0.1036052405834198,0.07588206976652145,271252.2139941936,2464.9073452432203,0.007502898573875427,0.007502870634198189,1.3280130624771118,0.013223715126514435,3.270846718805842e-06,4.277832132970616e-08,2.7881414510488867e-08,7.502689388282649,7.478437750298071
2021-07-30_02h22m33s_C37H71O8P_+Cl_-H2_12,2021-07-30_02h22m33s,PA 16:0-18:1,C37H71O8P,+Cl,-H2,12,31.96425275262506,1332.3145278145703,0.3728813559322034,0.3728813559322034,0.0031594170653020358,0.0037264094242096405,0.0016655740028704573,0.0016655740028704573,31.898336696469496,64,137.83547973632812,137.7313995361328,24396.87890625,265.49383544921875,0.2575168311595917,0.10245566070079803,0.10408429801464081,1311.6657991770023,533.1779718870117,5.0097747589461505e-05,5.005226921639405e-05,0.008867301046848297,8.713531133253127e-05,1.0801741012755883e-07,4.470979320103652e-08,4.547707987967442e-08,0.050095469393798275,0.05009233674497907
2021-07-30_02h22m33s_C37H71O8P_+Cl_+HCl_12,2021-07-30_02h22m33s,PA 16:0-18:1,C37H71O8P,+Cl,+HCl,12,4.138463680511807,182.5646936098942,0.04519774011299435,0.04519774011299435,0.0025475581265991766,0.005078735424930881,0.0009213813632900402,0.0009213813632900402,4.129620876193906,52,11.661238670349121,11.596768379211426,2064.039306640625,62.66596984863281,0.45543745160102844,0.06287455558776855,0.06447040289640427,178.11466180834475,25.548382652311798,4.443805210030405e-06,4.415150669956347e-06,0.0007865534862503409,2.1978254153509624e-05,1.8836459503290826e-07,2.7945214142732766e-08,2.8654508099634768e-08,0.004443677878626639,0.004442968312103552
2021-07-30_02h22m33s_C37H71O8P_-H_-H2O_12,2021-07-30_02h22m33s,PA 16:0-18:1,C37H71O8P,-H,-H2O,12,0.0,0.0,0.0,0.0,0.0027366781621982425,0.003996874624353889,0.002002232577918741,0.002002232577918741,0.0,79,0.0,-0.12122201174497604,0.0,0.0,0.2560728192329407,0.12328514456748962,0.12122201174497604,0.0,0.0,0.0,-5.298594984992633e-08,0.0,0.0,1.1050990877947697e-07,5.414941384174199e-08,5.298594984992633e-08,0.0,0.0
2021-07-30_02h22m33s_C37H71O8P_-H_+HCl_12,2021-07-30_02h22m33s,PA 16:0-18:1,C37H71O8P,-H,+HCl,12,35.29342831188485,5633.278324476984,0.3898305084745763,0.3898305084745763,0.003037045277561464,0.004357494891212886,0.0010454134698867764,0.0010454134698867764,35.50011778034527,70,403.1320495605469,403.06475830078125,71354.375,830.4285278320312,0.27431923151016235,0.07056260108947754,0.06729181110858917,5903.080369614686,1464.234980423686,0.00014316634042188525,0.000143138095154427,0.02534044161438942,0.00027430750196799636,1.1023107049368264e-07,2.9752918351277913e-08,2.8238821059289876e-08,0.14316229768737843,0.14315056078232843
2021-07-30_02h22m33s_C37H71O8P_+Cl__12,2021-07-30_02h22m33s,PA 16:0-18:1,C37H71O8P,+Cl,,12,35.29342831188485,5633.278324476984,0.3898305084745763,0.3898305084745763,0.003037045277561464,0.004357494891212886,0.0010454134698867764,0.0010454134698867764,35.50011778034527,70,403.1320495605469,403.06475830078125,71354.375,830.4285278320312,0.27431923151016235,0.07056260108947754,0.06729181110858917,5903.080369614686,1464.234980423686,0.00014316634042188525,0.000143138095154427,0.02534044161438942,0.00027430750196799636,1.1023107049368264e-07,2.9752918351277913e-08,2.8238821059289876e-08,0.14316229768737843,0.14315056078232843
2021-07-30_02h22m33s_C37H71O8P_[M]-_-CH2O2_12,2021-07-30_02h22m33s,PA 16:0-18:1,C37H71O8P,[M]-,-CH2O2,12,2.6184568915164226,4.173501859705467,0.1638418079096045,0.1638418079096045,0.0665925019468239,0.08985454982570021,0.05257189432464518,0.05257189432464518,2.6388052634589547,189,17.291969299316406,13.191147804260254,3060.678466796875,42.428916931152344,9.341717720031738,4.142275810241699,4.100821495056152,4.2156805994990485,1.850850022177237,7.14057114237221e-06,5.307464107318083e-06,0.0012638811022043228,1.779510421329178e-05,4.104022536921548e-06,1.8566167909739306e-06,1.8331070350541268e-06,0.007127505661601539,0.007111385854556365
2021-07-30_02h22m33s_C37H71O8P_[M]-_-CO2_12,2021-07-30_02h22m33s,PA 16:0-18:1,C37H71O8P,[M]-,-CO2,12,1.0657635810164827,1.1478097744788138,0.2655367231638418,0.2655367231638418,0.24096117476916232,0.24389950715230196,0.2391516203908783,0.2391516203908783,1.064281643626595,189,24.5018253326416,3.112751007080078,4336.8232421875,44.638465881347656,23.98569679260254,21.345590591430664,21.389074325561523,1.1454763999282358,1.0214755930961668,1.1812208867922891e-05,2.368264176766388e-06,0.002090760972350836,2.162749478884507e-05,1.0568080142547842e-05,9.44893963605864e-06,9.443944691156503e-06,0.011701698672863785,0.011688681940415824
2021-07-30_02h22m33s_C37H71O8P_+Cl_-CH2O3_12,2021-07-30_02h22m33s,PA 16:0-18:1,C37H71O8P,+Cl,-CH2O3,12,8.361898002831404,190.05800744237843,0.1016949152542373,0.1016949152542373,0.0028812993658916455,0.0035761509796850585,0.002161702429257402,0.002161702429257402,8.374159388978487,85,24.418123245239258,24.29197883605957,4322.0078125,120.26376342773438,0.2195805162191391,0.12747721374034882,0.1261451244354248,192.04922999340707,110.69936576347794,1.2070682714693248e-05,1.2014304957119748e-05,0.0021365107968449593,5.041047916165553e-05,9.425459523981772e-08,5.741500430644919e-08,5.637738098585032e-08,0.012070002239578487,0.012069545104604685
2021-07-30_02h22m33s_C37H71O8P_[M]-_-HPO3_12,2021-07-30_02h22m33s,PA 16:0-18:1,C37H71O8P,[M]-,-HPO3,12,1.6776702122983196,2.004811188432439,0.13559322033898305,0.13559322033898305,0.0788519301368339,0.09216852987137877,0.07082233286673636,0.07082233286673636,1.6818521763775245,189,10.600421905517578,5.330821514129639,1876.274658203125,27.845457077026367,7.454233169555664,5.286491394042969,5.2696003913879395,2.0112361246051713,1.4218766421425513,4.943931799061829e-06,2.5958463538700016e-06,0.0008750759297981858,1.344848806184018e-05,3.284003241788014e-06,2.3648528895137133e-06,2.3480854451918276e-06,0.004932350219301299,0.004927749055189868
2021-07-30_02h22m33s_C37H71O8P_-H_-H3PO4_12,2021-07-30_02h22m33s,PA 16:0-18:1,C37H71O8P,-H,-H3PO4,12,0.6174842902763705,0.622647725053628,0.05084745762711865,0.05084745762711865,0.06760485037267772,0.05965260247625916,0.07234615589063911,0.07234615589063911,0.6159801179285581,188,3.205782890319824,-1.9559435844421387,567.423583984375,13.998950004577637,4.199142932891846,5.147630214691162,5.161726474761963,0.62094765352984,0.7632556657095968,1.5432324289577082e-06,-7.102632935129805e-07,0.00027315213810652494,6.796383331675315e-06,1.8337879055252415e-06,2.2528020053869113e-06,2.2534957224706886e-06,0.001539762580568776,0.001540407648043148
2021-07-30_02h22m33s_C37H71O8P_-H_+H2_12,2021-07-30_02h22m33s,PA 16:0-18:1,C37H71O8P,-H,+H2,12,5.564008726289259,96.4693898071914,0.062146892655367235,0.062146892655367235,0.0018244521081321615,0.002614496934727732,0.0011694455764835127,0.0011694455764835127,6.017883483025003,33,9.991137504577637,9.956217765808105,1768.431396484375,43.8431510925293,0.2725570499897003,0.10256795585155487,0.03491934388875961,278.15478855960407,36.52304886660319,4.989820354239782e-06,4.9737741392164025e-06,0.0008831982268020511,2.091733222187031e-05,1.1751531303616503e-07,5.269731673251954e-08,1.604643529162786e-08,0.00498974028669515,0.004989234042839427
2021-07-30_02h22m33s_C37H71O8P_-H_-CH2O2_12,2021-07-30_02h22m33s,PA 16:0-18:1,C37H71O8P,-H,-CH2O2,12,0.0,0.0,0.0,0.0,0.0017465791522972521,0.0022538766678687344,0.0014529475344189095,0.0014529475344189095,0.0,55,0.0,-0.08816881477832794,0.0,0.0,0.14391012489795685,0.08839938789606094,0.08816881477832794,0.0,0.0,0.0,-4.1381980508958804e-08,0.0,0.0,6.083966042069733e-08,4.132806807888301e-08,4.1381980508958804e-08,0.0,0.0
2021-07-30_02h22m33s_C37H71O8P_+Cl_-H3PO4_12,2021-07-30_02h22m33s,PA 16:0-18:1,C37H71O8P,+Cl,-H3PO4,12,1.0791873845390731,3.205728370677134,0.01694915254237288,0.01694915254237288,0.0057403493158304595,0.0057398725808390436,0.0057054769034498645,0.0057054769034498645,1.082982767508943,117,1.1476681232452393,0.7952991724014282,203.13726806640625,9.002598762512207,0.3718584179878235,0.35700541734695435,0.35236892104148865,3.247790212740562,3.078026585637444,4.745903652292327e-07,3.2495870527782245e-07,8.40024949866347e-05,3.885655587509973e-06,1.610690816278293e-07,1.523875852171841e-07,1.4963165995141026e-07,0.0004745193621094012,0.000474513935705389
2021-07-30_02h22m33s_C37H71O8P_+Cl_-CH2O2_12,2021-07-30_02h22m33s,PA 16:0-18:1,C37H71O8P,+Cl,-CH2O2,12,0.0,0.0,0.0,0.0,0.0031149182333963733,0.004087029691068638,0.002551517621418573,0.002551517621418573,0.0,86,0.0,-0.15664614737033844,0.0,0.0,0.26213324069976807,0.15898345410823822,0.15664614737033844,0.0,0.0,0.0,-6.963595922115928e-08,0.0,0.0,1.1421610679462901e-07,7.075541930134932e-08,6.963595922115928e-08,0.0,0.0
2021-07-30_02h22m33s_C37H71O8P_-H_-CO2_12,2021-07-30_02h22m33s,PA 16:0-18:1,C37H71O8P,-H,-CO2,12,0.0,0.0,0.0,0.0,0.0007898542663255089,0.0007813439115278278,0.000797349256693304,0.000797349256693304,0.0,25,0.0,-0.049974992871284485,0.0,0.0,0.05002027004957199,0.04873794689774513,0.049974992871284485,0.0,0.0,0.0,-2.1338795619385564e-08,0.0,0.0,2.333753990058085e-08,2.0810588807762542e-08,2.1338795619385564e-08,0.0,0.0
2021-07-30_02h22m33s_C37H71O8P_[M]-_-CH2O3_12,2021-07-30_02h22m33s,PA 16:0-18:1,C37H71O8P,[M]-,-CH2O3,12,0.8394336931690287,0.7252200845856115,0.5988700564971752,0.5536723163841808,0.6856046278785182,0.6558480586608968,0.7034215142548328,0.7034215142548328,0.8402108545822761,189,128.69622802734375,-48.645721435546875,22779.232421875,161.29176330566406,152.9925537109375,177.45716857910156,177.34194946289062,0.7256912576289011,0.8411872585854135,6.469494110206142e-05,-1.5512239770032465e-05,0.011451004073023796,8.224152406910434e-05,6.865158502478153e-05,8.048967720242217e-05,8.020718087209389e-05,0.0598912340592206,0.060538852895222324
2021-07-30_02h22m33s_C37H71O8P_-H_-HPO3_12,2021-07-30_02h22m33s,PA 16:0-18:1,C37H71O8P,-H,-HPO3,12,0.0,0.0,0.0,0.0,0.0018467015240849927,0.0015626878230556556,0.0020199514502897034,0.0020199514502897034,0.0,47,0.0,-0.12713633477687836,0.0,0.0,0.09561481326818466,0.1239892989397049,0.12713633477687836,0.0,0.0,0.0,-5.44758336218365e-08,0.0,0.0,4.080945004147907e-08,5.312737627605202e-08,5.44758336218365e-08,0.0,0.0
2021-07-30_02h22m33s_C37H71O8P_-H_-CH2O3_12,2021-07-30_02h22m33s,PA 16:0-18:1,C37H71O8P,-H,-CH2O3,12,1.0791873845390731,3.205728370677134,0.01694915254237288,0.01694915254237288,0.0057403493158304595,0.0057398725808390436,0.0057054769034498645,0.0057054769034498645,1.082982767508943,117,1.1476681232452393,0.7952991724014282,203.13726806640625,9.002598762512207,0.3718584179878235,0.35700541734695435,0.35236892104148865,3.247790212740562,3.078026585637444,4.745903652292327e-07,3.2495870527782245e-07,8.40024949866347e-05,3.885655587509973e-06,1.610690816278293e-07,1.523875852171841e-07,1.4963165995141026e-07,0.0004745193621094012,0.000474513935705389
2021-07-30_02h22m33s_C37H71O8P_+Cl_-HPO3_12,2021-07-30_02h22m33s,PA 16:0-18:1,C37H71O8P,+Cl,-HPO3,12,0.0,0.0,0.0,0.0,0.0007898542663255089,0.0007813439115278278,0.000797349256693304,0.000797349256693304,0.0,25,0.0,-0.049974992871284485,0.0,0.0,0.05002027004957199,0.04873794689774513,0.049974992871284485,0.0,0.0,0.0,-2.1338795619385564e-08,0.0,0.0,2.333753990058085e-08,2.0810588807762542e-08,2.1338795619385564e-08,0.0,0.0
2021-07-30_02h22m33s_C17H20N4O6_-H_+HCl_141,2021-07-30_02h22m33s,Riboflavin,C17H20N4O6,-H,+HCl,141,82.05445256860247,11441.580858894311,0.9717514124293786,0.672316384180791,0.003437534764712426,0.000991705733862243,0.0018427627265800803,0.0018427627265800803,97.17514124293785,4,11693.2373046875,11693.2373046875,2069703.0,20836.544921875,1.4782248735427856,1.0209949016571045,0.0,11693237.3046875,7904.976122178006,0.004192925989627838,0.004192925989627838,0.7421479225158691,0.006259692832827568,5.234256263975112e-07,4.7099720745791274e-07,0.0,4.192925989627838,4.190732452868631
2021-07-30_02h22m33s_C17H20N4O6_+Cl__141,2021-07-30_02h22m33s,Riboflavin,C17H20N4O6,+Cl,,141,82.05445256860247,11441.580858894311,0.9717514124293786,0.672316384180791,0.003437534764712426,0.000991705733862243,0.0018427627265800803,0.0018427627265800803,97.17514124293785,4,11693.2373046875,11693.2373046875,2069703.0,20836.544921875,1.4782248735427856,1.0209949016571045,0.0,11693237.3046875,7904.976122178006,0.004192925989627838,0.004192925989627838,0.7421479225158691,0.006259692832827568,5.234256263975112e-07,4.7099720745791274e-07,0.0,4.192925989627838,4.190732452868631
2021-07-30_02h22m33s_C17H20N4O6_-H__141,2021-07-30_02h22m33s,Riboflavin,C17H20N4O6,-H,,141,69.19812714425231,4962.507612373011,0.9887005649717514,0.7627118644067796,0.005551229280231394,0.0024642384902031494,0.004287967113772879,0.004287967113772879,98.87005649717514,6,11986.525390625,11986.525390625,2121615.0,19324.72265625,2.673433303833008,2.414417028427124,0.0,11986525.390625,4481.893556083775,0.004460509866476059,0.004460509866476059,0.7895102500915527,0.0058531612157821655,9.824829021454207e-07,1.14783597382484e-06,0.0,4.460509866476059,4.456131793179553
2021-07-30_02h22m33s_C17H20N4O6_[M]-_-H2O_141,2021-07-30_02h22m33s,Riboflavin,C17H20N4O6,[M]-,-H2O,141,1.1610333034326308,3.9899587765885554,0.9378531073446328,0.9378531073446328,0.7910557347869619,0.7788796730376247,0.7977745096302071,0.7977745096302071,1.1604986866663263,189,660.6349487304688,494.57720947265625,116932.390625,760.612548828125,158.39012145996094,165.57337951660156,166.05772399902344,3.9783212397462107,4.170908966620758,0.00026866476400755346,0.0001884089724626392,0.047553662210702896,0.0002326632966287434,7.45444922358729e-05,7.987255958141759e-05,8.025579882087186e-05,0.24870476446486864,0.2500266540369358
2021-07-30_02h22m33s_C17H20N4O6_-H_-H2_141,2021-07-30_02h22m33s,Riboflavin,C17H20N4O6,-H,-H2,141,2.065143525617791,13.319890240537115,0.5310734463276836,0.5310734463276836,0.26385582378462563,0.2907500901550667,0.2471605507025533,0.2471605507025533,2.0625903466494524,189,263.1676330566406,243.40065002441406,46580.671875,555.2235717773438,28.169763565063477,19.756492614746094,19.76698875427246,13.312817825220693,9.341870782054807,9.596522431820631e-05,8.667772635817528e-05,0.01698584482073784,0.00017064368876162916,1.2849950508098118e-05,9.266683264286257e-06,9.287498869525734e-06,0.09508214896716172,0.09474772079523247
2021-07-30_02h22m33s_C17H20N4O6_+Cl_-H2_141,2021-07-30_02h22m33s,Riboflavin,C17H20N4O6,+Cl,-H2,141,16.788140875822638,187.92102471122962,0.4915254237288136,0.4915254237288136,0.02953609967738347,0.04447649957927636,0.019278133139606995,0.019278133139606995,17.020229461676315,189,206.59974670410156,205.5255889892578,36568.15625,400.26953125,2.767972230911255,1.0983966588974,1.0741502046585083,192.1589614259733,74.61242998313155,7.279979035956785e-05,7.232691132230684e-05,0.01288556307554245,0.00012241571675986052,1.1536538977452437e-06,4.830496322938416e-07,4.7287721827160567e-07,0.07276538126848714,0.07271590137651678
2021-07-30_02h22m33s_C17H20N4O6_-H_-CH2O3_141,2021-07-30_02h22m33s,Riboflavin,C17H20N4O6,-H,-CH2O3,141,0.9893276144404662,1.0336964946055232,0.4124293785310734,0.4124293785310734,0.4284125041717655,0.46501983411467723,0.40687846625440754,0.40687846625440754,0.9862564377207103,189,33.25419235229492,0.932159423828125,5885.9921875,43.379844665527344,44.61091232299805,32.16917037963867,32.3220329284668,1.02880792238429,0.7454106004586568,1.499932932347292e-05,-1.3673807188752107e-06,0.002654881216585636,2.040614162979182e-05,2.1556621504714713e-05,1.6259707990684547e-05,1.636671004234813e-05,0.014757792807723854,0.014682817386450366
2021-07-30_02h22m33s_C17H20N4O6_[M]-_+H2_141,2021-07-30_02h22m33s,Riboflavin,C17H20N4O6,[M]-,+H2,141,6.819262934606313,319.5112015331563,0.2711864406779661,0.24293785310734464,0.032595394370897764,0.03612213006370958,0.029767705583216685,0.029767705583216685,6.892532737299681,3,1877.0323486328125,1871.3017578125,332234.71875,6092.82470703125,7.05128288269043,5.87369966506958,5.730576038360596,327.4897403559005,266.1595372528121,0.0006306955474428833,0.0006280816742219031,0.11163310706615448,0.0017881686799228191,3.269560011176509e-06,2.6650220661394997e-06,2.6138968678424135e-06,0.6290512722925256,0.6286401706794107
2021-07-30_02h22m33s_C17H20N4O6_+Cl_+H2_141,2021-07-30_02h22m33s,Riboflavin,C17H20N4O6,+Cl,+H2,141,0.21581215513007673,0.2903132258839497,0.01694915254237288,0.005649717514124294,0.0803426410056736,0.10070320952037505,0.06853659833088223,0.06853659833088223,0.2181291545756291,176,1.0377092361450195,-2.4908902645111084,183.67453002929688,8.065354347229004,5.8595871925354,3.5734469890594482,3.528599500656128,0.29400197839786546,0.17706574478863557,5.768345658907492e-07,-1.009354264169815e-06,0.00010209971514996141,4.412234375195112e-06,2.561475639595301e-06,1.6063125940490863e-06,1.586188886903983e-06,0.0005759210463273307,0.0005753607932348998
2021-07-30_02h22m33s_C17H20N4O6_[M]-_+C12H14N2_141,2021-07-30_02h22m33s,Riboflavin,C17H20N4O6,[M]-,+C12H14N2,141,2.3806950967124427,3.402196948043989,0.3050847457627119,0.3050847457627119,0.11555234175102903,0.11013943983651882,0.11814944096957669,0.11814944096957669,2.38250391750812,189,25.593774795532227,18.07612419128418,4530.09814453125,43.66439437866211,7.047137260437012,7.521719932556152,7.517650604248047,3.4040383231894977,3.631282117503102,9.91503202385502e-06,6.620428393944167e-06,0.0017549607437103987,1.5947174688335508e-05,3.0125588637019973e-06,3.2895254662435036e-06,3.2946036299108528e-06,0.009882473191804802,0.0098852521199611
2021-07-30_02h22m33s_C17H20N4O6_-H_+C12H14N2_141,2021-07-30_02h22m33s,Riboflavin,C17H20N4O6,-H,+C12H14N2,141,2.678251966957246,5.81360853634033,0.14689265536723164,0.14689265536723164,0.04755812659917677,0.05162880153864647,0.044846465970905615,0.044846465970905615,2.6721659603469328,189,15.799403190612793,13.073424339294434,2796.494384765625,47.74049758911133,3.1857895851135254,2.716658592224121,2.7259788513183594,5.793738804748912,4.957780477385977,5.890990905754734e-06,4.720059678220423e-06,0.0010427053784951568,1.6095307728392072e-05,1.3262235825095559e-06,1.1663611303447396e-06,1.1709312275343109e-06,0.005884101028114947,0.005883188482448961
2021-07-30_02h22m33s_C17H20N4O6_+Cl_+HCl_141,2021-07-30_02h22m33s,Riboflavin,C17H20N4O6,+Cl,+HCl,141,1.189566128084284,1.2585605378113018,0.1864406779661017,0.1864406779661017,0.15538992101457336,0.16991224906839764,0.1467299821039389,0.1467299821039389,1.1930633883347082,189,14.57281494140625,3.0381107330322266,2579.38818359375,32.170936584472656,13.900282859802246,11.577954292297363,11.534704208374023,1.2632791789882685,1.0483072021752644,6.094297532399651e-06,1.1279062164248899e-06,0.0010786906350404024,1.3643625607073773e-05,5.8850405366683844e-06,4.978201104677282e-06,4.966391315974761e-06,0.006064180439327271,0.00605864217758738
2021-07-30_02h22m33s_C17H20N4O6_-H_-NH3_141,2021-07-30_02h22m33s,Riboflavin,C17H20N4O6,-H,-NH3,141,0.4457514717774835,0.49420360665218116,0.096045197740113,0.096045197740113,0.2132384024919346,0.22704050967664383,0.20546804401367896,0.20546804401367896,0.4448486585252176,188,8.839481353759766,-9.085105895996094,1564.5882568359375,28.960678100585938,20.9732723236084,17.88531494140625,17.92458724975586,0.4931208797011744,0.42144400613174776,3.8931311792111956e-06,-4.638991413230542e-06,0.0006890842341817915,1.2877739209216088e-05,9.804887667996809e-06,8.496164809912443e-06,8.532122592441738e-06,0.0038601955178223413,0.003855330100651263
2021-07-30_02h22m33s_C17H20N4O6_-H_-CO2_141,2021-07-30_02h22m33s,Riboflavin,C17H20N4O6,-H,-CO2,141,1.4445370177448227,1.557349227514816,0.1807909604519774,0.1807909604519774,0.12657692735565693,0.14566053612213006,0.11515495153888407,0.11515495153888407,1.4421402753121055,189,11.842029571533203,4.234046936035156,2096.039306640625,25.907958984375,10.095603942871094,7.602965354919434,7.607982635498047,1.5563223283342507,1.1728725459112914,5.452079221868189e-06,1.7189195204991847e-06,0.0009650179999880493,1.224718289449811e-05,4.751916094392072e-06,3.725905799001339e-06,3.7331597013690043e-06,0.005431801439627932,0.005426293928416843
2021-07-30_02h22m33s_C17H20N4O6_+Cl_-CH2O2_141,2021-07-30_02h22m33s,Riboflavin,C17H20N4O6,+Cl,-CH2O2,141,0.6578078093303878,0.6855740465833023,0.07344632768361582,0.07344632768361582,0.1044832573144955,0.10944825099170573,0.10165317079221078,0.10165317079221078,0.6546630242969376,189,4.841874599456787,-2.2639312744140625,857.0117797851562,17.471790313720703,7.683019638061523,7.061511516571045,7.10580587387085,0.6813010915717573,0.6301226216905225,2.3525487904407782e-06,-9.559946647641482e-07,0.0004164011334069073,8.565753887523897e-06,3.4370327739452478e-06,3.2834063858899754e-06,3.3085434552049264e-06,0.0023447909476969515,0.0023444906990698652
2021-07-30_02h22m33s_C17H20N4O6_[M]-_-CH2O2_141,2021-07-30_02h22m33s,Riboflavin,C17H20N4O6,[M]-,-CH2O2,141,0.7857427720944298,0.8233323772711733,0.1016949152542373,0.1016949152542373,0.12409611747691623,0.13213727611491766,0.11942519978028598,0.11942519978028598,0.7890178351578521,189,6.539470672607422,-1.3655948638916016,1157.486328125,20.02273178100586,9.257929801940918,7.941686153411865,7.905065536499023,0.8271460238240373,0.7062879633493468,3.030178959306795e-06,-8.367251211893745e-07,0.0005363416858017445,9.385097655467689e-06,4.40745225205319e-06,3.879576979670674e-06,3.86690408049617e-06,0.003018506683495382,0.0030168821950819023
2021-07-30_02h22m33s_C17H20N4O6_-H_-CH2O2_141,2021-07-30_02h22m33s,Riboflavin,C17H20N4O6,-H,-CH2O2,141,1.0858567243425055,1.3322820771729105,0.3728813559322034,0.3728813559322034,0.35694738013127153,0.3968025003005169,0.33339830253202685,0.33339830253202685,1.0837679485052463,189,30.437864303588867,7.557720184326172,5387.501953125,42.545955657958984,31.28447723388672,22.84541130065918,22.880144119262695,1.3302597171250925,0.9729071439773415,1.4433266187552363e-05,3.2818434192449786e-06,0.002554688137024641,2.100605888699647e-05,1.4498406017082743e-05,1.1113858818134759e-05,1.1151422768307384e-05,0.014274089777807258,0.01422699740280255
2021-07-30_02h22m33s_C17H20N4O6_+Cl_-CH2O3_141,2021-07-30_02h22m33s,Riboflavin,C17H20N4O6,+Cl,-CH2O3,141,1.1980059947675246,1.252875673201387,0.12429378531073447,0.12429378531073447,0.09678495939481589,0.10178507032095203,0.0937505537147616,0.0937505537147616,1.2000155209024483,189,10.760673522949219,2.181987762451172,1904.6392822265625,29.87939453125,9.628515243530273,8.587779998779297,8.578685760498047,1.2542036880293117,1.1174678320571672,4.883733708993532e-06,9.326690815214533e-07,0.0008644208428449929,1.3614415365736932e-05,4.2145661609538365e-06,3.949292931793025e-06,3.9510646274720784e-06,0.004864513700979737,0.004863237273746908
2021-07-30_02h22m33s_C17H20N4O6_[M]-_+HCl_141,2021-07-30_02h22m33s,Riboflavin,C17H20N4O6,[M]-,+HCl,141,69.48002687754392,9202.960574875677,0.847457627118644,0.6045197740112994,0.004194014907108689,0.003095323957206395,0.002197140173999327,0.002197140173999327,83.08511714344807,6,2289.764404296875,2289.744873046875,405288.3125,4307.4033203125,0.5311974287033081,0.2478073686361313,0.019411960616707802,112177.58290316483,4302.47175352924,0.0008094264194369316,0.0008094175718724728,0.14326848089694977,0.001291801338084042,2.0775350151325256e-07,1.1372419095323494e-07,8.830589592889737e-09,0.8094192717875338,0.8092582931928921
2021-07-30_02h22m33s_C17H20N4O6_-H_-H2O_141,2021-07-30_02h22m33s,Riboflavin,C17H20N4O6,-H,-H2O,141,2.123991728900646,5.245889319395012,0.6779661016949152,0.6779661016949152,0.3285015018355768,0.3593881476138959,0.30919432287329235,0.30919432287329235,2.1230864530853006,189,243.43637084960938,196.88565063476562,43088.23828125,296.7505187988281,58.81226348876953,46.40416717529297,46.550724029541016,5.2293739045009024,4.139140670132917,9.801118721952662e-05,7.472220750059932e-05,0.01734798029065132,9.689753642305732e-05,2.7977181161986664e-05,2.31706872000359e-05,2.3288976080948487e-05,0.09578055613859493,0.0953437381837002
2021-07-30_02h22m33s_C17H21N4O9P_+Cl_-HPO3_97,2021-07-30_02h22m33s,Flavin mononucleotide,C17H21N4O9P,+Cl,-HPO3,97,12.880640810187598,183.87331186836272,0.15254237288135594,0.062146892655367235,0.003437534764712426,0.005349200625075129,0.0018427627265800803,0.0018427627265800803,12.82996974845634,4,187.91758728027344,186.8706817626953,33261.4140625,539.2442016601562,62.67673873901367,1.0209949016571045,1.046909213066101,179.32620969181212,2.9981551833379148,6.710727029712871e-05,6.662432133452967e-05,0.01187798660248518,0.00019441935000941157,2.246927033411339e-05,4.7099720745791274e-07,4.829518047699821e-07,0.06707487636453373,0.06563255468323267
2021-07-30_02h22m33s_C17H21N4O9P_[M]-__97,2021-07-30_02h22m33s,Flavin mononucleotide,C17H21N4O9P,[M]-,,97,80.3053368835641,22672.900316970994,0.8870056497175142,0.536723163841808,0.0035376571365001667,0.0030652722683014787,0.0010454134698867764,0.0010454134698867764,87.27349116991773,2,10741.51171875,10741.44140625,1901247.5,21285.685546875,6.194657802581787,0.4727599322795868,0.07036828994750977,150508.18404995004,1733.7161058627082,0.003995086066424847,0.003995052073150873,0.7071302533149719,0.007175812032073736,2.360906819376396e-06,2.1380417081218184e-07,3.3805644505946475e-08,3.9949510145310305,3.985676256171824
2021-07-30_02h22m33s_C17H21N4O9P_-H_-CO2_97,2021-07-30_02h22m33s,Flavin mononucleotide,C17H21N4O9P,-H,-CO2,97,12.880640810187598,183.87331186836272,0.15254237288135594,0.062146892655367235,0.003437534764712426,0.005349200625075129,0.0018427627265800803,0.0018427627265800803,12.82996974845634,4,187.91758728027344,186.8706817626953,33261.4140625,539.2442016601562,62.67673873901367,1.0209949016571045,1.046909213066101,179.32620969181212,2.9981551833379148,6.710727029712871e-05,6.662432133452967e-05,0.01187798660248518,0.00019441935000941157,2.246927033411339e-05,4.7099720745791274e-07,4.829518047699821e-07,0.06707487636453373,0.06563255468323267
2021-07-30_02h22m33s_C17H21N4O9P_-H_+H2_97,2021-07-30_02h22m33s,Flavin mononucleotide,C17H21N4O9P,-H,+H2,97,77.6826935042528,31741.342708723547,0.8305084745762712,0.480225988700565,0.0032372900211369454,0.003155427335016228,0.0006910360224675301,0.0006910360224675301,82.45163499400788,2,6671.26904296875,6671.248046875,1180814.625,13632.9033203125,4.5341105461120605,0.20917601883411407,0.020925389602780342,304271.4024166198,1471.026775452698,0.002455302746966481,0.002455292036756873,0.43458858132362366,0.004535832442343235,1.7087305650420603e-06,9.534685574408286e-08,1.0624401802772354e-08,2.4552766611206964,2.451114452782595
2021-07-30_02h22m33s_C17H21N4O9P_-H_-HPO3_97,2021-07-30_02h22m33s,Flavin mononucleotide,C17H21N4O9P,-H,-HPO3,97,13.048789690059007,90.3381475574214,0.1864406779661017,0.07344632768361582,0.005551229280231394,0.006731578314701286,0.004287967113772879,0.004287967113772879,12.950145021774656,6,218.2042999267578,215.72860717773438,38622.16015625,592.7620239257812,65.27088928222656,2.414417028427124,2.475698709487915,88.10288433181039,3.3430057307407295,7.96479289419949e-05,7.847095548640937e-05,0.014097684063017368,0.00021524135081563145,2.428494371997658e-05,1.14783597382484e-06,1.1769700449804077e-06,0.07955429591874903,0.07775954282089828
2021-07-30_02h22m33s_C17H21N4O9P_-H_-CH2O2_97,2021-07-30_02h22m33s,Flavin mononucleotide,C17H21N4O9P,-H,-CH2O2,97,5.403079822103837,12.596453869511079,0.15819209039548024,0.15819209039548024,0.02953609967738347,0.046249549224666425,0.019278133139606995,0.019278133139606995,5.433657423469317,189,13.848499298095703,12.758199691772461,2451.184326171875,37.96800231933594,3.7932448387145996,1.0983966588974,1.0902999639511108,12.689910891187479,3.649869707087023,5.663997853844194e-06,5.183686425880296e-06,0.0010025276569649577,1.5482728485949337e-05,1.5107591480045812e-06,4.830496322938416e-07,4.803115984941542e-07,0.005661278676033787,0.0056554538252415925
2021-07-30_02h22m33s_C17H21N4O9P_-H__97,2021-07-30_02h22m33s,Flavin mononucleotide,C17H21N4O9P,-H,,97,5.5610357595380435,32405.916951987863,0.05649717514124294,0.03389830508474576,0.00047836244298587164,0.000721240533717995,0.0001594698513386608,0.0001594698513386608,5.598855815221483,2,2908.78515625,2908.734619140625,514854.96875,17959.1171875,3.178086519241333,0.08876092731952667,0.050563231110572815,56412.00315807141,914.9751473087185,0.0010150894522666931,0.0010150667512789369,0.17967082560062408,0.006357037462294102,1.173638793261489e-06,4.068404635404477e-08,2.2728153581397237e-08,1.0150663816820749,1.0138995004804607
2021-07-30_02h22m33s_C17H21N4O9P_+Cl_+C12H14N2_97,2021-07-30_02h22m33s,Flavin mononucleotide,C17H21N4O9P,+Cl,+C12H14N2,97,0.4994800935893491,3.87530938510044,0.005649717514124294,0.005649717514124294,0.0033262876849482702,0.006731578314701286,0.001311196555451211,0.001311196555451211,0.5004191373952384,112,0.30444222688674927,0.22860440611839294,53.88627624511719,4.038883209228516,0.6051474213600159,0.0775594636797905,0.07583782076835632,3.9621403085409463,0.5022577283322773,1.0987501752879325e-07,7.642238131211343e-08,1.9447878003120422e-05,1.4576569355995161e-06,2.784413766221405e-07,3.395956227336683e-08,3.345263266396614e-08,0.00010987134204314758,0.00010984443229385107
2021-07-30_02h22m33s_C17H21N4O9P_[M]-_-H3PO4_97,2021-07-30_02h22m33s,Flavin mononucleotide,C17H21N4O9P,[M]-,-H3PO4,97,1.0980857146923075,3.7191271807316384,0.8870056497175142,0.8870056497175142,0.7910557347869619,0.7791501382377689,0.7977745096302071,0.7977745096302071,1.096544457631484,189,615.7921752929688,449.4914245605469,108995.21875,919.2882690429688,158.62863159179688,165.57337951660156,166.30075073242188,3.7028604484373298,3.881949224200385,0.00024994846899062395,0.00016956860781647265,0.04424087703227997,0.0003212896699551493,7.464403461199254e-05,7.987255958141759e-05,8.03798611741513e-05,0.23135239555370946,0.23258722045655753
2021-07-30_02h22m33s_C17H21N4O9P_[M]-_-CH2O2_97,2021-07-30_02h22m33s,Flavin mononucleotide,C17H21N4O9P,[M]-,-CH2O2,97,2.4119776429022224,7.045423172818423,0.03954802259887006,0.03954802259887006,0.01051284903771276,0.017339824498136796,0.006396512925917395,0.006396512925917395,2.4041563550274003,164,2.5627119541168213,2.1964194774627686,453.6000061035156,12.82544994354248,1.3529210090637207,0.3627413809299469,0.3662925660610199,6.977304173619095,1.892807584017784,1.0575025726211607e-06,8.928749366532429e-07,0.00018717795319389552,5.407132903201273e-06,5.39225197826454e-07,1.6313001083290146e-07,1.646276075462083e-07,0.0010573285071586367,0.0010569326479050048
2021-07-30_02h22m33s_C17H21N4O9P_[M]-_-H2_97,2021-07-30_02h22m33s,Flavin mononucleotide,C17H21N4O9P,[M]-,-H2,97,16.761258170953724,130.89695528018282,0.3333333333333333,0.3333333333333333,0.014506619201245968,0.020645510277677605,0.00988713078299697,0.00988713078299697,16.872049537122184,180,73.9518814086914,73.39515686035156,13089.4833984375,162.7066650390625,1.3092360496520996,0.5639625787734985,0.5567269325256348,132.59514127066538,56.44164761634171,2.7401883926359005e-05,2.7173722628504038e-05,0.0048501333221793175,5.589651846094057e-05,5.278580488266016e-07,2.313050089242097e-07,2.2816131206582213e-07,0.027395633302719782,0.02738742725244715
2021-07-30_02h22m33s_C17H21N4O9P_-H_+C12H14N2_97,2021-07-30_02h22m33s,Flavin mononucleotide,C17H21N4O9P,-H,+C12H14N2,97,10.312095163884553,73.52544953660713,0.1864406779661017,0.1864406779661017,0.013015908332406274,0.020465200144248106,0.008079805801158814,0.008079805801158814,10.392642207063236,177,37.6779670715332,37.17716979980469,6669.0,97.31302642822266,1.3622270822525024,0.5114479660987854,0.5007961988449097,75.08619467079372,27.63880468782701,1.4744725376658607e-05,1.4523964637191966e-05,0.0026098163798451424,3.7504978536162525e-05,5.880300477656419e-07,2.2485447459530405e-07,2.2076089578604297e-07,0.014741471036307428,0.014736060130516182
2021-07-30_02h22m33s_C17H21N4O9P_[M]-_-NH3_97,2021-07-30_02h22m33s,Flavin mononucleotide,C17H21N4O9P,[M]-,-NH3,97,0.3592523852640161,0.3858067293067626,0.04519774011299435,0.04519774011299435,0.13158304594504394,0.15879312417357855,0.11581054981660967,0.11581054981660967,0.3588488280853974,189,3.2397916316986084,-5.178637504577637,573.443115234375,16.460660934448242,11.627396583557129,8.39644718170166,8.418429374694824,0.3847994308778248,0.2786103491069235,1.4153779375192244e-06,-2.0355312244646484e-06,0.000250521901762113,6.996177035034634e-06,4.779426944878651e-06,3.438449311943259e-06,3.4509091619838728e-06,0.001410510394276542,0.0014086454196447942
2021-07-30_02h22m33s_C17H21N4O9P_-H_-NH3_97,2021-07-30_02h22m33s,Flavin mononucleotide,C17H21N4O9P,-H,-NH3,97,1.3867399092968853,2.193606858895608,0.05084745762711865,0.05084745762711865,0.029269106685949495,0.03356773650679168,0.02666690291829828,0.02666690291829828,1.395554037995717,188,3.5409328937530518,1.9411782026290894,626.7451171875,15.559415817260742,2.135922431945801,1.6132057905197144,1.5997546911239624,2.212039679400722,1.6570245324856328,1.4248173556552501e-06,7.50749165945308e-07,0.0002521926653571427,6.312739515124122e-06,8.686640740052098e-07,6.787541337871517e-07,6.740681897099421e-07,0.0014238575785548689,0.0014235807422080483
2021-07-30_02h22m33s_C17H21N4O9P_+Cl_-H2O_97,2021-07-30_02h22m33s,Flavin mononucleotide,C17H21N4O9P,+Cl,-H2O,97,3.6061809162633702,5.9335670287440285,0.11299435028248588,0.11299435028248588,0.028190010012237178,0.03936771246544056,0.021333522334638623,0.021333522334638623,3.6086857604433233,188,7.5513014793396,6.279511451721191,1336.580322265625,21.764476776123047,2.573735475540161,1.2716411352157593,1.271789789199829,5.932874024772711,2.9328455490191243,2.744749735938967e-06,2.1977941742079565e-06,0.0004858206957578659,7.921989890746772e-06,1.0532360192883061e-06,5.460477154883847e-07,5.469555617310107e-07,0.0027432493004768566,0.002741861908217318
2021-07-30_02h22m33s_C17H21N4O9P_[M]-_+C12H14N2_97,2021-07-30_02h22m33s,Flavin mononucleotide,C17H21N4O9P,[M]-,+C12H14N2,97,8.996530533621248,35.21515681349451,0.15819209039548024,0.15819209039548024,0.00987874068305707,0.01298232960692391,0.007583677374771869,0.007583677374771869,9.000302517435633,164,16.804786682128906,16.32933235168457,2974.447265625,44.56175994873047,0.8297999501228333,0.47620323300361633,0.4754548668861389,35.27046914633541,20.22723602672861,6.625265541515546e-06,6.41298720438499e-06,0.001172672025859356,1.6876458175829612e-05,3.478085659480712e-07,2.118846111898165e-07,2.1227812396773516e-07,0.006623859441059972,0.00662296201859353
2021-07-30_02h22m33s_C17H21N4O9P_+Cl_+HCl_97,2021-07-30_02h22m33s,Flavin mononucleotide,C17H21N4O9P,+Cl,+HCl,97,0.44583304647697136,0.8324214607078799,0.011299435028248588,0.011299435028248588,0.018322394037156523,0.02341026565692992,0.015344543473253362,0.015344543473253362,0.4472963923725563,180,0.7487094402313232,-0.14563488960266113,132.52157592773438,7.005138874053955,1.6111319065093994,0.8984355330467224,0.8943443298339844,0.8362251429795168,0.4644219478618439,2.732726329668367e-07,-7.749511610199988e-08,4.836925654672086e-05,2.5572267077222932e-06,6.165226977827842e-07,3.517948528042325e-07,3.5076774906883657e-07,0.00027317681135162106,0.0002731042579929229
2021-07-30_02h22m33s_C17H21N4O9P_-H_+HCl_97,2021-07-30_02h22m33s,Flavin mononucleotide,C17H21N4O9P,-H,+HCl,97,5.242167772032718,22.611035943442104,0.0847457627118644,0.0847457627118644,0.009989987762821225,0.016077653564130306,0.006166167585094884,0.006166167585094884,5.238552088568078,168,7.942704677581787,7.591394424438477,1405.8587646484375,27.808521270751953,0.9870434999465942,0.35027557611465454,0.351310133934021,22.54463869344519,8.038820839377118,2.9223692763480358e-06,2.7730704914574744e-06,0.0005172593519091606,9.938276889442932e-06,3.835689312836621e-07,1.490240748580618e-07,1.4929877067970665e-07,0.0029219330353378514,0.002921248776076982
2021-07-30_02h22m33s_C17H21N4O9P_+Cl__97,2021-07-30_02h22m33s,Flavin mononucleotide,C17H21N4O9P,+Cl,,97,5.242167772032718,22.611035943442104,0.0847457627118644,0.0847457627118644,0.009989987762821225,0.016077653564130306,0.006166167585094884,0.006166167585094884,5.238552088568078,168,7.942704677581787,7.591394424438477,1405.8587646484375,27.808521270751953,0.9870434999465942,0.35027557611465454,0.351310133934021,22.54463869344519,8.038820839377118,2.9223692763480358e-06,2.7730704914574744e-06,0.0005172593519091606,9.938276889442932e-06,3.835689312836621e-07,1.490240748580618e-07,1.4929877067970665e-07,0.0029219330353378514,0.002921248776076982
2021-07-30_02h22m33s_C17H21N4O9P_+Cl_-CO2_97,2021-07-30_02h22m33s,Flavin mononucleotide,C17H21N4O9P,+Cl,-CO2,97,1.117471211230691,1.1868291043543644,0.1751412429378531,0.1751412429378531,0.15538992101457336,0.16997235244620748,0.1467299821039389,0.1467299821039389,1.1194200723807322,189,13.742239952087402,2.195187568664551,2432.37646484375,31.684101104736328,13.90470027923584,11.577954292297363,11.547052383422852,1.1900049892234896,0.9882450848309655,5.579349817708135e-06,6.096529432397801e-07,0.0009875448886305094,1.28400406538276e-05,5.887779479962774e-06,4.978201104677282e-06,4.9696968744683545e-06,0.005551759257080421,0.00554669211767601
2021-07-30_02h22m33s_C17H21N4O9P_-H_-H2_97,2021-07-30_02h22m33s,Flavin mononucleotide,C17H21N4O9P,-H,-H2,97,12.937626497816638,69.72545148532014,0.3446327683615819,0.3446327683615819,0.02483034820335966,0.03702368073085707,0.016638021156333612,0.016638021156333612,12.856572841684608,186,69.76271057128906,68.75476837158203,12348.0,139.43307495117188,2.3964056968688965,0.9995343685150146,1.0079437494277954,69.14430126640237,29.099251187398878,2.6295050702174194e-05,2.587676681287121e-05,0.004654224030673504,4.93982297484763e-05,9.485873420089774e-07,4.138814517773426e-07,4.1828332086879527e-07,0.02628405651972722,0.0262701311882561
2021-07-30_02h22m33s_C17H21N4O9P_+Cl_+H2_97,2021-07-30_02h22m33s,Flavin mononucleotide,C17H21N4O9P,+Cl,+H2,97,0.9970702878283647,3.2719882922395684,0.01694915254237288,0.01694915254237288,0.011436199799755256,0.018932564010097366,0.0069989545865301135,0.0069989545865301135,0.9920048446748227,177,1.6918134689331055,1.168214201927185,299.45098876953125,14.131103515625,1.309355616569519,0.5160597562789917,0.5235992670059204,3.2249634632333795,1.29111017462743,5.70255622278637e-07,3.626746263307723e-07,0.00010093524178955704,4.703246304416098e-06,5.214108114159899e-07,2.0456575100524788e-07,2.0758099594786472e-07,0.0005701372726157604,0.0005699584397860747
2021-07-30_02h22m33s_C17H21N4O9P_+Cl_-CH2O3_97,2021-07-30_02h22m33s,Flavin mononucleotide,C17H21N4O9P,+Cl,-CH2O3,97,0.528615776825738,1.0654712593840459,0.011299435028248588,0.011299435028248588,0.0196573589943264,0.03374804664022118,0.011375516062157804,0.011375516062157804,0.5268730124998325,186,0.7145231366157532,0.0417325496673584,126.47059631347656,6.729298114776611,2.2141025066375732,0.6696169972419739,0.6727905869483948,1.0604528327589684,0.32256888088685676,2.4403442466791603e-07,-3.8942971514188685e-08,4.319409345043823e-05,2.3577715637657093e-06,8.851757229422219e-07,2.814310278154153e-07,2.829773961821047e-07,0.00024396538797766756,0.00024381860236030498
2021-07-30_02h22m33s_C17H21N4O9P_[M]-_+HCl_97,2021-07-30_02h22m33s,Flavin mononucleotide,C17H21N4O9P,[M]-,+HCl,97,2.33636522227408,16.280357779988364,0.02824858757062147,0.02824858757062147,0.0032261653131605296,0.005018632047121048,0.002090826939773553,0.002090826939773553,2.3296407849670446,97,1.9629113674163818,1.8412830829620361,347.435302734375,11.721158027648926,0.3136088252067566,0.11956930160522461,0.12162833660840988,16.006996602135796,6.23921266711569,6.428828100979445e-07,5.893893444408604e-07,0.00011379025818314403,3.892559561791131e-06,1.276892049872913e-07,5.261079749629971e-08,5.349348697336609e-08,0.000642848421894262,0.0006428007313835888
2021-07-30_02h22m33s_C17H21N4O9P_+Cl_-CH2O2_97,2021-07-30_02h22m33s,Flavin mononucleotide,C17H21N4O9P,+Cl,-CH2O2,97,1.1052812270225019,1.6922737191365518,0.03954802259887006,0.03954802259887006,0.02823450884414284,0.032335617261690104,0.025780959299750165,0.025780959299750165,1.1013576016200204,186,3.5360584259033203,1.432063341140747,625.88232421875,19.294357299804688,2.7295966148376465,2.088531017303467,2.1039950847625732,1.6798416545006611,1.294976492202809,1.619580189071712e-06,5.341668156688684e-07,0.00028666568687185645,8.401145350944716e-06,1.3383145187617629e-06,1.0761763178379624e-06,1.0854133734028437e-06,0.0016178241810697643,0.0016174155783203745
2021-07-30_02h22m33s_C17H21N4O9P_[M]-_-CH2O3_97,2021-07-30_02h22m33s,Flavin mononucleotide,C17H21N4O9P,[M]-,-CH2O3,97,2.2209371107980873,3.408284669599562,0.07344632768361582,0.07344632768361582,0.030337078651685393,0.04243298473374204,0.02306997182699293,0.02306997182699293,2.214575367429722,188,4.69635534286499,3.3135502338409424,831.2548828125,17.01959991455078,2.668633222579956,1.3769234418869019,1.3828051090240479,3.3937982395347386,1.7591762430669757,2.226327978860354e-06,1.5781970432726666e-06,0.000394060043618083,8.283900569949765e-06,1.1927219247809262e-06,6.451488729908306e-07,6.481309355876874e-07,0.0022248859614405897,0.0022236757520372953
2021-07-30_02h22m33s_C17H21N4O9P_-H_-H3PO4_97,2021-07-30_02h22m33s,Flavin mononucleotide,C17H21N4O9P,-H,-H3PO4,97,1.6991933831205166,3.9048749557904445,0.5423728813559322,0.5423728813559322,0.3285015018355768,0.3601093881476139,0.30919432287329235,0.30919432287329235,1.6963985242041726,189,181.2063751220703,134.57504272460938,32073.52734375,252.97491455078125,59.143272399902344,46.40416717529297,46.63133239746094,3.885852707893649,3.0638025926982158,7.597232615808025e-05,5.264736682875082e-05,0.013447102159261703,9.364439029013738e-05,2.8094409572076984e-05,2.31706872000359e-05,2.332495932932943e-05,0.07424066565118403,0.07389625451781433
2021-07-30_02h22m33s_C17H21N4O9P_[M]-_-CO2_97,2021-07-30_02h22m33s,Flavin mononucleotide,C17H21N4O9P,[M]-,-CO2,97,10.190403942039776,123.50007946228111,0.12429378531073447,0.05084745762711865,0.004194014907108689,0.006941940137035701,0.002197140173999327,0.002197140173999327,10.144024234138234,6,30.72772979736328,30.4736328125,5438.80810546875,100.16915893554688,12.54734992980957,0.2478073686361313,0.2540971338748932,120.45501778327711,2.448746645514499,1.139288997364929e-05,1.1276279110461473e-05,0.0020165415480732918,3.739594467333518e-05,4.452613211469725e-06,1.1372419095323494e-07,1.1661069265755941e-07,0.011391561595761157,0.011342386712722622
2021-07-30_02h22m33s_C5H12N2O2_-H__161,2021-07-30_02h22m33s,Ornithine,C5H12N2O2,-H,,161,19.974567141483607,190.84482669706082,0.24858757062146894,0.05649717514124294,0.0063188341306040716,0.011599951917297752,0.002445204387192799,0.002445204387192799,23.332457445485137,6,378.48822021484375,377.90911865234375,66992.4140625,1024.3885498046875,133.0494384765625,1.982224941253662,0.5791102647781372,652.4418600998146,2.8446972783296487,0.00015492971579078585,0.00015467178309336305,0.027422558516263962,0.00038791989209130406,5.4300686315400526e-05,9.211787528329296e-07,2.579329532181873e-07,0.15488976461637508,0.14695021809407954
2021-07-30_02h22m33s_C5H12N2O2_-H_-H2_161,2021-07-30_02h22m33s,Ornithine,C5H12N2O2,-H,-H2,161,0.8964480013063042,6.6815464086744365,0.011299435028248588,0.011299435028248588,0.005484481032372901,0.01033778098329126,0.0026046742385314597,0.0026046742385314597,0.8981870031771043,111,0.9919131994247437,0.8458001017570496,175.56863403320312,9.537043571472168,1.062517523765564,0.147455632686615,0.14611311256885529,6.742520650295435,0.9326721725399568,3.567434987417073e-07,2.843767674676201e-07,6.31435977993533e-05,3.390877054698649e-06,4.6025178335185046e-07,7.273716562394839e-08,7.236673127408721e-08,0.0003567176842489105,0.00035657938244503044
2021-07-30_02h22m33s_C5H12N2O2_+Cl_+C12H14N2_161,2021-07-30_02h22m33s,Ornithine,C5H12N2O2,+Cl,+C12H14N2,161,1.042882666372033,1.107292545759148,0.6271186440677966,0.6271186440677966,0.5923906997441317,0.5940016828945787,0.5913319276361252,0.5913319276361252,1.044579909428643,189,108.28594970703125,10.551681518554688,19166.61328125,93.87010955810547,102.03182220458984,97.79244232177734,97.73426818847656,1.1079516300933285,1.061285450772919,4.8163594328798354e-05,5.248475645203143e-07,0.008524956181645393,4.509997597779147e-05,4.9670488806441426e-05,4.753461689688265e-05,4.763874676427804e-05,0.045973475568325185,0.04588448931584633
2021-07-30_02h22m33s_C5H12N2O2_-H_+HCl_161,2021-07-30_02h22m33s,Ornithine,C5H12N2O2,-H,+HCl,161,0.7984888861639715,1.3437329944576228,0.4293785310734463,0.4293785310734463,0.5315941706530204,0.5386765236206275,0.5277388946967415,0.5277388946967415,0.7915891419432558,189,483.7172546386719,123.110595703125,85617.953125,597.4292602539062,443.2446594238281,359.97918701171875,360.6066589355469,1.3413948446533939,1.091307369523827,0.00021017884137108922,3.5815712180919945e-05,0.0372016541659832,0.00028180930530652404,0.00021662276412826031,0.00017360039055347443,0.00017436312919016927,0.17897261600509098,0.17275596640811455
2021-07-30_02h22m33s_C5H12N2O2_+Cl__161,2021-07-30_02h22m33s,Ornithine,C5H12N2O2,+Cl,,161,0.7984888861639715,1.3437329944576228,0.4293785310734463,0.4293785310734463,0.5315941706530204,0.5386765236206275,0.5277388946967415,0.5277388946967415,0.7915891419432558,189,483.7172546386719,123.110595703125,85617.953125,597.4292602539062,443.2446594238281,359.97918701171875,360.6066589355469,1.3413948446533939,1.091307369523827,0.00021017884137108922,3.5815712180919945e-05,0.0372016541659832,0.00028180930530652404,0.00021662276412826031,0.00017360039055347443,0.00017436312919016927,0.17897261600509098,0.17275596640811455
2021-07-30_02h22m33s_C5H12N2O2_[M]-_+C12H14N2_161,2021-07-30_02h22m33s,Ornithine,C5H12N2O2,[M]-,+C12H14N2,161,0.0,0.0,0.0,0.0,0.004182890199132273,0.004417598269022719,0.0040576217729503695,0.0040576217729503695,0.0,94,0.0,-0.232352152466774,0.0,0.0,0.26953819394111633,0.23432853817939758,0.232352152466774,0.0,0.0,0.0,-1.1435718505481418e-07,0.0,0.0,1.3004898846702417e-07,1.1471718153188704e-07,1.1435718505481418e-07,0.0,0.0
2021-07-30_02h22m33s_C5H12N2O2_[M]-_+HCl_161,2021-07-30_02h22m33s,Ornithine,C5H12N2O2,[M]-,+HCl,161,0.9347848444884604,1.55447966956104,0.07909604519774012,0.07909604519774012,0.07431304928245634,0.0737768962615699,0.0746141715541223,0.0746141715541223,0.9346326447486503,189,10.298615455627441,3.717705249786377,1822.85498046875,39.15312194824219,7.5271148681640625,6.624120712280273,6.5809102058410645,1.5646848913994627,1.3680204986217275,4.226733835821506e-06,1.0483145160833374e-06,0.0007481318898499012,1.6471043636556715e-05,3.5396035400481196e-06,3.1891718208498787e-06,3.1784193197381683e-06,0.004213342067991934,0.004211825642865952
2021-07-30_02h22m33s_C5H12N2O2_+Cl_-H2O_161,2021-07-30_02h22m33s,Ornithine,C5H12N2O2,+Cl,-H2O,161,1.0580952919585154,0.8994542902362145,0.8870056497175142,0.8870056497175142,0.8265435532317277,0.8232359658612814,0.8283041267253752,0.8283041267253752,1.0620562952510013,189,654.4872436523438,-68.28265380859375,115844.2421875,395.30108642578125,574.1480102539062,727.6482543945312,722.7698974609375,0.9055251753377574,1.1399257544011259,0.000301001884508878,-6.724448758177459e-05,0.053277336061000824,0.00020358902111183852,0.0002913371135946363,0.0003693366888910532,0.0003682463720906526,0.21999099770968386,0.2330931879367989
2021-07-30_02h22m33s_C5H12N2O2_[M]-_+H2_161,2021-07-30_02h22m33s,Ornithine,C5H12N2O2,[M]-,+H2,161,0.0,0.0,0.0,0.0,0.00037824007119813106,0.0004207236446688304,0.00035437744741924625,0.00035437744741924625,0.0,13,0.0,-0.0200970321893692,0.0,0.0,0.023489462211728096,0.020535757765173912,0.0200970321893692,0.0,0.0,0.0,-8.917696803223407e-09,0.0,0.0,9.753048146876608e-09,9.13547371084178e-09,8.917696803223407e-09,0.0,0.0
2021-07-30_02h22m33s_C5H12N2O2_-H_-NH3_161,2021-07-30_02h22m33s,Ornithine,C5H12N2O2,-H,-NH3,161,0.0,0.0,0.0,0.0,0.0008677272221604183,0.001652842889770405,0.0004075340645321332,0.0004075340645321332,0.0,34,0.0,-0.02643462084233761,0.0,0.0,0.11209869384765625,0.02669587731361389,0.02643462084233761,0.0,0.0,0.0,-1.2620484213243799e-08,0.0,0.0,5.0280622332365965e-08,1.266345872608099e-08,1.2620484213243799e-08,0.0,0.0
2021-07-30_02h22m33s_C5H12N2O2_+Cl_+H2_161,2021-07-30_02h22m33s,Ornithine,C5H12N2O2,+Cl,+H2,161,1.2895712047785526,1.5706074507267407,0.4067796610169492,0.4067796610169492,0.31896762709978865,0.3414472893376608,0.30543792193064834,0.30543792193064834,1.2986353715670698,189,45.67161178588867,16.950450897216797,8083.875,59.15092849731445,33.72127914428711,29.07794761657715,28.721160888671875,1.5901175389593238,1.35434534511959,2.058570862573106e-05,6.979472345847171e-06,0.0036436705850064754,2.8371303415042348e-05,1.614690881979186e-05,1.3728331396123394e-05,1.3606236279883888e-05,0.020309374477888265,0.020258594940411143
2021-07-30_02h22m33s_C5H12N2O2_-H_+H2_161,2021-07-30_02h22m33s,Ornithine,C5H12N2O2,-H,+H2,161,0.0,0.0,0.0,0.0,0.00044498831905662476,0.0005108787113835797,0.0004075340645321332,0.0004075340645321332,0.0,17,0.0,-0.022711435332894325,0.0,0.0,0.028398727998137474,0.0221464354544878,0.022711435332894325,0.0,0.0,0.0,-9.919366661392814e-09,0.0,0.0,1.1788481302232867e-08,9.67259961015543e-09,9.919366661392814e-09,0.0,0.0
2021-07-30_02h22m33s_C5H12N2O2_-H_-CO2_161,2021-07-30_02h22m33s,Ornithine,C5H12N2O2,-H,-CO2,161,0.0,0.0,0.0,0.0,0.00011124707976415619,0.00015025844452458227,8.859436185481156e-05,8.859436185481156e-05,0.0,5,0.0,-0.004727858584374189,0.0,0.0,0.009234236553311348,0.004610241856426001,0.004727858584374189,0.0,0.0,0.0,-1.9991988065015676e-09,0.0,0.0,3.780088242422153e-09,1.9494641456674344e-09,1.9991988065015676e-09,0.0,0.0
2021-07-30_02h22m33s_C5H12N2O2_+Cl_-CO2_161,2021-07-30_02h22m33s,Ornithine,C5H12N2O2,+Cl,-CO2,161,0.0,0.0,0.0,0.0,0.001601957948603849,0.001983411467724486,0.0013820720449350603,0.0013820720449350603,0.0,54,0.0,-0.0778198391199112,0.0,0.0,0.11174137145280838,0.07927131652832031,0.0778198391199112,0.0,0.0,0.0,-3.73246358265078e-08,0.0,0.0,5.3126878896136986e-08,3.8159857496111727e-08,3.73246358265078e-08,0.0,0.0
2021-07-30_02h22m33s_C5H12N2O2_-H_+C12H14N2_161,2021-07-30_02h22m33s,Ornithine,C5H12N2O2,-H,+C12H14N2,161,3.302594428521385,14.122246360342784,0.04519774011299435,0.04519774011299435,0.004071643119368117,0.004507753335737469,0.0036855254531601607,0.0036855254531601607,3.293086772190193,101,3.019829273223877,2.804642915725708,534.509765625,14.097478866577148,0.2645845115184784,0.2128349095582962,0.21518638730049133,13.968637484220606,11.370502202700056,1.3176918400858995e-06,1.2154340538472752e-06,0.00023323146160691977,6.165060767671093e-06,1.2029008189529122e-07,1.0096547242710585e-07,1.0225775781691482e-07,0.001317557109650071,0.00131753335389086
2021-07-30_02h22m33s_C5H12N2O2_[M]-_-H2O_161,2021-07-30_02h22m33s,Ornithine,C5H12N2O2,[M]-,-H2O,161,0.0,0.0,0.0,0.0,0.00021136945155189677,0.00027046520014424813,0.00017718872370962313,0.00017718872370962313,0.0,8,0.0,-0.010111579671502113,0.0,0.0,0.015400606207549572,0.009860031306743622,0.010111579671502113,0.0,0.0,0.0,-4.179094403866657e-09,0.0,0.0,7.820356806576001e-09,4.075130011216288e-09,4.179094403866657e-09,0.0,0.0
2021-07-30_02h22m33s_C5H12N2O2_[M]-_-CO2_161,2021-07-30_02h22m33s,Ornithine,C5H12N2O2,[M]-,-CO2,161,0.0,0.0,0.0,0.0,0.0001223717877405718,9.015506671474937e-05,0.0001417509789676985,0.0001417509789676985,0.0,3,0.0,-0.007946603931486607,0.0,0.0,0.005319738294929266,0.0077489144168794155,0.007946603931486607,0.0,0.0,0.0,-3.0013371787873666e-09,0.0,0.0,2.111797847703656e-09,2.9266720158460657e-09,3.0013371787873666e-09,0.0,0.0
2021-07-30_02h22m33s_C5H12N2O2_-H_-CH2O2_161,2021-07-30_02h22m33s,Ornithine,C5H12N2O2,-H,-CH2O2,161,0.0,0.0,0.0,0.0,7.787295583490934e-05,6.0103377809832915e-05,8.859436185481156e-05,8.859436185481156e-05,0.0,2,0.0,-0.004713749047368765,0.0,0.0,0.0030419379472732544,0.004596483428031206,0.004713749047368765,0.0,0.0,0.0,-2.2812387534543177e-09,0.0,0.0,1.4397451009173778e-09,2.2244877051491585e-09,2.2812387534543177e-09,0.0,0.0
2021-07-30_02h22m33s_C5H12N2O2_+Cl_-NH3_161,2021-07-30_02h22m33s,Ornithine,C5H12N2O2,+Cl,-NH3,161,1.0478875372858616,1.1258147447486617,0.9096045197740112,0.192090395480226,0.8681833351874513,0.8851724966943142,0.85803639456385,0.85803639456385,1.0496523202234742,189,143.78955078125,16.3568115234375,25450.75,72.73374938964844,141.20068359375,127.71943664550781,127.4327392578125,1.128347575914318,1.0183274527727695,6.097085133660585e-05,6.229929567780346e-07,0.010791840963065624,3.220491998945363e-05,6.57606142340228e-05,6.030308941262774e-05,6.034785837982781e-05,0.057500801133098946,0.05720876763721134
2021-07-30_02h22m33s_C5H12N2O2_-H_-H2O_161,2021-07-30_02h22m33s,Ornithine,C5H12N2O2,-H,-H2O,161,0.0,0.0,0.0,0.0,0.0006229836466792747,0.0012621709340064912,0.00024806421319347236,0.00024806421319347236,0.0,20,0.0,-0.014398276805877686,0.0,0.0,0.08848442137241364,0.014040086418390274,0.014398276805877686,0.0,0.0,0.0,-6.459472956521495e-09,0.0,0.0,3.379831170491343e-08,6.29877838775883e-09,6.459472956521495e-09,0.0,0.0
2021-07-30_02h22m33s_C43H78NO8P_-H__39,2021-07-30_02h22m33s,PE 18:0-20:4,C43H78NO8P,-H,,39,59.32203389830508,8908712.890625,0.5932203389830508,0.423728813559322,0.0015240849927689397,0.0009616540449573266,0.0,0.0,59.32203389830508,2,8908.712890625,8908.712890625,1576842.25,17848.111328125,0.4041294753551483,0.0,0.0,8908712.890625,21989.79198641462,0.0034128399565815926,0.0034128399565815926,0.6040726900100708,0.006539506372064352,1.7537026053560112e-07,0.0,0.0,3.4128399565815926,3.4122415508918023
2021-07-30_02h22m33s_C43H78NO8P_[M]-__39,2021-07-30_02h22m33s,PE 18:0-20:4,C43H78NO8P,[M]-,,39,60.34505277230081,1070802.0172245323,0.6045197740112994,0.4180790960451977,0.0015018355768161085,0.0008113956004327443,1.7718872370962312e-05,1.7718872370962312e-05,60.451977401129945,2,4270.98291015625,4270.98291015625,755964.0,8617.3798828125,0.17740516364574432,0.0029885831754654646,0.0,4270982.91015625,23939.79424629804,0.0016325899632647634,0.0016325899632647634,0.28896841406822205,0.00315291085280478,6.738918756354906e-08,1.1453454851206857e-09,0.0,1.6325899632647634,1.6324799517671
2021-07-30_02h22m33s_C43H78NO8P_-H_-H2O_39,2021-07-30_02h22m33s,PE 18:0-20:4,C43H78NO8P,-H,-H2O,39,0.0,0.0,0.0,0.0,0.0015018355768161085,0.0037865128020194735,0.0001594698513386608,0.0001594698513386608,0.0,1,0.0,-0.2946951985359192,0.0,0.0,205.5831298828125,0.2873744070529938,0.2946951985359192,0.0,0.0,0.0,-1.9986011068340304e-07,0.0,0.0,7.801173342159018e-05,1.9489522173898877e-07,1.9986011068340304e-07,0.0,0.0
2021-07-30_02h22m33s_C43H78NO8P_[M]-_-NH3_39,2021-07-30_02h22m33s,PE 18:0-20:4,C43H78NO8P,[M]-,-NH3,39,0.5373596699270822,9.48409830320684,0.005649717514124294,0.0,0.004360885526754923,0.010878711383579757,0.0005138472987579071,0.0005138472987579071,0.5366914704234582,8,0.5144788026809692,0.4598759114742279,91.06275177001953,6.8253326416015625,11.083187103271484,0.05324646458029747,0.05460290238261223,9.252732872481376,0.04641556461358555,1.4750477816960483e-07,1.1744509720301721e-07,2.610834599181544e-05,1.9568719835660886e-06,4.168958639638731e-06,2.931294496022474e-08,3.00596845193013e-08,0.000147500344355787,0.0001468923898717518
2021-07-30_02h22m33s_C43H78NO8P_[M]-_-H2_39,2021-07-30_02h22m33s,PE 18:0-20:4,C43H78NO8P,[M]-,-H2,39,27.91551396545177,2302.4778119724324,0.2994350282485876,0.2994350282485876,0.0032261653131605296,0.005890131025363625,0.0007264737672094548,0.0007264737672094548,27.914638400374383,60,125.5687484741211,125.51488494873047,22225.66796875,263.5257873535156,0.4857949912548065,0.05353635549545288,0.05386732146143913,2288.5890021507807,257.94995990086875,4.794052802026272e-05,4.79183581774123e-05,0.008485473692417145,9.700960072223097e-05,2.0287288293729944e-07,2.210873439878469e-08,2.216969008372871e-08,0.04793946521717607,0.04793080415984131
2021-07-30_02h22m33s_C43H78NO8P_+Cl_+H2_39,2021-07-30_02h22m33s,PE 18:0-20:4,C43H78NO8P,+Cl,+H2,39,3.315472215913101,20.95468802912941,0.04519774011299435,0.011299435028248588,0.01462899098898654,0.03311696117321793,0.003632368836047274,0.003632368836047274,3.31506314002618,35,3.4917473793029785,3.325403928756714,618.039306640625,17.066974639892578,16.823766708374023,0.16563323140144348,0.1663433462381363,20.865767643573243,0.20753615427933783,1.1294187061139382e-06,1.0604817362036556e-06,0.00019990711007267237,5.5442437769670505e-06,5.7649285736260936e-06,6.895209025969962e-08,6.893691306686378e-08,0.001129340852841743,0.001122945008348698
2021-07-30_02h22m33s_C43H78NO8P_+Cl_+HCl_39,2021-07-30_02h22m33s,PE 18:0-20:4,C43H78NO8P,+Cl,+HCl,39,12.893209794442864,106.29534941007225,0.1807909604519774,0.13559322033898305,0.013605517855156303,0.028969828104339464,0.004022184028208445,0.004022184028208445,12.816166044277164,57,21.483816146850586,21.27810287475586,3802.635498046875,54.588623046875,4.821219444274902,0.20111435651779175,0.20571422576904297,103.9300322313277,4.455171813542596,8.535203960491344e-06,8.44727037474513e-06,0.001510731060989201,2.1063644453533925e-05,1.985257540582097e-06,8.59660218566205e-08,8.793401917728261e-08,0.008534453491694337,0.008518292955169208
2021-07-30_02h22m33s_C43H78NO8P_+Cl_-CO2_39,2021-07-30_02h22m33s,PE 18:0-20:4,C43H78NO8P,+Cl,-CO2,39,0.7679783887776118,2.5284870673117106,0.011299435028248588,0.011299435028248588,0.013805762598731784,0.029240293304483713,0.004713220050675975,0.004713220050675975,0.7664564081834733,155,0.7704885601997375,0.46445614099502563,136.37648010253906,7.240245342254639,3.4201653003692627,0.30372315645217896,0.3060324192047119,2.5094697237363044,0.22521231584939058,2.2583429881706252e-07,9.429908232050366e-08,3.9972670492716134e-05,2.1125563307577977e-06,1.4200212490322883e-06,1.3041005786362803e-07,1.3153521649655886e-07,0.00022580459756043648,0.00022551406405415
2021-07-30_02h22m33s_C43H78NO8P_-H_+C12H14N2_39,2021-07-30_02h22m33s,PE 18:0-20:4,C43H78NO8P,-H,+C12H14N2,39,14.011451941978732,88.06388151751752,0.3163841807909605,0.3163841807909605,0.01710980086772722,0.023199903834595505,0.012580399383383241,0.012580399383383241,14.060809455994276,176,69.25357055664062,68.47207641601562,12257.8818359375,130.24710083007812,1.7138975858688354,0.7854015231132507,0.7814914584159851,88.50393165547413,40.3835022728509,2.7025211238651536e-05,2.6693249310483225e-05,0.004783462267369032,4.797775545739569e-05,7.346611710090656e-07,3.3399962262592453e-07,3.3196178605976456e-07,0.027016242878412994,0.02700537144084527
2021-07-30_02h22m33s_C43H78NO8P_[M]-_+H2_39,2021-07-30_02h22m33s,PE 18:0-20:4,C43H78NO8P,[M]-,+H2,39,1.1083410930171291,56.01459536097179,0.011299435028248588,0.011299435028248588,0.0025253087106463456,0.006431061425652121,0.00019490759608058544,0.00019490759608058544,1.1078015619126411,53,0.7439680099487305,0.7313734292984009,131.68234252929688,6.959610462188721,0.5896777510643005,0.012281681410968304,0.012594551779329777,54.72545340405542,1.2595158842672287,3.1269402711586736e-07,3.0737012934878294e-07,5.5346841691061854e-05,2.9597028969874373e-06,2.457602192862396e-07,5.191642671320551e-09,5.3238990993520474e-09,0.00031269236237328095,0.0003126171982446741
2021-07-30_02h22m33s_C43H78NO8P_+Cl_-H2O_39,2021-07-30_02h22m33s,PE 18:0-20:4,C43H78NO8P,+Cl,-H2O,39,6.697187719904069,50.26702192208322,0.096045197740113,0.096045197740113,0.012404049393703416,0.02563409063589374,0.0043411237308857665,0.0043411237308857665,6.6795317591800325,167,15.025146484375,14.724008560180664,2659.450927734375,51.07667541503906,2.343071222305298,0.29790663719177246,0.301138311624527,49.72936534790409,6.40985066554351,5.705381227016915e-06,5.578255695581902e-06,0.0010098525090143085,1.9368386347196065e-05,9.952323125617113e-07,1.2599456056250347e-07,1.2712540353732038e-07,0.00570465602031829,0.005699708692753697
2021-07-30_02h22m33s_C43H78NO8P_-H_+HCl_39,2021-07-30_02h22m33s,PE 18:0-20:4,C43H78NO8P,-H,+HCl,39,10.781243063169752,135.24749350262582,0.14124293785310735,0.14124293785310735,0.013427522527533653,0.030262050727250873,0.0031008026649184048,0.0031008026649184048,10.761133916724251,150,26.745542526245117,26.54828643798828,4733.9609375,77.41613006591797,3.733934164047241,0.19675259292125702,0.19725514948368073,134.90465491513834,7.160914048686516,1.0763355021481402e-05,1.0681062121875584e-05,0.0019051138078793883,3.0575436539947987e-05,1.5234262491503614e-06,8.229670811488177e-08,8.229332593145955e-08,0.010762469342084007,0.010746982785806337
2021-07-30_02h22m33s_C43H78NO8P_+Cl__39,2021-07-30_02h22m33s,PE 18:0-20:4,C43H78NO8P,+Cl,,39,10.781243063169752,135.24749350262582,0.14124293785310735,0.14124293785310735,0.013427522527533653,0.030262050727250873,0.0031008026649184048,0.0031008026649184048,10.761133916724251,150,26.745542526245117,26.54828643798828,4733.9609375,77.41613006591797,3.733934164047241,0.19675259292125702,0.19725514948368073,134.90465491513834,7.160914048686516,1.0763355021481402e-05,1.0681062121875584e-05,0.0019051138078793883,3.0575436539947987e-05,1.5234262491503614e-06,8.229670811488177e-08,8.229332593145955e-08,0.010762469342084007,0.010746982785806337
2021-07-30_02h22m33s_C43H78NO8P_+Cl_-NH3_39,2021-07-30_02h22m33s,PE 18:0-20:4,C43H78NO8P,+Cl,-NH3,39,5.310943373996582,124.17488035119729,0.05649717514124294,0.05649717514124294,0.0031927911892312825,0.007242457026084866,0.0006378794053546432,0.0006378794053546432,5.320992613841542,61,5.121081352233887,5.08199405670166,906.431396484375,23.73907470703125,0.6336361765861511,0.040240880101919174,0.039087288081645966,127.74826128930839,8.069318360925026,2.271672656206647e-06,2.256055267935153e-06,0.00040208606515079737,1.0004442628996912e-05,2.641102128109196e-07,1.630754553616498e-08,1.561743978584218e-08,0.002271637179049788,0.002271072842674859
2021-07-30_02h22m33s_C43H78NO8P_[M]-_+HCl_39,2021-07-30_02h22m33s,PE 18:0-20:4,C43H78NO8P,[M]-,+HCl,39,8.641444716896395,356.67702803846856,0.0903954802259887,0.0903954802259887,0.003793525419957726,0.00898545498257002,0.0004606906816450201,0.0004606906816450201,8.631760656263188,63,10.576848030090332,10.547464370727539,1872.10205078125,35.08444595336914,0.791894257068634,0.02865385264158249,0.029383797198534012,348.1081696596058,13.339544252966869,4.098148110642796e-06,4.0847780837793835e-06,0.0007253722287714481,1.3643544662045315e-05,3.106421786469582e-07,1.3037974255780682e-08,1.3370113016719642e-08,0.004098093318671972,0.0040968754483278825
2021-07-30_02h22m33s_C43H78NO8P_[M]-_-H3PO4_39,2021-07-30_02h22m33s,PE 18:0-20:4,C43H78NO8P,[M]-,-H3PO4,39,0.0,0.0,0.0,0.0,0.004027144287462454,0.0057398725808390436,0.0030299271754345553,0.0030299271754345553,0.0,80,0.0,-0.19786153733730316,0.0,0.0,0.42847391963005066,0.1941952258348465,0.19786153733730316,0.0,0.0,0.0,-8.293097408795802e-08,0.0,0.0,1.8490982256480493e-07,8.133551432365493e-08,8.293097408795802e-08,0.0,0.0
2021-07-30_02h22m33s_C43H78NO8P_+Cl_-HPO3_39,2021-07-30_02h22m33s,PE 18:0-20:4,C43H78NO8P,+Cl,-HPO3,39,0.7652137882204371,2.286520446026168,0.011299435028248588,0.011299435028248588,0.011057959728557125,0.0217273710782546,0.004766376667788862,0.004766376667788862,0.7617619976476524,164,0.7330453395843506,0.4095265567302704,129.7490234375,6.863199710845947,2.010272741317749,0.31959426403045654,0.3235187828540802,2.258868756801557,0.36446839084791294,3.9650495864407276e-07,2.5746481924215914e-07,7.018137694103643e-05,3.7546678868238814e-06,8.503556045980076e-07,1.3764569928298442e-07,1.3904015361276834e-07,0.000396449836197948,0.0003961680749012177
2021-07-30_02h22m33s_C43H78NO8P_-H_-CH2O2_39,2021-07-30_02h22m33s,PE 18:0-20:4,C43H78NO8P,-H,-CH2O2,39,0.3565114072974639,0.8957369242581731,0.005649717514124294,0.005649717514124294,0.012604294137278897,0.024101454501743,0.005847227882417563,0.005847227882417563,0.35480367819915615,164,0.33964774012565613,-0.04376816749572754,60.11764907836914,4.505937099456787,2.203787326812744,0.37818247079849243,0.38341590762138367,0.883542364901766,0.15405011449183775,9.486844732009558e-08,-7.042113026045627e-08,1.6791715097497217e-05,1.2585720696733915e-06,9.429659257875755e-07,1.6332181473899254e-07,1.6528957758055185e-07,9.48527691459511e-05,9.477907388294626e-05
2021-07-30_02h22m33s_C43H78NO8P_-H_-CO2_39,2021-07-30_02h22m33s,PE 18:0-20:4,C43H78NO8P,-H,-CO2,39,0.7652137882204371,2.286520446026168,0.011299435028248588,0.011299435028248588,0.011057959728557125,0.0217273710782546,0.004766376667788862,0.004766376667788862,0.7617619976476524,164,0.7330453395843506,0.4095265567302704,129.7490234375,6.863199710845947,2.010272741317749,0.31959426403045654,0.3235187828540802,2.258868756801557,0.36446839084791294,3.9650495864407276e-07,2.5746481924215914e-07,7.018137694103643e-05,3.7546678868238814e-06,8.503556045980076e-07,1.3764569928298442e-07,1.3904015361276834e-07,0.000396449836197948,0.0003961680749012177
2021-07-30_02h22m33s_C43H78NO8P_+Cl_-H3PO4_39,2021-07-30_02h22m33s,PE 18:0-20:4,C43H78NO8P,+Cl,-H3PO4,39,0.17769641007408324,0.3243305778140373,0.005649717514124294,0.005649717514124294,0.026944042718878628,0.0357915614857555,0.021794213016283644,0.021794213016283644,0.17703316730140947,188,0.4741774797439575,-0.9948247671127319,83.92941284179688,6.290673732757568,2.926821708679199,1.4610190391540527,1.4690022468566895,0.322569221072888,0.1619557223509586,1.505228368614553e-07,-4.6974918177511427e-07,2.6642541342880577e-05,1.9969108961959137e-06,1.2604036783159245e-06,6.183142318150203e-07,6.202720328474243e-07,0.0001504295296313106,0.0001503333561463948
2021-07-30_02h22m33s_C43H78NO8P_+Cl_+C12H14N2_39,2021-07-30_02h22m33s,PE 18:0-20:4,C43H78NO8P,+Cl,+C12H14N2,39,1.854363147731911,3.030325934474454,0.06779661016949153,0.06779661016949153,0.030537323395260874,0.03708378410866691,0.026560589684072506,0.026560589684072506,1.8495483880724546,188,5.233986854553223,3.4994733333587646,926.4156494140625,19.994274139404297,2.6837971210479736,1.7262026071548462,1.734513521194458,3.0158145071384745,1.9494906387973956,1.990102191484766e-06,1.2374971447570715e-06,0.00035224808380007744,7.73407009546645e-06,1.126125653172494e-06,7.508620569751656e-07,7.526050467276946e-07,0.0019886055569066875,0.001987863607281598
2021-07-30_02h22m33s_C43H78NO8P_[M]-_-CH2O3_39,2021-07-30_02h22m33s,PE 18:0-20:4,C43H78NO8P,[M]-,-CH2O3,39,0.0,0.0,0.0,0.0,0.0025475581265991766,0.005920182714268542,0.000567003915870794,0.000567003915870794,0.0,55,0.0,-0.0392693430185318,0.0,0.0,0.5654575228691101,0.03829381987452507,0.0392693430185318,0.0,0.0,0.0,-1.592262677263534e-08,0.0,0.0,2.4217473537646583e-07,1.552707828977873e-08,1.592262677263534e-08,0.0,0.0
2021-07-30_02h22m33s_C43H78NO8P_-H_-H2_39,2021-07-30_02h22m33s,PE 18:0-20:4,C43H78NO8P,-H,-H2,39,26.944028506616974,776.9087657222053,0.3615819209039548,0.3615819209039548,0.011425075091778841,0.02313980045678567,0.0034197423675957263,0.0034197423675957263,26.842464445874626,147,166.1826934814453,165.9663543701172,29414.3359375,334.7305908203125,2.3097269535064697,0.21290245652198792,0.21633708477020264,764.6310967001123,71.91792748566303,6.363859574776143e-05,6.354659853968769e-05,0.011264031752943993,0.00012273879838176072,1.0062286719403346e-06,9.070299711311236e-08,9.199724360087203e-08,0.06363274171092126,0.06357462513714057
2021-07-30_02h22m33s_C43H78NO8P_[M]-_-CO2_39,2021-07-30_02h22m33s,PE 18:0-20:4,C43H78NO8P,[M]-,-CO2,39,0.0,0.0,0.0,0.0,0.002647680498386917,0.00576992426974396,0.0008150681290642664,0.0008150681290642664,0.0,59,0.0,-0.05471042916178703,0.0,0.0,0.4586123824119568,0.05538877844810486,0.05471042916178703,0.0,0.0,0.0,-2.3236911061985666e-08,0.0,0.0,1.9045052113142447e-07,2.3610100541304746e-08,2.3236911061985666e-08,0.0,0.0
2021-07-30_02h22m33s_C43H78NO8P_-H_-H3PO4_39,2021-07-30_02h22m33s,PE 18:0-20:4,C43H78NO8P,-H,-H3PO4,39,0.8722647471958275,1.1366560140357453,0.04519774011299435,0.04519774011299435,0.047369006563577704,0.0567976920302921,0.04181653879547106,0.04181653879547106,0.8736044487395804,189,3.97263765335083,0.48366355895996094,703.1568603515625,19.01604461669922,4.774988651275635,3.4940218925476074,3.488974094390869,1.138300040603655,0.8317937799726063,1.9983162928838283e-06,3.620613142629736e-07,0.00035370196565054357,9.81558423518436e-06,2.15237332668039e-06,1.642556185288413e-06,1.6362549786208547e-06,0.001995051879313694,0.0019940244079354385
2021-07-30_02h22m33s_C43H78NO8P_+Cl_-CH2O3_39,2021-07-30_02h22m33s,PE 18:0-20:4,C43H78NO8P,+Cl,-CH2O3,39,18.983911255464516,120.96975818487444,0.3220338983050847,0.3220338983050847,0.016831683168316833,0.031944945305926196,0.006963516841788189,0.006963516841788189,18.90770319861347,178,53.9026985168457,53.4533805847168,9540.77734375,95.1859130859375,3.2269532680511475,0.44458821415901184,0.4493175148963928,119.69931600206004,16.69872332116786,2.1670357455150224e-05,2.148022031178698e-05,0.0038356531877070665,3.7261939723975956e-05,1.3601156751974486e-06,1.8838254334241356e-07,1.9013798180367303e-07,0.021666237880406364,0.021640923296149386
2021-07-30_02h22m33s_C43H78NO8P_[M]-_-H2O_39,2021-07-30_02h22m33s,PE 18:0-20:4,C43H78NO8P,[M]-,-H2O,39,0.0,0.0,0.0,0.0,0.0012793414172877961,0.00330568577954081,8.859436185481156e-05,8.859436185481156e-05,0.0,1,0.0,-0.04400622472167015,0.0,0.0,52.1844482421875,0.04291302710771561,0.04400622472167015,0.0,0.0,0.0,-3.0223812785834525e-08,0.0,0.0,1.9596385754994117e-05,2.9472998264168382e-08,3.0223812785834525e-08,0.0,0.0
2021-07-30_02h22m33s_C43H78NO8P_-H_-NH3_39,2021-07-30_02h22m33s,PE 18:0-20:4,C43H78NO8P,-H,-NH3,39,1.6120790097812465,30.549444029616033,0.01694915254237288,0.0,0.0008899766381132495,0.00144248106743599,0.0005138472987579071,0.0005138472987579071,1.6100744112703747,2,3.067464590072632,2.965522289276123,542.9412231445312,23.361116409301758,2.5018324851989746,0.09940983355045319,0.1019422635436058,29.79791277635225,1.2255972416103467,1.1190199984412175e-06,1.0502217264729552e-06,0.00019806654017884284,8.700294529262464e-06,9.83962308964692e-07,6.708914668251964e-08,6.879822223027077e-08,0.0011189430171508604,0.001117920007289607
2021-07-30_02h22m33s_C43H78NO8P_[M]-_-HPO3_39,2021-07-30_02h22m33s,PE 18:0-20:4,C43H78NO8P,[M]-,-HPO3,39,0.0,0.0,0.0,0.0,0.002213816887306708,0.005409304002884962,0.00033665857504828393,0.00033665857504828393,0.0,46,0.0,-0.023111997172236443,0.0,0.0,0.5315636396408081,0.022537851706147194,0.023111997172236443,0.0,0.0,0.0,-1.0140798423208253e-08,0.0,0.0,2.3994667230908817e-07,9.888881713493447e-09,1.0140798423208253e-08,0.0,0.0
2021-07-30_02h22m33s_C43H78NO8P_-H_-CH2O3_39,2021-07-30_02h22m33s,PE 18:0-20:4,C43H78NO8P,-H,-CH2O3,39,0.17769641007408324,0.3243305778140373,0.005649717514124294,0.005649717514124294,0.026944042718878628,0.0357915614857555,0.021794213016283644,0.021794213016283644,0.17703316730140947,188,0.4741774797439575,-0.9948247671127319,83.92941284179688,6.290673732757568,2.926821708679199,1.4610190391540527,1.4690022468566895,0.322569221072888,0.1619557223509586,1.505228368614553e-07,-4.6974918177511427e-07,2.6642541342880577e-05,1.9969108961959137e-06,1.2604036783159245e-06,6.183142318150203e-07,6.202720328474243e-07,0.0001504295296313106,0.0001503333561463948
2021-07-30_02h22m33s_C59H108N2O21_-H__50,2021-07-30_02h22m33s,GM3 Ganglioside 18:0,C59H108N2O21,-H,,50,52.36506471407565,165052.67163760288,0.5310734463276836,0.4519774011299435,0.001991322727778396,0.002313980045678567,0.0001417509789676985,0.0001417509789676985,52.34653529755688,2,2196.63818359375,2196.62548828125,388804.9375,3940.566650390625,0.18579556047916412,0.012308710254728794,0.01262043695896864,161275.1624790812,11759.584531661132,0.0009983574273064733,0.0009983524214476347,0.17670926451683044,0.0017486721044406295,7.174028837653168e-08,4.880952086949719e-09,5.004565650779114e-09,0.9983524309861898,0.998285809994582
2021-07-30_02h22m33s_C59H108N2O21_[M]-__50,2021-07-30_02h22m33s,GM3 Ganglioside 18:0,C59H108N2O21,[M]-,,50,46.564185017698925,18097.669797519182,0.5423728813559322,0.4576271186440678,0.005317610412726666,0.008684938093520856,0.001647855130499495,0.001647855130499495,46.61529052117262,4,1413.5731201171875,1413.49658203125,250202.4375,2560.908935546875,0.54100501537323,0.07710801810026169,0.07656417042016983,18224.563125729004,2608.044353877034,0.0006450865766964853,0.0006450543296523392,0.1141803190112114,0.0011485896538943052,2.2542415933912707e-07,3.2306243014090796e-08,3.222283240233992e-08,0.6450657908496182,0.6449411913705974
2021-07-30_02h22m33s_C59H108N2O21_-H_+H2_50,2021-07-30_02h22m33s,GM3 Ganglioside 18:0,C59H108N2O21,-H,+H2,50,42.93656068531,10262.570108647024,0.4689265536723164,0.4689265536723164,0.0031705417732784515,0.004507753335737469,0.0009213813632900402,0.0009213813632900402,42.8450181660696,55,501.112548828125,501.0635070800781,88696.921875,900.8070068359375,0.3177976906299591,0.047829147428274155,0.049040451645851135,10014.149200223543,1571.882618841759,0.0002273153222631663,0.00022729388729203492,0.04023481160402298,0.0003994516737293452,1.2551183203868277e-07,2.0910357889647457e-08,2.143992539060946e-08,0.22731044874410472,0.22728679508111746
2021-07-30_02h22m33s_C59H108N2O21_[M]-_-H2_50,2021-07-30_02h22m33s,GM3 Ganglioside 18:0,C59H108N2O21,[M]-,-H2,50,26.472444960235503,570.1194821354002,0.2994350282485876,0.2994350282485876,0.004483257314495495,0.008294266137756943,0.001311196555451211,0.001311196555451211,26.394955815522966,92,44.563907623291016,44.48478698730469,7887.8115234375,82.99874114990234,0.6429280042648315,0.07716590911149979,0.07912017405033112,556.213315204435,69.20635121960466,2.032963493547868e-05,2.0294242858653888e-05,0.0035983454436063766,3.806813037954271e-05,2.6803536457009614e-07,3.451862440329023e-08,3.5392826447377956e-08,0.020328915437702728,0.02032418733451688
2021-07-30_02h22m33s_C59H108N2O21_[M]-_+H2_50,2021-07-30_02h22m33s,GM3 Ganglioside 18:0,C59H108N2O21,[M]-,+H2,50,33.520249080458015,1086.7215286844255,0.4011299435028249,0.4011299435028249,0.004983869173434198,0.007993749248707778,0.0019667948331768166,0.0019667948331768166,33.48254625999119,90,124.85838317871094,124.74358367919922,22099.93359375,230.49041748046875,0.5918799638748169,0.11389455199241638,0.11480116099119186,1078.2135697949348,210.59639520062117,5.702062844648026e-05,5.6971784943016246e-05,0.010092651471495628,0.00010434554133098572,2.479414717981854e-07,4.83292090791565e-08,4.884417847961231e-08,0.057017843456757936,0.057006494172413096
2021-07-30_02h22m33s_C59H108N2O21_[M]-_-H2O_50,2021-07-30_02h22m33s,GM3 Ganglioside 18:0,C59H108N2O21,[M]-,-H2O,50,20.747236575805726,773.306010646888,0.22033898305084745,0.22033898305084745,0.0038157748359105574,0.008083904315422526,0.0006201605329836809,0.0006201605329836809,20.75204668492,75,31.13202667236328,31.09305191040039,5510.36865234375,74.54263305664062,0.592629611492157,0.03925835341215134,0.038974735885858536,778.7925544087597,52.44352045395666,1.3923558981332462e-05,1.3907939319324214e-05,0.002464469987899065,3.379812551429495e-05,2.4287919586640783e-07,1.5721351331876576e-08,1.5620058135823456e-08,0.01392334149792882,0.01392017805967901
2021-07-30_02h22m33s_C59H108N2O21_+Cl_-H2_50,2021-07-30_02h22m33s,GM3 Ganglioside 18:0,C59H108N2O21,+Cl,-H2,50,2.677772707262986,49.677815166916204,0.02824858757062147,0.02824858757062147,0.0025475581265991766,0.005799975958648876,0.0005492850434998317,0.0005492850434998317,2.6788536182652822,56,1.91658353805542,1.879064679145813,339.23529052734375,11.611358642578125,0.4227544367313385,0.03758027032017708,0.03751891106367111,49.7569501611128,4.522863649143429,7.875379992583476e-07,7.720602184235759e-07,0.00013939422206021845,5.00148962601088e-06,1.6961161009021453e-07,1.5574384448768797e-08,1.547775774213278e-08,0.0007875258101246428,0.0007874044463224146
2021-07-30_02h22m33s_C59H108N2O21_-H_-CO2_50,2021-07-30_02h22m33s,GM3 Ganglioside 18:0,C59H108N2O21,-H,-CO2,50,28.62478562471931,1260.8667042322018,0.2994350282485876,0.2994350282485876,0.0036155300923350763,0.007392715470609448,0.0004606906816450201,0.0004606906816450201,28.642584258531894,51,42.68501281738281,42.65235900878906,7555.24755859375,76.37725067138672,0.6174880266189575,0.032853707671165466,0.0326521210372448,1268.4196865374631,69.01509969518051,1.9483804862829857e-05,1.9470557163003832e-05,0.0034486334770917892,3.5002463846467435e-05,2.4079790250652877e-07,1.3256952868800909e-08,1.3246911123587779e-08,0.019483546766017476,0.019479114332955797
2021-07-30_02h22m33s_C59H108N2O21_+Cl_-NH3_50,2021-07-30_02h22m33s,GM3 Ganglioside 18:0,C59H108N2O21,+Cl,-NH3,50,0.0,0.0,0.0,0.0,0.0038380242518633884,0.009105661738189686,0.0007441926395804171,0.0007441926395804171,0.0,77,0.0,-0.04577013850212097,0.0,0.0,0.7191691994667053,0.04559127986431122,0.04577013850212097,0.0,0.0,0.0,-1.8191880002405014e-08,0.0,0.0,2.9819776159456524e-07,1.8215148500644318e-08,1.8191880002405014e-08,0.0,0.0
2021-07-30_02h22m33s_C59H108N2O21_-H_-CH2O2_50,2021-07-30_02h22m33s,GM3 Ganglioside 18:0,C59H108N2O21,-H,-CH2O2,50,1.0950189994149175,32.207586968039834,0.011299435028248588,0.011299435028248588,0.0022583157192123705,0.005499459069599711,0.0003189397026773216,0.0003189397026773216,1.0941625217878843,50,0.7064583897590637,0.6849936842918396,125.04313659667969,6.6574602127075195,0.4215712249279022,0.020934533327817917,0.021464716643095016,31.44746497286481,1.6718090302518762,3.076197572227102e-07,2.981533100410161e-07,5.444869748316705e-05,3.0925627925171284e-06,1.6636515454138134e-07,9.232636877243294e-09,9.466460504370389e-09,0.0003076168451799948,0.0003075685885269478
2021-07-30_02h22m33s_C59H108N2O21_[M]-_+HCl_50,2021-07-30_02h22m33s,GM3 Ganglioside 18:0,C59H108N2O21,[M]-,+HCl,50,3.7163991123695124,30.57422652040832,0.04519774011299435,0.04519774011299435,0.004583379686283235,0.00847457627118644,0.002161702429257402,0.002161702429257402,3.716324647893802,92,4.076836585998535,3.944859743118286,721.6000366210938,19.7401123046875,0.6380855441093445,0.13234226405620575,0.13197682797908783,30.658248117030325,6.379171964654873,1.7418376501154853e-06,1.6839906038512709e-06,0.00030830525793135166,8.362064363609534e-06,2.6671392561183893e-07,5.7792117758026507e-08,5.784699652622294e-08,0.0017417368958673205,0.0017413732016329224
2021-07-30_02h22m33s_C59H108N2O21_+Cl_+H2_50,2021-07-30_02h22m33s,GM3 Ganglioside 18:0,C59H108N2O21,+Cl,+H2,50,0.5173079600639758,7.510987009835233,0.005649717514124294,0.005649717514124294,0.002491934586717099,0.005138838802740714,0.0009213813632900402,0.0009213813632900402,0.5187885176416654,56,0.41918686032295227,0.36691027879714966,74.19607543945312,5.5611419677734375,0.36170074343681335,0.054809823632240295,0.05227656662464142,7.8681282762893066,1.1557375271715689,1.457265739190916e-07,1.236494568956914e-07,2.5793604436330497e-05,1.9332815099915024e-06,1.413868488953085e-07,2.3044245622827475e-08,2.2077122352470724e-08,0.00014572335676671464,0.0001457059730107024
2021-07-30_02h22m33s_C59H108N2O21_[M]-_-NH3_50,2021-07-30_02h22m33s,GM3 Ganglioside 18:0,C59H108N2O21,[M]-,-NH3,50,2.1788141335882107,61.954299461752505,0.022598870056497175,0.022598870056497175,0.0024363110468350207,0.0058300276475537925,0.00037209631979020857,0.00037209631979020857,2.1806524981501223,65,1.476902723312378,1.454649567604065,261.4117736816406,9.766484260559082,0.40846607089042664,0.02283858321607113,0.022253189235925674,63.51398547217752,3.606898906423917,5.469065058605338e-07,5.375478622227092e-07,9.680245420895517e-05,3.6735302728629904e-06,1.6675274139288376e-07,9.611471618597989e-09,9.358657848679286e-09,0.0005469013875975703,0.0005468153229064035
2021-07-30_02h22m33s_C59H108N2O21_[M]-_+C12H14N2_50,2021-07-30_02h22m33s,GM3 Ganglioside 18:0,C59H108N2O21,[M]-,+C12H14N2,50,0.9498580733265793,7.815263783426321,0.011299435028248588,0.011299435028248588,0.005083991545221938,0.010457987738910927,0.0018959193436929673,0.0018959193436929673,0.9460395817956088,109,0.9029799699783325,0.7855386137962341,159.82745361328125,8.732460021972656,0.8908678889274597,0.11454056203365326,0.11744137853384018,7.623855625087476,1.0124593352769276,4.7507950284852996e-07,4.241041722252703e-07,8.408907160628587e-05,4.635171535483096e-06,3.6244685475139704e-07,4.971622757921068e-08,5.097533062325965e-08,0.00047505528674822363,0.0004749073741644658
2021-07-30_02h22m33s_C59H108N2O21_+Cl_-CH2O3_50,2021-07-30_02h22m33s,GM3 Ganglioside 18:0,C59H108N2O21,+Cl,-CH2O3,50,2.201378099277717,102.09513783497412,0.022598870056497175,0.022598870056497175,0.0020024474357548112,0.004838321913691549,0.0002657830855644347,0.0002657830855644347,2.1999356322087156,45,1.6723164319992065,1.656546950340271,296.0,11.243327140808105,0.3625135123729706,0.015379981137812138,0.015769489109516144,99.72375551084743,4.600424399859402,7.353902446993743e-07,7.289434051926946e-07,0.00013016407319810241,5.253896688373061e-06,1.431962459719216e-07,6.28761132048794e-09,6.446848832553087e-09,0.0007353855037801978,0.0007352849546541482
2021-07-30_02h22m33s_C59H108N2O21_+Cl_+HCl_50,2021-07-30_02h22m33s,GM3 Ganglioside 18:0,C59H108N2O21,+Cl,+HCl,50,0.0,0.0,0.0,0.0,0.003648904216264323,0.006761630003606202,0.001825043854209118,0.001825043854209118,0.0,95,0.0,-0.11119149625301361,0.0,0.0,0.4580773413181305,0.11202219128608704,0.11119149625301361,0.0,0.0,0.0,-4.8123226292773325e-08,0.0,0.0,1.882230122873807e-07,4.877884762777285e-08,4.8123226292773325e-08,0.0,0.0
2021-07-30_02h22m33s_C59H108N2O21_+Cl_-CO2_50,2021-07-30_02h22m33s,GM3 Ganglioside 18:0,C59H108N2O21,+Cl,-CO2,50,26.375073450524177,916.7019864778243,0.2768361581920904,0.2768361581920904,0.0027589275781510735,0.005138838802740714,0.0004961284263869447,0.0004961284263869447,26.38915999405509,63,32.513397216796875,32.479164123535156,5754.87109375,61.629364013671875,0.3721035420894623,0.03446779400110245,0.034232985228300095,922.8113089515114,87.143094473761,1.506921398686245e-05,1.5056102711241692e-05,0.0026672508101910353,2.78921452263603e-05,1.4774440160181257e-07,1.3328825154701462e-08,1.3111668195620041e-08,0.01506901640691929,0.015066987923747714
2021-07-30_02h22m33s_C6H14O12P2_-H__170,2021-07-30_02h22m33s,"Fructose 1,6-bisphosphate",C6H14O12P2,-H,,170,69.3014231860211,6180.757544115102,1.0,0.8983050847457628,0.006051841139170097,0.0035160476018752254,0.004429718092740578,0.004429718092740578,99.81862700643875,4,59276.3515625,59276.26953125,10491914.0,91493.0078125,17.04947280883789,9.58946704864502,0.08381041139364243,698927.7682827451,3476.522453487323,0.02323829010128975,0.023238258436322212,4.113177299499512,0.03316124528646469,7.184752121247584e-06,4.268692464393098e-06,3.157075312287816e-08,23.237556474131125,23.07251976595875
2021-07-30_02h22m33s_C6H14O12P2_-H_-HPO3_170,2021-07-30_02h22m33s,"Fructose 1,6-bisphosphate",C6H14O12P2,-H,-HPO3,170,23.993332428808444,34.0422981832109,0.5932203389830508,0.192090395480226,0.018244521081321616,0.021156388989061185,0.014724382940269681,0.014724382940269681,23.634764075673946,9,2546.02197265625,2469.327880859375,450645.90625,3279.1259765625,700.2619018554688,74.78895568847656,76.69418334960938,33.19663454027348,3.635808731135293,0.0010495360475033522,0.0010106590343639255,0.18576787412166595,0.0012958846054971218,0.00032764076604507864,3.7911246181465685e-05,3.887702405336313e-05,1.0102601397501323,0.7905271322978615
2021-07-30_02h22m33s_C6H14O12P2_-H_-H3PO4_170,2021-07-30_02h22m33s,"Fructose 1,6-bisphosphate",C6H14O12P2,-H,-H3PO4,170,52.88539657628505,680.4002495382032,0.847457627118644,0.5141242937853108,0.014184002669929915,0.02359057579035942,0.006024416606127186,0.006024416606127186,53.464584752077236,11,4543.51953125,4536.8544921875,804202.9375,6875.61474609375,114.97590637207031,6.676715850830078,6.665029048919678,681.5931190678415,39.516801022171975,0.0018011621432378888,0.0017975808586925268,0.3188056945800781,0.0025006739888340235,5.0113423640141264e-05,3.577093593776226e-06,3.5813209251500666e-06,1.7947346225789556,1.7152072363709934
2021-07-30_02h22m33s_C6H14O12P2_-H_-H2O_170,2021-07-30_02h22m33s,"Fructose 1,6-bisphosphate",C6H14O12P2,-H,-H2O,170,55.04061948369857,2772.4557255026543,1.0,0.9830508474576272,0.011213705640226944,0.01111912489481909,0.008168400163013626,0.008168400163013626,97.69237596520813,6,5809.7783203125,5809.72119140625,1028330.75,8079.14404296875,5.941685199737549,2.0945351123809814,0.057240795344114304,99754.44679258873,977.6352145607648,0.002307903952896595,0.002307878341525793,0.40849900245666504,0.0029250544030219316,2.65374410446384e-06,9.435196375306987e-07,2.55713281660519e-08,2.307844938236323,2.3017955764558944
2021-07-30_02h22m33s_C6H14O12P2_+Cl_-CH2O3_170,2021-07-30_02h22m33s,"Fructose 1,6-bisphosphate",C6H14O12P2,+Cl,-CH2O3,170,0.8008902785852778,1.423725359466001,0.01694915254237288,0.01694915254237288,0.014350873289576148,0.01974395961053011,0.011162889593706257,0.011162889593706257,0.8045858542886025,166,0.9382297396659851,0.2865838408470154,166.06666564941406,7.15849494934082,1.6265054941177368,0.6579962968826294,0.6516458988189697,1.4375785419992815,0.5764833010131221,3.865163762384327e-07,9.395057531946804e-08,6.841339927632362e-05,3.0027833872736664e-06,6.895456294842006e-07,2.946769086520362e-07,2.9256580091896467e-07,0.00038640332783934563,0.00038625003921200597
2021-07-30_02h22m33s_C6H14O12P2_-H_-H2_170,2021-07-30_02h22m33s,"Fructose 1,6-bisphosphate",C6H14O12P2,-H,-H2,170,10.232462689842695,167.0081966598925,0.7853107344632768,0.7344632768361582,0.0661697630437201,0.061365548743839406,0.06674699222141503,0.06674699222141503,10.514816565787935,179,579.2178344726562,575.868896484375,102521.5546875,1047.2528076171875,3.50431489944458,3.4672000408172607,3.348956346511841,172.90309919285062,165.23988602691125,0.000226597287110053,0.00022498668113257736,0.04010771960020065,0.00038629077607765794,1.6008067404982285e-06,1.6606077224423643e-06,1.6106055227282923e-06,0.2262329151275257,0.22623512839158627
2021-07-30_02h22m33s_C6H14O12P2_-H_-CH2O3_170,2021-07-30_02h22m33s,"Fructose 1,6-bisphosphate",C6H14O12P2,-H,-CH2O3,170,24.641841442453938,208.62816866133613,0.3389830508474576,0.3389830508474576,0.009233507620424963,0.01676884240894338,0.00375640094264401,0.00375640094264401,24.76396389910377,136,45.19330978393555,44.980369567871094,7999.2158203125,85.65975952148438,2.039661169052124,0.21562132239341736,0.21294115483760834,211.2417772926366,22.14640552254326,1.7531516277813353e-05,1.743002940202132e-05,0.003103078342974186,3.2048563298303634e-05,8.645881734992145e-07,1.0238490943947909e-07,1.014877426541716e-07,0.017529737224353133,0.017516371829886617
2021-07-30_02h22m33s_C6H14O12P2_[M]-_+C12H14N2_170,2021-07-30_02h22m33s,"Fructose 1,6-bisphosphate",C6H14O12P2,[M]-,+C12H14N2,170,1.580123432006704,20.552803044972887,0.01694915254237288,0.01694915254237288,0.0022694404271887863,0.004808270224786633,0.0007264737672094548,0.0007264737672094548,1.5774018942580394,66,0.8693032264709473,0.8269551396369934,153.86666870117188,6.626238822937012,0.41737979650497437,0.0412960909307003,0.04234810173511505,20.054009095552843,2.0777849067590233,2.8908300464536296e-07,2.713299522838497e-07,5.1167691708542407e-05,2.203194753747084e-06,1.653608592278033e-07,1.731201848542696e-08,1.775303815065854e-08,0.00028907787263486156,0.0002890352095347672
2021-07-30_02h22m33s_C6H14O12P2_+Cl_+C12H14N2_170,2021-07-30_02h22m33s,"Fructose 1,6-bisphosphate",C6H14O12P2,+Cl,+C12H14N2,170,0.5198381194786715,6.6592801307642855,0.005649717514124294,0.005649717514124294,0.003571031260429414,0.00814400769323236,0.0008682247461771533,0.0008682247461771533,0.5196493747636509,107,0.3619142472743988,0.30824485421180725,64.05882263183594,4.80133581161499,0.6046838164329529,0.053347352892160416,0.05366938188672066,6.62005376289628,0.5975299941243543,1.3260950026960927e-07,1.1204713246115716e-07,2.3471880922443233e-05,1.7592640233488055e-06,2.2279853340023692e-07,2.0378799092668487e-08,2.056236603209527e-08,0.00013260677356059298,0.0001325799616485957
2021-07-30_02h22m33s_C6H14O12P2_+Cl_+HCl_170,2021-07-30_02h22m33s,"Fructose 1,6-bisphosphate",C6H14O12P2,+Cl,+HCl,170,0.6979497471111659,0.892391001563451,0.022598870056497175,0.022598870056497175,0.026098564912671044,0.03242577232840486,0.0223789358045254,0.0223789358045254,0.6958507363187524,187,1.1934860944747925,-0.14886987209320068,211.24703979492188,7.853996276855469,2.1322498321533203,1.3364026546478271,1.3423559665679932,0.8884362180814306,0.5594685050414736,3.8423587511715596e-07,-1.6392709767387714e-07,6.800975097576156e-05,2.534845862101065e-06,8.426217164014815e-07,5.453448466141708e-07,5.481629727910331e-07,0.00038402536663055656,0.00038391238220671314
2021-07-30_02h22m33s_C6H14O12P2_[M]-_+H2_170,2021-07-30_02h22m33s,"Fructose 1,6-bisphosphate",C6H14O12P2,[M]-,+H2,170,4.193394102142809,17.38769673956122,0.05649717514124294,0.05649717514124294,0.006352208254533319,0.010968866450294507,0.003472898984708613,0.003472898984708613,4.188485261532033,125,3.375075101852417,3.181011438369751,597.3883056640625,14.005456924438477,0.9038954377174377,0.19310708343982697,0.19406361877918243,17.30243252419662,3.729795688180181,1.3452355460685794e-06,1.2566722489282256e-06,0.0002381066879024729,5.5660207181063015e-06,3.772051115902286e-07,8.813790941530897e-08,8.85632687186444e-08,0.0013451164181617799,0.0013447283076772234
2021-07-30_02h22m33s_C6H14O12P2_[M]-_+HCl_170,2021-07-30_02h22m33s,"Fructose 1,6-bisphosphate",C6H14O12P2,[M]-,+HCl,170,0.2088963405626636,0.2982527565788823,0.005649717514124294,0.005649717514124294,0.01962398487039715,0.02407140281283808,0.017045555220865743,0.017045555220865743,0.20919178079848655,165,0.34383517503738403,-0.8060600161552429,60.85882568359375,4.561488628387451,1.7761332988739014,1.1518315076828003,1.149895191192627,0.29875455008295004,0.1934774252754471,1.5411485776439804e-07,-3.3594619708310347e-07,2.7278329071123153e-05,2.0445645532163326e-06,7.421952545882959e-07,4.902021828456782e-07,4.900610406366468e-07,0.00015403936907089214,0.0001540005592800964
2021-07-30_02h22m33s_C6H14O12P2_+Cl_+H2_170,2021-07-30_02h22m33s,"Fructose 1,6-bisphosphate",C6H14O12P2,+Cl,+H2,170,2.9581923000588075,5.430580126056236,0.096045197740113,0.096045197740113,0.027767271109133386,0.03639259526385383,0.02246753016638021,0.02246753016638021,2.9874515825738936,187,7.560784816741943,6.1887688636779785,1338.2589111328125,24.76276206970215,2.418940544128418,1.3912609815597534,1.3720159530639648,5.50669844721732,3.124368007754127,2.9859777441743063e-06,2.378443468842306e-06,0.0005285180523060262,9.770772521733306e-06,1.0701465953388833e-06,6.147243425402849e-07,6.075342184885812e-07,0.0029841647619678027,0.002982785726184804
2021-07-30_02h22m33s_C6H14O12P2_+Cl_-H3PO4_170,2021-07-30_02h22m33s,"Fructose 1,6-bisphosphate",C6H14O12P2,+Cl,-H3PO4,170,24.641841442453938,208.62816866133613,0.3389830508474576,0.3389830508474576,0.009233507620424963,0.01676884240894338,0.00375640094264401,0.00375640094264401,24.76396389910377,136,45.19330978393555,44.980369567871094,7999.2158203125,85.65975952148438,2.039661169052124,0.21562132239341736,0.21294115483760834,211.2417772926366,22.14640552254326,1.7531516277813353e-05,1.743002940202132e-05,0.003103078342974186,3.2048563298303634e-05,8.645881734992145e-07,1.0238490943947909e-07,1.014877426541716e-07,0.017529737224353133,0.017516371829886617
2021-07-30_02h22m33s_C6H14O12P2_[M]-_-H2_170,2021-07-30_02h22m33s,"Fructose 1,6-bisphosphate",C6H14O12P2,[M]-,-H2,170,2.4384436416158293,5.794802153282071,0.062146892655367235,0.062146892655367235,0.017287796195349873,0.02010457987738911,0.01548629445222106,0.01548629445222106,2.440685223026464,161,5.090727806091309,4.214049339294434,901.058837890625,21.744813919067383,2.2761502265930176,0.877498984336853,0.876678466796875,5.800219554969985,2.2355695933631288,1.9080141555605223e-06,1.4906661363056628e-06,0.00033771852031350136,8.151922884280793e-06,9.77487047748582e-07,4.1755669144549756e-07,4.173479908331501e-07,0.0019072181818842325,0.0019061509177273896
2021-07-30_02h22m33s_C6H14O12P2_-H_-CO2_170,2021-07-30_02h22m33s,"Fructose 1,6-bisphosphate",C6H14O12P2,-H,-CO2,170,0.5426432559037646,0.7109391589601001,0.022598870056497175,0.022598870056497175,0.034475470018912005,0.03933766077653564,0.03164590605453869,0.03164590605453869,0.543980061477605,188,1.5943282842636108,-0.6395584344863892,282.19610595703125,10.555875778198242,2.8475239276885986,2.2415664196014404,2.23388671875,0.713382146346701,0.5597033146768439,5.768642381553946e-07,-4.8471730451638e-07,0.00010210496839135885,3.826573447440751e-06,1.2992197753192158e-06,1.0617754924169276e-06,1.0615815426717745e-06,0.0005762524991383907,0.0005761157371967559
2021-07-30_02h22m33s_C6H14O12P2_+Cl_-CO2_170,2021-07-30_02h22m33s,"Fructose 1,6-bisphosphate",C6H14O12P2,+Cl,-CO2,170,2.481626093812271,5.2132384593034224,0.05084745762711865,0.05084745762711865,0.017276671487373458,0.028609207837480468,0.010489572443609688,0.010489572443609688,2.48668399209888,184,3.169558525085449,2.565229892730713,561.0118408203125,14.324435234069824,1.7923649549484253,0.6069826483726501,0.6043286323547363,5.236095495360636,1.7673806529673162,1.35582138227619e-06,1.077966430784727e-06,0.00023998039250727743,6.124196715973085e-06,8.06844468570489e-07,2.785185699849535e-07,2.7785497991317243e-07,0.0013554447651981823,0.0013547283272189576
2021-07-30_02h22m33s_C6H14O12P2_+Cl_-HPO3_170,2021-07-30_02h22m33s,"Fructose 1,6-bisphosphate",C6H14O12P2,+Cl,-HPO3,170,0.5426432559037646,0.7109391589601001,0.022598870056497175,0.022598870056497175,0.034475470018912005,0.03933766077653564,0.03164590605453869,0.03164590605453869,0.543980061477605,188,1.5943282842636108,-0.6395584344863892,282.19610595703125,10.555875778198242,2.8475239276885986,2.2415664196014404,2.23388671875,0.713382146346701,0.5597033146768439,5.768642381553946e-07,-4.8471730451638e-07,0.00010210496839135885,3.826573447440751e-06,1.2992197753192158e-06,1.0617754924169276e-06,1.0615815426717745e-06,0.0005762524991383907,0.0005761157371967559
2021-07-30_02h22m33s_C6H14O12P2_[M]-_-CH2O2_170,2021-07-30_02h22m33s,"Fructose 1,6-bisphosphate",C6H14O12P2,[M]-,-CH2O2,170,0.0,0.0,0.0,0.0,0.005184113917009679,0.0071222502704652,0.0040576217729503695,0.0040576217729503695,0.0,115,0.0,-0.2386716604232788,0.0,0.0,0.4297780692577362,0.23991979658603668,0.2386716604232788,0.0,0.0,0.0,-1.0761333157915942e-07,0.0,0.0,1.8630660747476213e-07,1.0789698023927485e-07,1.0761333157915942e-07,0.0,0.0
2021-07-30_02h22m33s_C6H14O12P2_[M]-_-HPO3_170,2021-07-30_02h22m33s,"Fructose 1,6-bisphosphate",C6H14O12P2,[M]-,-HPO3,170,1.0993780599667677,2.3364618252468268,0.2542372881355932,0.24858757062146894,0.22019134497719434,0.2182053131385984,0.22125555929620638,0.22125555929620638,1.1057900992655993,188,33.156463623046875,19.023189544677734,5868.6943359375,68.28945922851562,13.708677291870117,14.189886093139648,14.13327407836914,2.34582005692029,2.418471486758391,1.4735842341906391e-05,8.30347380542662e-06,0.0026082440745085478,3.167034446960315e-05,6.134942850621883e-06,6.444303835451137e-06,6.432368536479771e-06,0.014641661777367872,0.014645990030081065
2021-07-30_02h22m33s_C6H14O12P2_-H_+H2_170,2021-07-30_02h22m33s,"Fructose 1,6-bisphosphate",C6H14O12P2,-H,+H2,170,2.2468684894978,5.931414869667123,0.03954802259887006,0.03954802259887006,0.013116030704194015,0.022328404856352926,0.007601396247142832,0.007601396247142832,2.283028713199574,169,2.576448440551758,2.1601452827453613,456.0313720703125,12.78132438659668,2.2164881229400635,0.4333733320236206,0.41630318760871887,6.174044476668472,1.1618769967235567,9.75423517957097e-07,7.905890129222826e-07,0.0001726499613141641,4.882043867837638e-06,9.436021741748846e-07,1.91728233289723e-07,1.8483449082395964e-07,0.0009752432593658225,0.0009745039738885935
2021-07-30_02h22m33s_C6H14O12P2_[M]-_-H3PO4_170,2021-07-30_02h22m33s,"Fructose 1,6-bisphosphate",C6H14O12P2,[M]-,-H3PO4,170,1.426679502621774,2.58027953297982,0.10734463276836158,0.10734463276836158,0.06911781065747025,0.07548984252915014,0.06524088806988323,0.06524088806988323,1.4428937107005457,189,10.981943130493164,6.783839702606201,1943.803955078125,36.002960205078125,4.88762092590332,4.255105972290039,4.198103427886963,2.6153066527392976,2.246429677601545,4.433563844941091e-06,2.536913825679221e-06,0.0007847407832741737,1.4965369700803421e-05,2.2037713733880082e-06,1.920430804602802e-06,1.8966500192618696e-06,0.004425170844573494,0.004423814768592895
2021-07-30_02h22m33s_C6H14O12P2_-H_-CH2O2_170,2021-07-30_02h22m33s,"Fructose 1,6-bisphosphate",C6H14O12P2,-H,-CH2O2,170,0.47934500529120894,0.755089233536812,0.011299435028248588,0.011299435028248588,0.018478139948826345,0.026836158192090395,0.013572656236157131,0.013572656236157131,0.4785965342514803,179,0.6425169110298157,-0.21084380149841309,113.72549438476562,6.013808250427246,1.9342681169509888,0.8499152064323425,0.8533607125282288,0.7520440741340695,0.33200408015923905,2.4312282675964525e-07,-1.3669270515492826e-07,4.303273817640729e-05,2.2742060536984354e-06,8.444440595667402e-07,3.7794342233610223e-07,3.798155319145735e-07,0.00024303051999342246,0.00024291769635399548
2021-07-30_02h22m33s_C6H14O12P2_+Cl_-H2_170,2021-07-30_02h22m33s,"Fructose 1,6-bisphosphate",C6H14O12P2,+Cl,-H2,170,0.8166569954810451,0.915286216728079,0.05649717514124294,0.05649717514124294,0.06265435532317276,0.06857795408101935,0.05918103371901412,0.05918103371901412,0.8192451378392783,189,3.0552785396575928,-0.2659733295440674,540.7843017578125,12.799248695373535,4.485733985900879,3.3370580673217773,3.32125186920166,0.9196408520320222,0.6809582536558899,1.2164759937149938e-06,-2.136800958396634e-07,0.00021531624952331185,5.126183623360703e-06,1.8611693803904927e-06,1.4342738268169342e-06,1.4301560895546572e-06,0.0012147387277263182,0.001214216131829257
2021-07-30_02h22m33s_C6H14O12P2_-H_+C12H14N2_170,2021-07-30_02h22m33s,"Fructose 1,6-bisphosphate",C6H14O12P2,-H,+C12H14N2,170,16.950740096089046,195.22907026506329,0.1977401129943503,0.1977401129943503,0.0048281232617643785,0.009165765115999518,0.0016655740028704573,0.0016655740028704573,16.889310341652934,120,19.305639266967773,19.205259323120117,3417.09814453125,42.59633255004883,0.6296005845069885,0.09788711369037628,0.10038077086210251,190.4270317023648,30.614686603979546,7.31493173589115e-06,7.274290055647725e-06,0.001294742920435965,1.5969102605595253e-05,2.3789310432675848e-07,3.9632126913602406e-08,4.064174419227129e-08,0.007314634456388714,0.007313191977948978
2021-07-30_02h22m33s_C21H41O7P_-H__48,2021-07-30_02h22m33s,Lyso PA 18:1,C21H41O7P,-H,,48,63.190564492304894,28267.26843831348,0.6610169491525424,0.3954802259887006,0.0041272666592501945,0.006851785070320952,0.0004606906816450201,0.0004606906816450201,63.783760491996446,4,10315.142578125,10314.8466796875,1825780.25,27305.626953125,32.6908073425293,0.36391472816467285,0.29597458243370056,34734.092371113446,315.5268373524845,0.004293286707252264,0.004293130710721016,0.7599117755889893,0.00993408728390932,1.2984122804482467e-05,1.8970760606862314e-07,1.5603259839735983e-07,4.292616919080455,4.238256662272403
2021-07-30_02h22m33s_C21H41O7P_-H_-H2O_48,2021-07-30_02h22m33s,Lyso PA 18:1,C21H41O7P,-H,-H2O,48,3.09407343168198,10.846243028945114,0.03954802259887006,0.011299435028248588,0.004427633774613416,0.007032095203750451,0.002781862962241083,0.002781862962241083,3.1301149402873576,5,24.631305694580078,22.38274383544922,4359.7412109375,133.49346923828125,87.69108581542969,2.2699527740478516,2.248561382293701,10.949381460960835,0.2808840212379362,9.644704732636455e-06,8.486092156090308e-06,0.0017071127658709884,5.0177866796730086e-05,3.379235931788571e-05,1.1738551393136731e-06,1.1586126902329852e-06,0.009633543187247802,0.009329440913067108
2021-07-30_02h22m33s_C21H41O7P_-H_+C12H14N2_48,2021-07-30_02h22m33s,Lyso PA 18:1,C21H41O7P,-H,+C12H14N2,48,10.197262655536171,192.60694859037204,0.11299435028248588,0.11299435028248588,0.002625431082434086,0.00465801178026205,0.001080851214628701,0.001080851214628701,10.23897928343889,43,12.364152908325195,12.303537368774414,2188.455078125,38.69818878173828,0.5052794814109802,0.06319370120763779,0.060615405440330505,200.66658362410467,24.421595901668397,5.711131962016225e-06,5.68252517041401e-06,0.0010108703281730413,1.7106529412558302e-05,2.0954973933839938e-07,2.9796371592283322e-08,2.8606857327417856e-08,0.005710968589152593,0.005709935446531765
2021-07-30_02h22m33s_C21H41O7P_-H_+H2_48,2021-07-30_02h22m33s,Lyso PA 18:1,C21H41O7P,-H,+H2,48,1.327872235148463,6.9650876347253705,0.01694915254237288,0.01694915254237288,0.005184113917009679,0.009225868493809353,0.0027641440898701205,0.0027641440898701205,1.3977622089900223,70,1.0346516370773315,0.9258202314376831,183.13333129882812,8.071484565734863,2.168041706085205,0.14754825830459595,0.10883142054080963,9.42036105863613,0.47700864126984566,5.077638434158871e-07,4.5577800733553886e-07,8.987420005723834e-05,4.120051926292945e-06,8.927972316996602e-07,7.136635815641057e-08,5.198584673848927e-08,0.0005077374482547187,0.0005073109176330133
2021-07-30_02h22m33s_C21H41O7P_[M]-_+C12H14N2_48,2021-07-30_02h22m33s,Lyso PA 18:1,C21H41O7P,[M]-,+C12H14N2,48,1.6093667615019234,40.003673709662635,0.01694915254237288,0.01694915254237288,0.0011458449215708088,0.002103618223344152,0.0005315661711288693,0.0005315661711288693,1.6100744112703747,25,1.2963775396347046,1.265137791633606,229.45883178710938,10.067185401916504,0.34228283166885376,0.0314064621925354,0.03123972751200199,40.21056130676346,3.7764123924649087,5.245155421107484e-07,5.102367026665888e-07,9.283924737246707e-05,4.084101419721264e-06,1.4869154085772607e-07,1.4349353705256362e-08,1.4278858095906344e-08,0.0005245080527346932,0.0005244375626814696
2021-07-30_02h22m33s_C21H41O7P_[M]-_-H2O_48,2021-07-30_02h22m33s,Lyso PA 18:1,C21H41O7P,[M]-,-H2O,48,5.770359735630004,7.5789561072542675,0.096045197740113,0.01694915254237288,0.009756368895316498,0.014575069118884482,0.006644577139110867,0.006644577139110867,5.857868296810682,8,10.928813934326172,9.493581771850586,1934.400146484375,38.67137908935547,35.271583557128906,1.4409946203231812,1.4352322816848755,7.6093638011710345,0.3098387708579788,4.604557489074068e-06,3.824668965535238e-06,0.0008150066714733839,1.516826159786433e-05,1.4202905731508508e-05,7.827432000340195e-07,7.798887509125052e-07,0.004600969244916663,0.004540075228588469
2021-07-30_02h22m33s_C21H41O7P_-H_-CO2_48,2021-07-30_02h22m33s,Lyso PA 18:1,C21H41O7P,-H,-CO2,48,0.0,0.0,0.0,0.0,0.0017354544443208366,0.00288496213487198,0.0010631323422577387,0.0010631323422577387,0.0,32,0.0,-0.06244169548153877,0.0,0.0,0.22560687363147736,0.060890525579452515,0.06244169548153877,0.0,0.0,0.0,-2.9284588975997394e-08,0.0,0.0,9.322565830416352e-08,2.8557105125059934e-08,2.9284588975997394e-08,0.0,0.0
2021-07-30_02h22m33s_C21H41O7P_+Cl_-CH2O3_48,2021-07-30_02h22m33s,Lyso PA 18:1,C21H41O7P,+Cl,-CH2O3,48,1.917457327056017,2.522093777120629,0.12429378531073447,0.12429378531073447,0.05735899432639893,0.06130544536602957,0.054822191115757396,0.054822191115757396,1.9095031123637478,189,9.220760345458984,5.538789749145508,1632.0745849609375,27.006649017333984,4.895544528961182,3.654994249343872,3.6819703578948975,2.503620569656,1.883115795418938,3.92115316572017e-06,2.16931471186399e-06,0.0006940441089682281,1.1093509783677291e-05,2.329915105292457e-06,1.737019715619681e-06,1.7518384538561804e-06,0.003914295951552467,0.003912038448247114
2021-07-30_02h22m33s_C21H41O7P_+Cl_+C12H14N2_48,2021-07-30_02h22m33s,Lyso PA 18:1,C21H41O7P,+Cl,+C12H14N2,48,0.5550516267742263,0.936909808744107,0.01694915254237288,0.01694915254237288,0.02349538324618979,0.028549104459670634,0.020536173077945318,0.020536173077945318,0.5557819347391734,184,1.2480336427688599,-0.0813302993774414,220.90196228027344,9.532308578491211,1.9092718362808228,1.3310744762420654,1.3293639421463013,0.9381144536700113,0.6533277720299231,5.690725970453059e-07,-4.387578655951074e-08,0.00010072585428133607,4.355204509920441e-06,8.830309070617659e-07,6.13327188148105e-07,6.129483836048166e-07,0.0005687239985896531,0.0005685705316929764
2021-07-30_02h22m33s_C21H41O7P_+Cl_-CH2O2_48,2021-07-30_02h22m33s,Lyso PA 18:1,C21H41O7P,+Cl,-CH2O2,48,1.0929795666446502,1.6713445113843326,0.03389830508474576,0.03389830508474576,0.024496606964067195,0.030352205793965623,0.021014582631961303,0.021014582631961303,1.0952494909084938,188,2.076171398162842,0.8385571241378784,367.4823303222656,11.295913696289062,1.9754889011383057,1.2412163019180298,1.2376142740249634,1.6762049668749404,1.0504341294135913,8.648535185784567e-07,3.204881409146765e-07,0.0001530790759716183,4.697084932558937e-06,8.674840046296595e-07,5.466984589475032e-07,5.443653776637802e-07,0.0008643829784119673,0.0008641039222475692
2021-07-30_02h22m33s_C21H41O7P_+Cl__48,2021-07-30_02h22m33s,Lyso PA 18:1,C21H41O7P,+Cl,,48,2.6562902050587134,6.745781327109036,0.05649717514124294,0.05649717514124294,0.014039381466236511,0.018511840365428536,0.011269202827932031,0.011269202827932031,2.654477341442187,180,4.409969806671143,3.756882905960083,780.564697265625,20.241304397583008,1.1413731575012207,0.6527374386787415,0.6530869007110596,6.74217722733333,3.8603583931517846,1.798568519006949e-06,1.4944042732167873e-06,0.00031834663241170347,7.880079465394374e-06,5.113250836075167e-07,3.0437306008934684e-07,3.0416421736845223e-07,0.0017980216251665185,0.0017976493358100188
2021-07-30_02h22m33s_C21H41O7P_-H_+HCl_48,2021-07-30_02h22m33s,Lyso PA 18:1,C21H41O7P,-H,+HCl,48,2.6562902050587134,6.745781327109036,0.05649717514124294,0.05649717514124294,0.014039381466236511,0.018511840365428536,0.011269202827932031,0.011269202827932031,2.654477341442187,180,4.409969806671143,3.756882905960083,780.564697265625,20.241304397583008,1.1413731575012207,0.6527374386787415,0.6530869007110596,6.74217722733333,3.8603583931517846,1.798568519006949e-06,1.4944042732167873e-06,0.00031834663241170347,7.880079465394374e-06,5.113250836075167e-07,3.0437306008934684e-07,3.0416421736845223e-07,0.0017980216251665185,0.0017976493358100188
2021-07-30_02h22m33s_C21H41O7P_+Cl_-H2O_48,2021-07-30_02h22m33s,Lyso PA 18:1,C21H41O7P,+Cl,-H2O,48,1.2301080422265445,2.1471286721427187,0.2824858757062147,0.2824858757062147,0.23160529536099678,0.2516227912008655,0.2196431419104488,0.2196431419104488,1.2332364379452836,189,29.3846435546875,15.720105171203613,5201.08203125,70.12273406982422,16.488876342773438,13.684553146362305,13.664538383483887,2.1502733906336,1.7819808313823464,1.2722317478619516e-05,6.31828925179434e-06,0.0022518502082675695,2.6370620616944507e-05,7.737053238088265e-06,6.422693786589662e-06,6.404028226825176e-06,0.012641361840567014,0.012624639967082501
2021-07-30_02h22m33s_C21H41O7P_+Cl_+HCl_48,2021-07-30_02h22m33s,Lyso PA 18:1,C21H41O7P,+Cl,+HCl,48,0.7428569732968491,0.8481234593327917,0.2598870056497175,0.2598870056497175,0.3460340416064078,0.3569840125015026,0.3398479720750571,0.3398479720750571,0.7434181173445155,189,23.963665008544922,-4.2411956787109375,4241.56884765625,42.547176361083984,29.720375061035156,28.253925323486328,28.20486068725586,0.8495987863746461,0.8062771308303761,1.2457308002922218e-05,-7.42397787689697e-07,0.00220494344830513,2.216578104707878e-05,1.368852099403739e-05,1.3234111975179985e-05,1.3199705790611915e-05,0.012295017390674854,0.012289088556222778
2021-07-30_02h22m33s_C21H41O7P_+Cl_-HPO3_48,2021-07-30_02h22m33s,Lyso PA 18:1,C21H41O7P,+Cl,-HPO3,48,0.0,0.0,0.0,0.0,0.0017354544443208366,0.00288496213487198,0.0010631323422577387,0.0010631323422577387,0.0,32,0.0,-0.06244169548153877,0.0,0.0,0.22560687363147736,0.060890525579452515,0.06244169548153877,0.0,0.0,0.0,-2.9284588975997394e-08,0.0,0.0,9.322565830416352e-08,2.8557105125059934e-08,2.9284588975997394e-08,0.0,0.0
2021-07-30_02h22m33s_C21H41O7P_+Cl_+H2_48,2021-07-30_02h22m33s,Lyso PA 18:1,C21H41O7P,+Cl,+H2,48,0.0,0.0,0.0,0.0,0.005362109244632329,0.007272508714989782,0.004252529369030955,0.004252529369030955,0.0,107,0.0,-0.24339422583580017,0.0,0.0,0.44475939869880676,0.2402312308549881,0.24339422583580017,0.0,0.0,0.0,-1.1270473976310313e-07,0.0,0.0,1.854152458236058e-07,1.1145863965111857e-07,1.1270473976310313e-07,0.0,0.0
2021-07-30_02h22m33s_C21H41O7P_[M]-_-CO2_48,2021-07-30_02h22m33s,Lyso PA 18:1,C21H41O7P,[M]-,-CO2,48,0.0,0.0,0.0,0.0,0.0006897318945377684,0.001051809111672076,0.0004784095540159824,0.0004784095540159824,0.0,19,0.0,-0.027303623035550117,0.0,0.0,0.07203413546085358,0.02662534825503826,0.027303623035550117,0.0,0.0,0.0,-1.2846427033252894e-08,0.0,0.0,2.8912827687577192e-08,1.2527299197984121e-08,1.2846427033252894e-08,0.0,0.0
2021-07-30_02h22m33s_C21H41O7P_[M]-_+HCl_48,2021-07-30_02h22m33s,Lyso PA 18:1,C21H41O7P,[M]-,+HCl,48,2.532162818782634,5.997774525273571,0.04519774011299435,0.04519774011299435,0.008521526309934364,0.009466282005048683,0.007849460460336305,0.007849460460336305,2.529575051729948,143,2.759321928024292,2.2986385822296143,488.3999938964844,12.829224586486816,0.5538240075111389,0.45905762910842896,0.46068331599235535,5.976655062991234,4.9733282818856654,1.0793706906042644e-06,8.639830184620223e-07,0.00019104861712548882,5.010040695196949e-06,2.4889794758564676e-07,2.1454606269344367e-07,2.1538764372053265e-07,0.0010791382575577203,0.0010791021043052675
2021-07-30_02h22m33s_C21H41O7P_-H_-CH2O3_48,2021-07-30_02h22m33s,Lyso PA 18:1,C21H41O7P,-H,-CH2O3,48,0.42379827391394226,1.5752416053602571,0.005649717514124294,0.005649717514124294,0.003648904216264323,0.004177184757783388,0.0033311480057409146,0.0033311480057409146,0.42398882305833574,88,0.3043314516544342,0.11285217106342316,53.866668701171875,4.037412643432617,0.24725739657878876,0.19219668209552765,0.19147928059101105,1.5811127863735728,1.2258706320472081,1.313662494339951e-07,4.284111554397896e-08,2.325182686035987e-05,1.7427704506189912e-06,1.0944916084554279e-07,8.87899105350698e-08,8.852513389001615e-08,0.000131354621248562,0.00013135187308171083
2021-07-30_02h22m33s_C21H41O7P_-H_-H3PO4_48,2021-07-30_02h22m33s,Lyso PA 18:1,C21H41O7P,-H,-H3PO4,48,0.40219113175573956,0.5099437850667183,0.01694915254237288,0.01694915254237288,0.02765602402936923,0.02010457987738911,0.03214203448092563,0.03214203448092563,0.4027010642474115,184,0.9796167612075806,-0.9401146173477173,173.3921661376953,7.50834846496582,1.1904221773147583,1.9200289249420166,1.9197313785552979,0.5100227820219252,0.8222247158563497,4.631477565908426e-07,-4.667615769449185e-07,8.197715214919299e-05,3.55114093508746e-06,5.803076987831446e-07,9.307080404141743e-07,9.299093335357611e-07,0.00046271747129549484,0.0004628791442598225
2021-07-30_02h22m33s_C21H41O7P_+Cl_-CO2_48,2021-07-30_02h22m33s,Lyso PA 18:1,C21H41O7P,+Cl,-CO2,48,1.1096621883105797,2.0953241054884035,0.022598870056497175,0.022598870056497175,0.011625319835354322,0.013703570140641904,0.010365540337012952,0.010365540337012952,1.1131058428955314,149,1.293187141418457,0.6807757019996643,228.8941192626953,8.53359317779541,0.854601263999939,0.6161776185035706,0.6124114394187927,2.1081888245249414,1.5114366888295636,4.789299055119045e-07,1.9750504520743561e-07,8.47705960040912e-05,3.1627691896574106e-06,3.770142029679846e-07,2.8295096399233444e-07,2.814248603044689e-07,0.0004787951606507039,0.00047874941018460237
2021-07-30_02h22m33s_C21H41O7P_+Cl_-H3PO4_48,2021-07-30_02h22m33s,Lyso PA 18:1,C21H41O7P,+Cl,-H3PO4,48,0.42379827391394226,1.5752416053602571,0.005649717514124294,0.005649717514124294,0.003648904216264323,0.004177184757783388,0.0033311480057409146,0.0033311480057409146,0.42398882305833574,88,0.3043314516544342,0.11285217106342316,53.866668701171875,4.037412643432617,0.24725739657878876,0.19219668209552765,0.19147928059101105,1.5811127863735728,1.2258706320472081,1.313662494339951e-07,4.284111554397896e-08,2.325182686035987e-05,1.7427704506189912e-06,1.0944916084554279e-07,8.87899105350698e-08,8.852513389001615e-08,0.000131354621248562,0.00013135187308171083
2021-07-30_02h22m33s_C21H41O7P_[M]-__48,2021-07-30_02h22m33s,Lyso PA 18:1,C21H41O7P,[M]-,,48,0.4330066506574585,2.4219777449901674,0.005649717514124294,0.005649717514124294,0.0029925464456558013,0.00288496213487198,0.0030476460478055176,0.0030476460478055176,0.44651712987697356,59,0.4341641962528229,0.2814626693725586,76.84706115722656,5.759838581085205,0.17330138385295868,0.1782601922750473,0.15270154178142548,2.8247224537944793,2.4908820954576325,1.4454332131208503e-07,7.17367498737076e-08,2.558416781539563e-05,1.9175836314389016e-06,7.968834836447058e-08,8.594754774549074e-08,7.280657143837743e-08,0.00014453279837457498,0.00014453180381135316
2021-07-30_02h22m33s_C21H41O7P_[M]-_+H2_48,2021-07-30_02h22m33s,Lyso PA 18:1,C21H41O7P,[M]-,+H2,48,2.5657265988431432,30.78155065253326,0.02824858757062147,0.02824858757062147,0.0014462120369340304,0.002043514845534319,0.0010099757251448517,0.0010099757251448517,2.5639663840177334,33,1.7696908712387085,1.7129088640213013,313.23529052734375,10.724104881286621,0.16802430152893066,0.05649193376302719,0.05678204819560051,30.627001404450937,10.470038066897756,9.464379218115937e-07,9.212781719725172e-07,0.00016751950897742063,6.210239007486962e-06,6.86721435272375e-08,2.4934992737257744e-08,2.5159733851864985e-08,0.0009464141102844653,0.0009463729323537528
2021-07-30_02h22m33s_C21H41O7P_[M]-_-CH2O2_48,2021-07-30_02h22m33s,Lyso PA 18:1,C21H41O7P,[M]-,-CH2O2,48,0.0,0.0,0.0,0.0,0.0006452330626321059,0.000661137155908162,0.0006378794053546432,0.0006378794053546432,0.0,18,0.0,-0.03457329049706459,0.0,0.0,0.03822292014956474,0.03468771651387215,0.03457329049706459,0.0,0.0,0.0,-1.547298644766215e-08,0.0,0.0,1.7730549473071733e-08,1.5435634992400082e-08,1.547298644766215e-08,0.0,0.0
2021-07-30_02h22m33s_C21H41O7P_[M]-_-HPO3_48,2021-07-30_02h22m33s,Lyso PA 18:1,C21H41O7P,[M]-,-HPO3,48,0.0,0.0,0.0,0.0,5.5623539882078096e-05,9.015506671474937e-05,3.5437744741924624e-05,3.5437744741924624e-05,0.0,3,0.0,-0.0019615325145423412,0.0,0.0,0.005380784161388874,0.0019128044368699193,0.0019615325145423412,0.0,0.0,0.0,-8.832418685322807e-10,0.0,0.0,2.6523394591748684e-09,8.613005308966137e-10,8.832418685322807e-10,0.0,0.0
2021-07-30_02h22m33s_C21H41O7P_-H_-HPO3_48,2021-07-30_02h22m33s,Lyso PA 18:1,C21H41O7P,-H,-HPO3,48,0.0,0.0,0.0,0.0,0.0005228612748915341,0.0006010337780983291,0.0004784095540159824,0.0004784095540159824,0.0,19,0.0,-0.02764037996530533,0.0,0.0,0.03598177433013916,0.026953741908073425,0.02764037996530533,0.0,0.0,0.0,-1.2813632821462306e-08,0.0,0.0,1.4714748530764155e-08,1.2495318557625978e-08,1.2813632821462306e-08,0.0,0.0
2021-07-30_02h22m33s_C21H41O7P_-H_-CH2O2_48,2021-07-30_02h22m33s,Lyso PA 18:1,C21H41O7P,-H,-CH2O2,48,0.0,0.0,0.0,0.0,0.0020358215596840584,0.0019233080899146533,0.002108545812144515,0.002108545812144515,0.0,51,0.0,-0.11808014661073685,0.0,0.0,0.1098732128739357,0.11811859160661697,0.11808014661073685,0.0,0.0,0.0,-5.312800155365949e-08,0.0,0.0,5.0203411205984594e-08,5.3185797099786214e-08,5.312800155365949e-08,0.0,0.0
2021-07-30_02h22m33s_C21H41O7P_[M]-_-CH2O3_48,2021-07-30_02h22m33s,Lyso PA 18:1,C21H41O7P,[M]-,-CH2O3,48,0.0,0.0,0.0,0.0,0.00026699299143397487,0.00045077533357374685,0.0001594698513386608,0.0001594698513386608,0.0,11,0.0,-0.008449525572359562,0.0,0.0,0.02478969842195511,0.009197833016514778,0.008449525572359562,0.0,0.0,0.0,-3.574133877748409e-09,0.0,0.0,9.714461235432736e-09,3.857345554081348e-09,3.574133877748409e-09,0.0,0.0
2021-07-30_02h22m33s_C20H32N6O12S2_-H__86,2021-07-30_02h22m33s,Oxidized glutathione,C20H32N6O12S2,-H,,86,37.78615453966499,929051.7491527506,0.3785310734463277,0.3389830508474576,0.0011347202135943931,0.0010217574227671595,1.7718872370962312e-05,1.7718872370962312e-05,37.85310734463277,2,8401.3955078125,8401.3955078125,1487047.0,20484.666015625,3.9422810077667236,0.008042979054152966,0.0,8401395.5078125,2130.5596763875137,0.003151918528601527,0.003151918528601527,0.5578895807266235,0.00726407952606678,1.4758427369088167e-06,3.780197488367776e-09,0.0,3.151918528601527,3.147273647647582
2021-07-30_02h22m33s_C20H32N6O12S2_-H_-CH2O2_86,2021-07-30_02h22m33s,Oxidized glutathione,C20H32N6O12S2,-H,-CH2O2,86,31.865660243979487,4549.023297014544,0.3389830508474576,0.3389830508474576,0.0029369229057737236,0.005048683736025965,0.0006378794053546432,0.0006378794053546432,31.92622566910769,90,153.150390625,153.11880493164062,27107.619140625,345.563720703125,0.3134256899356842,0.0326666533946991,0.031580016016960144,4700.746326989976,487.0797632862853,5.301091732690111e-05,5.2998188039055094e-05,0.00938293244689703,0.00011201910820091143,1.1436942060072397e-07,1.311359731914763e-08,1.2730408727179565e-08,0.05301024248484755,0.05300485519232374
2021-07-30_02h22m33s_C20H32N6O12S2_[M]-_-CH2O2_86,2021-07-30_02h22m33s,Oxidized glutathione,C20H32N6O12S2,[M]-,-CH2O2,86,21.640267223960013,1341.7874859098274,0.22598870056497175,0.22598870056497175,0.0017020803203915897,0.002644548623632648,0.00044297180927405777,0.00044297180927405777,21.617044723420296,58,33.534950256347656,33.51034927368164,5935.6865234375,79.07660675048828,0.15790453553199768,0.023992743343114853,0.024600377306342125,1309.9396878045175,211.0383454070442,1.1480487955850549e-05,1.147062357631512e-05,0.002032046439126134,2.5691857445053756e-05,5.844322714665395e-08,9.620372054541804e-09,9.864014494098683e-09,0.01148037471326798,0.011479817038295778
2021-07-30_02h22m33s_C20H32N6O12S2_-H_-H2_86,2021-07-30_02h22m33s,Oxidized glutathione,C20H32N6O12S2,-H,-H2,86,16.08875161170568,459.0153866249598,0.1751412429378531,0.1751412429378531,0.00467237735009456,0.010187522538766678,0.0008859436185481155,0.0008859436185481155,16.08244404689163,113,24.8568058013916,24.80326271057129,4399.65478515625,64.85867309570312,1.1469355821609497,0.05315244570374489,0.05354245752096176,455.73314682123794,21.653484906007975,9.189760021399707e-06,9.16553835850209e-06,0.0016265874728560448,2.3052323740557767e-05,4.961536888004048e-07,2.4008803833908132e-08,2.4221996852702432e-08,0.00918953743245294,0.009185202749173324
2021-07-30_02h22m33s_C20H32N6O12S2_[M]-__86,2021-07-30_02h22m33s,Oxidized glutathione,C20H32N6O12S2,[M]-,,86,39.971344918461305,417753.9735708664,0.4011299435028249,0.3333333333333333,0.0016464567805095115,0.0022538766678687344,3.5437744741924624e-05,3.5437744741924624e-05,40.040250766599556,2,2102.76904296875,2102.76708984375,372190.125,5149.197265625,1.029561996459961,0.004033510573208332,0.002067830879241228,685425.3463570428,2040.4100385924198,0.0007892518769949675,0.0007892511785030365,0.1396975815296173,0.0018238489283248782,3.834908852695662e-07,1.6507081257444156e-09,7.206334418086158e-10,0.7892513082340807,0.7889493221209944
2021-07-30_02h22m33s_C20H32N6O12S2_+Cl_-CH2O2_86,2021-07-30_02h22m33s,Oxidized glutathione,C20H32N6O12S2,+Cl,-CH2O2,86,0.0,0.0,0.0,0.0,0.0004116141951273779,0.0011119124894819088,0.0,0.0,0.0,1,0.0,0.0,0.0,0.0,2.19316029548645,0.0,0.0,0.0,0.0,0.0,0.0,0.0,0.0,9.239775522473792e-07,0.0,0.0,0.0,0.0
2021-07-30_02h22m33s_C20H32N6O12S2_+Cl_-NH3_86,2021-07-30_02h22m33s,Oxidized glutathione,C20H32N6O12S2,+Cl,-NH3,86,11.005802534763044,196.08680428972477,0.12429378531073447,0.12429378531073447,0.0022471910112359553,0.0032155307128260606,0.0012934776830802487,0.0012934776830802487,11.044836099089093,67,15.638528823852539,15.56177806854248,2768.01953125,46.07767868041992,0.21626020967960358,0.07875309139490128,0.07675033062696457,201.13777906468408,71.98063946874984,5.683009476342704e-06,5.648608293995494e-06,0.0010058926418423653,1.6655874787829816e-05,9.05960035879616e-08,3.520590041716787e-08,3.440111129293655e-08,0.005682813981226479,0.005682494665035642
2021-07-30_02h22m33s_C20H32N6O12S2_[M]-_+C12H14N2_86,2021-07-30_02h22m33s,Oxidized glutathione,C20H32N6O12S2,[M]-,+C12H14N2,86,1.0328252004883598,0.7979893733409447,0.2542372881355932,0.2542372881355932,0.2200800978974302,0.1926313258805145,0.2361571309601857,0.2361571309601857,1.0313634702649797,189,30.741178512573242,-7.801095962524414,5441.1884765625,68.98966979980469,28.609638214111328,38.52229309082031,38.542274475097656,0.7975756842464111,1.0744667169784101,1.2664415407925844e-05,-4.9986992962658405e-06,0.0022416014689952135,2.6988043828168884e-05,1.2961730135430116e-05,1.7632139133638702e-05,1.7663114704191685e-05,0.012444604923710006,0.01250236315071118
2021-07-30_02h22m33s_C20H32N6O12S2_[M]-_+H2_86,2021-07-30_02h22m33s,Oxidized glutathione,C20H32N6O12S2,[M]-,+H2,86,0.0,0.0,0.0,0.0,0.0047057514740238065,0.008714989782425773,0.0023566100253379877,0.0023566100253379877,0.0,122,0.0,-0.14292603731155396,0.0,0.0,0.6860376596450806,0.14573530852794647,0.14292603731155396,0.0,0.0,0.0,-6.264838958713881e-08,0.0,0.0,2.8218985903549765e-07,6.361252502529169e-08,6.264838958713881e-08,0.0,0.0
2021-07-30_02h22m33s_C20H32N6O12S2_[M]-_-H2_86,2021-07-30_02h22m33s,Oxidized glutathione,C20H32N6O12S2,[M]-,-H2,86,6.915745525268576,179.190747653999,0.07344632768361582,0.07344632768361582,0.00233618867504728,0.004868373602596466,0.0006201605329836809,0.0006201605329836809,6.941102303606039,72,6.880380630493164,6.845571041107178,1217.827392578125,25.11362075805664,0.3836660385131836,0.03739696368575096,0.03480943292379379,192.13877653788407,17.886633967186977,2.572689709268161e-06,2.557489779064781e-06,0.0004553660692181438,9.333013622381259e-06,1.6315011919232347e-07,1.6345385489557884e-08,1.5199981717728406e-08,0.0025726506050259986,0.0025722700431040336
2021-07-30_02h22m33s_C20H32N6O12S2_-H_+HCl_86,2021-07-30_02h22m33s,Oxidized glutathione,C20H32N6O12S2,-H,+HCl,86,1.0413740298990244,14.598303754255436,0.011299435028248588,0.011299435028248588,0.0029369229057737236,0.006431061425652121,0.000850505873806191,0.000850505873806191,1.0393108672023246,93,0.7607843279838562,0.7083752751350403,134.65882873535156,7.162618160247803,0.541176438331604,0.05111457034945488,0.05240907892584801,14.244475719944777,1.4032043338603144,2.2782879227634112e-07,2.042618802988727e-07,4.0325696318177506e-05,2.1519986148632597e-06,2.183350176210297e-07,2.2984803393910624e-08,2.3566910201111568e-08,0.00022782342318218528,0.00022777906013123365
2021-07-30_02h22m33s_C20H32N6O12S2_+Cl__86,2021-07-30_02h22m33s,Oxidized glutathione,C20H32N6O12S2,+Cl,,86,1.0413740298990244,14.598303754255436,0.011299435028248588,0.011299435028248588,0.0029369229057737236,0.006431061425652121,0.000850505873806191,0.000850505873806191,1.0393108672023246,93,0.7607843279838562,0.7083752751350403,134.65882873535156,7.162618160247803,0.541176438331604,0.05111457034945488,0.05240907892584801,14.244475719944777,1.4032043338603144,2.2782879227634112e-07,2.042618802988727e-07,4.0325696318177506e-05,2.1519986148632597e-06,2.183350176210297e-07,2.2984803393910624e-08,2.3566910201111568e-08,0.00022782342318218528,0.00022777906013123365
2021-07-30_02h22m33s_C20H32N6O12S2_-H_+H2_86,2021-07-30_02h22m33s,Oxidized glutathione,C20H32N6O12S2,-H,+H2,86,0.4932981223519544,3.5882871772142413,0.005649717514124294,0.005649717514124294,0.004383134942707754,0.009346075249429018,0.0014529475344189095,0.0014529475344189095,0.4964280145107091,131,0.3190428614616394,0.23577789962291718,56.47058868408203,4.232581615447998,0.705152690410614,0.08791229873895645,0.08326496183872223,3.786186506228616,0.45180435590512613,1.0635244507284369e-07,6.864594581657002e-08,1.882438300526701e-05,1.410924710398831e-06,2.9606744078591873e-07,3.996818875862118e-08,3.7706499256273673e-08,0.00010634843504565673,0.00010632096689627283
2021-07-30_02h22m33s_C20H32N6O12S2_[M]-_-NH3_86,2021-07-30_02h22m33s,Oxidized glutathione,C20H32N6O12S2,[M]-,-NH3,86,3.019976967647662,6.259288047575446,0.12994350282485875,0.12994350282485875,0.032817888530426075,0.031944945305926196,0.03302797809947375,0.03302797809947375,3.0391727079151276,187,13.529012680053711,11.388551712036133,2394.63525390625,38.50016784667969,2.1622960567474365,2.1604299545288086,2.1404614448547363,6.317654101389361,6.253888661173303,5.3068283705215435e-06,4.36280652138521e-06,0.0009393086074851453,1.4782413018110674e-05,9.248924470739439e-07,9.528649798085098e-07,9.440217354494962e-07,0.0053018233340566805,0.00530192466044814
2021-07-30_02h22m33s_C20H32N6O12S2_-H_-CH2O3_86,2021-07-30_02h22m33s,Oxidized glutathione,C20H32N6O12S2,-H,-CH2O3,86,0.9865962447039088,7.296910891022456,0.011299435028248588,0.011299435028248588,0.0036711536322171544,0.007392715470609448,0.0014529475344189095,0.0014529475344189095,0.9896962307017282,128,0.607820987701416,0.5275159478187561,107.58432006835938,5.689062595367432,0.47994673252105713,0.0822983980178833,0.0803050622344017,7.475807422040635,1.2638010544646001,1.8949138791413134e-07,1.5713308698650508e-07,3.3539974538143724e-05,1.7727871863826294e-06,1.8260939782521746e-07,3.324536024251756e-08,3.23582938221989e-08,0.00018948525649452671,0.00018945679132355384
2021-07-30_02h22m33s_C20H32N6O12S2_[M]-_-CH2O3_86,2021-07-30_02h22m33s,Oxidized glutathione,C20H32N6O12S2,[M]-,-CH2O3,86,0.5058189751172054,4.551225336594401,0.005649717514124294,0.005649717514124294,0.002080320391589721,0.003606202668589975,0.0011694455764835127,0.0011694455764835127,0.5053010108866053,81,0.3041542172431946,0.23756471276283264,53.835296630859375,4.035061359405518,0.22285766899585724,0.0658290833234787,0.06658951193094254,4.500020913806193,1.3586946500761756,9.803791556350916e-08,6.868356194900116e-08,1.73527114384342e-05,1.3006199424125953e-06,8.540713025695368e-08,2.8989786571287368e-08,2.935435006179432e-08,9.8035037808691e-05,9.802954314154904e-05
2021-07-30_02h22m33s_C20H32N6O12S2_-H_-H2O_86,2021-07-30_02h22m33s,Oxidized glutathione,C20H32N6O12S2,-H,-H2O,86,8.966541476712552,51.47255384761365,0.1751412429378531,0.1751412429378531,0.013060407164311937,0.018181271787474456,0.009532753335577723,0.009532753335577723,8.930916719961692,170,31.4711856842041,30.855501174926758,5570.39990234375,80.77838134765625,1.2851897478103638,0.610416829586029,0.6156838536262512,51.0329328377026,24.468540305022106,1.1743718459911179e-05,1.1468341654108372e-05,0.0020786381792277098,2.914058495662175e-05,5.582534186032717e-07,2.730106132275978e-07,2.7537663527255063e-07,0.01174048540454401,0.011737166146785022
2021-07-30_02h22m33s_C20H32N6O12S2_-H_+C12H14N2_86,2021-07-30_02h22m33s,Oxidized glutathione,C20H32N6O12S2,-H,+C12H14N2,86,2.0576087735810678,3.887019580113761,0.096045197740113,0.096045197740113,0.035387696072978085,0.0328765476619786,0.036678065807891985,0.036678065807891985,2.058306365837901,188,9.580857276916504,7.117578506469727,1695.811767578125,33.987937927246094,2.1937620639801025,2.463833808898926,2.4632790088653564,3.8878946914894508,4.365328449108533,3.5099926662951475e-06,2.4283990569529124e-06,0.0006212687003426254,1.2436136785254348e-05,9.620855507819215e-07,1.0813618018801208e-06,1.0815937230290729e-06,0.003506200381970326,0.003506618998824281
2021-07-30_02h22m33s_C20H32N6O12S2_+Cl_-CO2_86,2021-07-30_02h22m33s,Oxidized glutathione,C20H32N6O12S2,+Cl,-CO2,86,1.0534156213378025,14.760846090926814,0.011299435028248588,0.011299435028248588,0.0030815441094671266,0.007032095203750451,0.0007264737672094548,0.0007264737672094548,1.055180093072777,113,0.666777491569519,0.6235979199409485,118.01961517333984,6.237878799438477,0.5023747682571411,0.04417203739285469,0.043179575353860855,15.092437766295761,1.3246144495444916,3.0219902669159637e-07,2.824465070716542e-07,5.3489227866521105e-05,2.9065849957987666e-06,2.0693580893293984e-07,2.0145774826119123e-08,1.9752530278083213e-08,0.000302193057614076,0.00030213650382976816
2021-07-30_02h22m33s_C20H32N6O12S2_+Cl_-H2O_86,2021-07-30_02h22m33s,Oxidized glutathione,C20H32N6O12S2,+Cl,-H2O,86,0.8964480013063042,4.234335186875572,0.011299435028248588,0.011299435028248588,0.00431638669484926,0.007182353648275033,0.0026046742385314597,0.0026046742385314597,0.8943456598937162,116,0.6666666865348816,0.5085693001747131,118.0,6.236094951629639,0.4863579571247101,0.1564430594444275,0.15809737145900726,4.190306102616244,1.3679199791218104,2.345740313103306e-07,1.6270408309537743e-07,4.151960456511006e-05,2.212628032793873e-06,2.0002306655442226e-07,7.092983622669635e-08,7.186994110952583e-08,0.00023455717370006996,0.00023452712047650272
2021-07-30_02h22m33s_C20H32N6O12S2_-H_-NH3_86,2021-07-30_02h22m33s,Oxidized glutathione,C20H32N6O12S2,-H,-NH3,86,4.1906164140795035,14.261708275870378,0.2824858757062147,0.2824858757062147,0.05162976971854489,0.040599831710542135,0.05740914648191789,0.05740914648191789,4.195106897067306,189,54.46733856201172,50.6508674621582,9640.71875,125.34584045410156,2.7234654426574707,3.818131446838379,3.816471815109253,14.267908500708318,19.99193592592745,2.0590645362972282e-05,1.8892942534876056e-05,0.0036445441655814648,4.486104444367811e-05,1.198661948365043e-06,1.6969470379990526e-06,1.6977033965304145e-06,0.020555747800113804,0.02056599368890707
2021-07-30_02h22m33s_C20H32N6O12S2_+Cl_+C12H14N2_86,2021-07-30_02h22m33s,Oxidized glutathione,C20H32N6O12S2,+Cl,+C12H14N2,86,0.6817057779508036,0.8428196844670187,0.03389830508474576,0.03389830508474576,0.03762376237623762,0.03407861521817526,0.0397257118556975,0.0397257118556975,0.6816117331875741,187,2.2598869800567627,-0.41985058784484863,400.0,12.202668190002441,2.287630796432495,2.6803410053253174,2.6797375679016113,0.8430094042460576,0.9874406057890429,8.193476332962746e-07,-3.473267042863881e-07,0.00014502453268505633,4.499594524531858e-06,9.818553508011973e-07,1.166001652563864e-06,1.1666743375826627e-06,0.0008183928353771785,0.0008185439415474003
2021-07-30_02h22m33s_C20H32N6O12S2_+Cl_+H2_86,2021-07-30_02h22m33s,Oxidized glutathione,C20H32N6O12S2,+Cl,+H2,86,2.6510559833765632,46.21455127809497,0.02824858757062147,0.02824858757062147,0.0028256758260095673,0.006370958047842289,0.0006555982777256055,0.0006555982777256055,2.6514451949076916,117,1.9326465129852295,1.8919144868850708,342.07843017578125,11.52290153503418,0.4183637201786041,0.04081900417804718,0.04073207452893257,46.31081811294424,4.608521004540232,8.072482842180762e-07,7.899945444478362e-07,0.0001428829418728128,4.797683232027339e-06,1.7407462848950672e-07,1.7338605218242265e-08,1.7253720230314684e-08,0.0008072343564223301,0.0008071077872298632
2021-07-30_02h22m33s_C10H16N5O13P3_-H_-HPO3_81,2021-07-30_02h22m33s,Adenosine triphosphate,C10H16N5O13P3,-H,-HPO3,81,33.805908935883146,601.8319234880861,0.632768361581921,0.4293785310734463,0.015785960618533764,0.02449212645750691,0.008717685206513457,0.008717685206513457,35.5910776035809,11,9073.76953125,9059.724609375,1606057.25,19342.900390625,432.6231689453125,15.075916290283203,14.045198440551758,645.9946845869541,20.97379245678945,0.00371538451872766,0.003709326731041074,0.6576230525970459,0.007276417221873999,0.00016790545487310737,6.5321032707288396e-06,6.05769037065329e-06,3.693013387093967,3.181237405155656
2021-07-30_02h22m33s_C10H16N5O13P3_-H__81,2021-07-30_02h22m33s,Adenosine triphosphate,C10H16N5O13P3,-H,,81,51.23087869830956,292966.82879032183,0.5141242937853108,0.4180790960451977,0.0030815441094671266,0.005529510758504628,3.5437744741924624e-05,3.5437744741924624e-05,51.31915743248778,5,9210.5673828125,9210.546875,1630270.5,18307.6796875,23.59274673461914,0.030438942834734917,0.020814871415495872,422215.06638218864,390.3817179362115,0.0036711355205625296,0.0036711273714900017,0.6497910022735596,0.006831712555140257,8.755486305744853e-06,1.1417153444881478e-08,8.198649759094678e-09,3.671105422454942,3.639271925059787
2021-07-30_02h22m33s_C10H16N5O13P3_-H_-H2O_81,2021-07-30_02h22m33s,Adenosine triphosphate,C10H16N5O13P3,-H,-H2O,81,40.4229534971051,4464.798022645949,0.4350282485875706,0.2711864406779661,0.004961619757481366,0.009796850583002765,0.0007619115119513794,0.0007619115119513794,40.34943656637063,7,633.6807861328125,633.5362548828125,112161.5,1874.3369140625,20.833595275878906,0.1409282088279724,0.14455507695674896,4353.546433293481,30.414835409183663,0.0002549491764511913,0.00025488671963103116,0.04512600600719452,0.0006970965187065303,7.873807589930948e-06,6.088220061428729e-08,6.244904682262131e-08,0.2549332561123437,0.25295743825393796
2021-07-30_02h22m33s_C10H16N5O13P3_[M]-_-HPO3_81,2021-07-30_02h22m33s,Adenosine triphosphate,C10H16N5O13P3,[M]-,-HPO3,81,35.284153151019,604.4926855414508,0.672316384180791,0.4180790960451977,0.01623094893759039,0.024912850102175744,0.009054343781561742,0.009054343781561742,37.66151818247758,11,1122.8729248046875,1121.1865234375,198748.5,2492.521484375,54.617984771728516,1.8565459251403809,1.6863460540771484,665.4668863517832,20.558289933391457,0.0004594560887198895,0.0004587312287185341,0.08132372796535492,0.0009364278521388769,2.1146444851183333e-05,8.001536571100587e-07,7.248515885294182e-07,0.45912329247201034,0.4499414271445153
2021-07-30_02h22m33s_C10H16N5O13P3_-H_+C12H14N2_81,2021-07-30_02h22m33s,Adenosine triphosphate,C10H16N5O13P3,-H,+C12H14N2,81,4.274361329969608,18.348159000820544,0.05084745762711865,0.0,0.0042496384469907665,0.007993749248707778,0.0018959193436929673,0.0018959193436929673,4.256901091130225,7,4.091281890869141,3.863588571548462,724.1568603515625,18.406221389770508,13.712322235107422,0.2219805121421814,0.2276933193206787,17.889818132956727,0.2983435976145202,1.7914032923727063e-06,1.6956950048552244e-06,0.0003170783747918904,8.393310963583644e-06,4.901729880657513e-06,9.330693728770711e-08,9.570825199034516e-08,0.001791231856702792,0.0017826651493429652
2021-07-30_02h22m33s_C10H16N5O13P3_-H_-H3PO4_81,2021-07-30_02h22m33s,Adenosine triphosphate,C10H16N5O13P3,-H,-H3PO4,81,27.116834041448552,320.7928511664387,0.4124293785310734,0.2655367231638418,0.011135832684392034,0.01905277076571703,0.0052093484770629195,0.0052093484770629195,26.87989580336432,9,3617.92822265625,3606.36083984375,640373.3125,8491.482421875,385.39764404296875,11.277082443237305,11.567303657531738,312.7449217933294,9.387495982608806,0.0014649071963503957,0.0014598948182538152,0.25928857922554016,0.003199030412361026,0.00014818388444837183,4.886672741122311e-06,5.012434030504664e-06,1.4576010671584707,1.2758472019960365
2021-07-30_02h22m33s_C10H16N5O13P3_-H_+H2_81,2021-07-30_02h22m33s,Adenosine triphosphate,C10H16N5O13P3,-H,+H2,81,30.77493135633238,8768.986123492792,0.3502824858757062,0.2598870056497175,0.004905996217599288,0.009045558360379853,0.0013820720449350603,0.0013820720449350603,31.32733969761095,9,535.3858642578125,535.3367309570312,94763.296875,1412.89111328125,1.616289496421814,0.0600544773042202,0.04915556684136391,10674.505303691898,331.0389793802109,0.00020376054453663528,0.00020374185987748206,0.036065615713596344,0.000507993740029633,6.048867362551391e-07,2.3209270949564598e-08,1.868521515291377e-08,0.20375673729816,0.2036373669943345
2021-07-30_02h22m33s_C10H16N5O13P3_[M]-_+H2_81,2021-07-30_02h22m33s,Adenosine triphosphate,C10H16N5O13P3,[M]-,+H2,81,11.257006725099759,130.54699103742803,0.1977401129943503,0.1977401129943503,0.017120925575703636,0.032365668950595027,0.0075659585024009076,0.0075659585024009076,11.307156189461912,178,55.3376350402832,54.92033004760742,9794.76171875,148.75503540039062,2.2435646057128906,0.4228905439376831,0.41730427742004395,132.2903877091255,24.6540620392201,2.13547027669847e-05,2.118296833941713e-05,0.003779782447963953,5.530620910576545e-05,8.903379011826473e-07,1.7361058723963652e-07,1.7173391597680165e-07,0.021351036069950247,0.0213357067785912
2021-07-30_02h22m33s_C10H16N5O13P3_+Cl_+HCl_81,2021-07-30_02h22m33s,Adenosine triphosphate,C10H16N5O13P3,+Cl,+HCl,81,0.0,0.0,0.0,0.0,0.0020024474357548112,0.003996874624353889,0.0008327870014352287,0.0008327870014352287,0.0,54,0.0,-0.06725083291530609,0.0,0.0,0.30783703923225403,0.06556351482868195,0.06725083291530609,0.0,0.0,0.0,-2.763818329754031e-08,0.0,0.0,1.211592319805277e-07,2.6944746878143633e-08,2.763818329754031e-08,0.0,0.0
2021-07-30_02h22m33s_C10H16N5O13P3_-H_-CH2O2_81,2021-07-30_02h22m33s,Adenosine triphosphate,C10H16N5O13P3,-H,-CH2O2,81,1.0132453321404986,9.92028939220609,0.011299435028248588,0.011299435028248588,0.002358438091000111,0.004357494891212886,0.0011517267041125502,0.0011517267041125502,1.0122046444852177,60,0.6487205028533936,0.5838699340820312,114.82353210449219,6.08546257019043,0.33553171157836914,0.0643933042883873,0.06485053896903992,9.85140764236408,1.9276653002798045,2.3668511062169273e-07,2.074013139008457e-07,4.1893265006365255e-05,2.221165686933091e-06,1.2518614767031977e-07,2.9088781161590305e-08,2.9283796720847022e-08,0.00023667817978598762,0.00023665548463324643
2021-07-30_02h22m33s_C10H16N5O13P3_[M]-__81,2021-07-30_02h22m33s,Adenosine triphosphate,C10H16N5O13P3,[M]-,,81,56.422765342343624,27284.74006395079,0.5932203389830508,0.4124293785310734,0.005072866837245523,0.009676643827383098,0.0005138472987579071,0.0005138472987579071,57.04125455896688,6,1171.0062255859375,1170.972900390625,207268.09375,2390.6357421875,2.921736001968384,0.041917990893125534,0.03328782692551613,34152.24383072537,400.6541216166279,0.000468451005872339,0.00046843820018693805,0.08291582763195038,0.0008931457414291799,1.0932546956610167e-06,1.6560480986527182e-08,1.2801610438373245e-08,0.4684450090218217,0.46793942889441525
2021-07-30_02h22m33s_C10H16N5O13P3_-H_+HCl_81,2021-07-30_02h22m33s,Adenosine triphosphate,C10H16N5O13P3,-H,+HCl,81,1.2708627407665867,2.0387060431199715,0.03389830508474576,0.03389830508474576,0.01828901991322728,0.02094602716672677,0.016673458901075536,0.016673458901075536,1.27467598230452,174,1.8871386051177979,0.9655388593673706,334.0235290527344,10.31843090057373,2.9117839336395264,0.9246550798416138,0.9215997457504272,2.0454575386673564,0.6478814248195253,6.664182592430734e-07,3.0004213158463244e-07,0.00011795603495556861,3.6385802104632603e-06,1.0886332120207953e-06,3.671359820600628e-07,3.6637612765844096e-07,0.0006661741889233897,0.0006656935631212311
2021-07-30_02h22m33s_C10H16N5O13P3_+Cl__81,2021-07-30_02h22m33s,Adenosine triphosphate,C10H16N5O13P3,+Cl,,81,1.2708627407665867,2.0387060431199715,0.03389830508474576,0.03389830508474576,0.01828901991322728,0.02094602716672677,0.016673458901075536,0.016673458901075536,1.27467598230452,174,1.8871386051177979,0.9655388593673706,334.0235290527344,10.31843090057373,2.9117839336395264,0.9246550798416138,0.9215997457504272,2.0454575386673564,0.6478814248195253,6.664182592430734e-07,3.0004213158463244e-07,0.00011795603495556861,3.6385802104632603e-06,1.0886332120207953e-06,3.671359820600628e-07,3.6637612765844096e-07,0.0006661741889233897,0.0006656935631212311
2021-07-30_02h22m33s_C10H16N5O13P3_-H_-H2_81,2021-07-30_02h22m33s,Adenosine triphosphate,C10H16N5O13P3,-H,-H2,81,12.480575676145083,63.10209047741255,0.22033898305084745,0.22033898305084745,0.009355879408165535,0.01111912489481909,0.0076545528642557184,0.0076545528642557184,12.638808171767055,135,27.342771530151367,26.923080444335938,4839.67041015625,57.904300689697266,0.8059988021850586,0.4323100745677948,0.4196915626525879,64.9948179558128,33.88204722995513,1.0776181625260506e-05,1.0599732377158944e-05,0.0019073841394856572,2.2086655008024536e-05,3.274741118275415e-07,1.8054892336749617e-07,1.7644943284267356e-07,0.010774280509575303,0.010772653860005674
2021-07-30_02h22m33s_C10H16N5O13P3_+Cl_+H2_81,2021-07-30_02h22m33s,Adenosine triphosphate,C10H16N5O13P3,+Cl,+H2,81,5.621452453286988,11.53047475529584,0.07344632768361582,0.07344632768361582,0.004972744465457782,0.007843490804183196,0.00306536492017648,0.00306536492017648,5.642326127085947,100,5.068129062652588,4.624982833862305,897.058837890625,18.887699127197266,0.6615791320800781,0.43854209780693054,0.443146288394928,11.410945436396592,7.649092489136924,2.0956617845513392e-06,1.953802438947605e-06,0.0003709321317728609,7.701337381149642e-06,2.2730063164999592e-07,1.4063718367651745e-07,1.4185945929057198e-07,0.0020953645372710655,0.0020951855475529564
2021-07-30_02h22m33s_C10H16N5O13P3_+Cl_-CH2O2_81,2021-07-30_02h22m33s,Adenosine triphosphate,C10H16N5O13P3,+Cl,-CH2O2,81,2.673282587526475,50.55325674605409,0.02824858757062147,0.02824858757062147,0.001868950940037824,0.0039367712465440555,0.000567003915870794,0.000567003915870794,2.6741892546982395,64,1.731339454650879,1.6982486248016357,306.44708251953125,10.218574523925781,0.24634748697280884,0.03324783220887184,0.03309082239866257,50.78608648405038,6.9996241960655405,7.466500733244175e-07,7.332344011956593e-07,0.00013215705985203385,4.491715571930399e-06,9.87657955420218e-08,1.3642285523474129e-08,1.3415655253368186e-08,0.0007466400566588189,0.0007465763371185491
2021-07-30_02h22m33s_C10H16N5O13P3_+Cl_-H2_81,2021-07-30_02h22m33s,Adenosine triphosphate,C10H16N5O13P3,+Cl,-H2,81,3.463804570995592,33.98920223138363,0.03954802259887006,0.03954802259887006,0.0028256758260095673,0.005018632047121048,0.001417509789676985,0.001417509789676985,3.4692874020063926,78,2.740445375442505,2.6618316173553467,485.058837890625,13.683720588684082,0.34022119641304016,0.07962694019079208,0.07861384004354477,34.42172082069674,8.031287048549178,1.0230579619019409e-06,9.90848434412328e-07,0.00018108126823790371,5.108084224048071e-06,1.26632031083318e-07,3.242260504521255e-08,3.220953459504017e-08,0.0010230250107424658,0.0010229284263976533
2021-07-30_02h22m33s_C10H16N5O13P3_[M]-_-NH3_81,2021-07-30_02h22m33s,Adenosine triphosphate,C10H16N5O13P3,[M]-,-NH3,81,2.935375871499967,15.569934909866689,0.03954802259887006,0.03954802259887006,0.004861497385693626,0.007032095203750451,0.003472898984708613,0.003472898984708613,2.9516308126753974,83,3.072737455368042,2.8806567192077637,543.87451171875,15.608820915222168,0.5073944926261902,0.19635069370269775,0.19208067655563354,15.914267083493852,6.044002246159951,1.243342126144853e-06,1.155673203356855e-06,0.00022007155348546803,6.240395123313647e-06,2.0214427820519631e-07,8.943369067537787e-08,8.76689512097073e-08,0.0012432331331999561,0.0012430908424437637
2021-07-30_02h22m33s_C10H16N5O13P3_[M]-_-CH2O2_81,2021-07-30_02h22m33s,Adenosine triphosphate,C10H16N5O13P3,[M]-,-CH2O2,81,1.1209197909862056,3.9382675075316738,0.01694915254237288,0.01694915254237288,0.007464679052174881,0.011389590094963337,0.005120754115208108,0.005120754115208108,1.1192368334920346,144,1.1485544443130493,0.8563879132270813,203.29412841796875,8.804158210754395,0.7741314768791199,0.2906395196914673,0.292166531085968,3.917754322290793,1.481754358547568,4.521046435002063e-07,3.1997137739381287e-07,8.002252434380352e-05,3.4508218504925026e-06,3.165899613577494e-07,1.3124603981395921e-07,1.321332518955387e-07,0.00045204491333580436,0.0004519615570083378
2021-07-30_02h22m33s_C10H16N5O13P3_+Cl_-CH2O3_81,2021-07-30_02h22m33s,Adenosine triphosphate,C10H16N5O13P3,+Cl,-CH2O3,81,1.4960966608284691,13.006226653108298,0.01694915254237288,0.01694915254237288,0.0025586828345755923,0.0045678567135473015,0.0013289154278221735,0.0013289154278221735,1.4987854936981055,73,0.9812562465667725,0.9078699350357056,173.68235778808594,7.494053363800049,0.27461621165275574,0.07444511353969574,0.0733863115310669,13.191355054040528,3.5602268846327547,4.1238365611206973e-07,3.8334724195010494e-07,7.299190474441275e-05,3.1813419809623156e-06,1.1157889190371861e-07,2.946402588577257e-08,2.9036419491035304e-08,0.0004123716823149158,0.000412337647934223
2021-07-30_02h22m33s_C10H16N5O13P3_+Cl_-HPO3_81,2021-07-30_02h22m33s,Adenosine triphosphate,C10H16N5O13P3,+Cl,-HPO3,81,2.0831676166118194,6.335511118616033,0.03389830508474576,0.03389830508474576,0.0068194459895427745,0.007603077292943863,0.006272480819320659,0.006272480819320659,2.0881076612082228,122,2.2227096557617188,1.8754663467407227,393.41961669921875,12.298652648925781,0.49082353711128235,0.34983351826667786,0.34724336862564087,6.3826331123942115,4.519323472838995,8.129413231472427e-07,6.540446406688716e-07,0.00014389061834663153,4.487046226131497e-06,2.0489461860506708e-07,1.5964221233844e-07,1.5889666826751636e-07,0.0008128121700015021,0.0008127747899666407
2021-07-30_02h22m33s_C10H16N5O13P3_+Cl_-H3PO4_81,2021-07-30_02h22m33s,Adenosine triphosphate,C10H16N5O13P3,+Cl,-H3PO4,81,9.190227565647671,47.434367732188456,0.14124293785310735,0.14124293785310735,0.007943041495160752,0.011599951917297752,0.00536881832840158,0.00536881832840158,9.151243724892336,118,14.440056800842285,14.133118629455566,2555.89013671875,42.62252426147461,0.9308960437774658,0.30342182517051697,0.3069377541542053,46.89277818663044,15.49535154405112,5.70689735468477e-06,5.568144388234941e-06,0.0010101208463311195,1.6494934243382886e-05,3.6481338838711963e-07,1.3696441669708292e-07,1.3875298066068353e-07,0.0057061056155226515,0.005704816161370815
2021-07-30_02h22m33s_C10H16N5O13P3_[M]-_-CH2O3_81,2021-07-30_02h22m33s,Adenosine triphosphate,C10H16N5O13P3,[M]-,-CH2O3,81,0.5015765409454875,0.44532634795049847,0.22033898305084745,0.22033898305084745,0.38398042051396153,0.3079997595864888,0.4292928398036749,0.4292928398036749,0.5012679727172382,189,14.275043487548828,-17.786052703857422,2526.6826171875,27.575908660888672,22.30607795715332,32.05424118041992,32.06109619140625,0.4452311353047164,0.6399333662153263,6.6922129917657e-06,-8.56666883919388e-06,0.001184521708637476,1.3258021681394894e-05,1.0524410754442215e-05,1.5224542948999442e-05,1.525888183095958e-05,0.0065916320571327465,0.006622514924473121
2021-07-30_02h22m33s_C10H16N5O13P3_-H_-CH2O3_81,2021-07-30_02h22m33s,Adenosine triphosphate,C10H16N5O13P3,-H,-CH2O3,81,9.190227565647671,47.434367732188456,0.14124293785310735,0.14124293785310735,0.007943041495160752,0.011599951917297752,0.00536881832840158,0.00536881832840158,9.151243724892336,118,14.440056800842285,14.133118629455566,2555.89013671875,42.62252426147461,0.9308960437774658,0.30342182517051697,0.3069377541542053,46.89277818663044,15.49535154405112,5.70689735468477e-06,5.568144388234941e-06,0.0010101208463311195,1.6494934243382886e-05,3.6481338838711963e-07,1.3696441669708292e-07,1.3875298066068353e-07,0.0057061056155226515,0.005704816161370815
2021-07-30_02h22m33s_C10H16N5O13P3_+Cl_-H2O_81,2021-07-30_02h22m33s,Adenosine triphosphate,C10H16N5O13P3,+Cl,-H2O,81,2.4396266749144613,5.256333934887433,0.06779661016949153,0.06779661016949153,0.01782178217821782,0.017610289698281042,0.01778974786044616,0.01778974786044616,2.473287730578363,167,5.459399700164795,4.444507598876953,966.313720703125,20.956850051879883,1.2419761419296265,1.0376325845718384,1.014892339706421,5.373994356274492,4.392199911166026,2.394472176092677e-06,1.9613323729572585e-06,0.00042382156243547797,9.212315490003675e-06,5.052503979641187e-07,4.4066487703275925e-07,4.331398884005466e-07,0.002393435483714367,0.002393262979020094
2021-07-30_02h22m33s_C10H16N5O13P3_[M]-_-H2_81,2021-07-30_02h22m33s,Adenosine triphosphate,C10H16N5O13P3,[M]-,-H2,81,4.336924618363263,9.570081830389181,0.1016949152542373,0.1016949152542373,0.018667259984425408,0.02707657170332973,0.013448624129560395,0.013448624129560395,4.320037624943747,187,7.5141682624816895,6.725179195404053,1330.0078125,23.40205192565918,1.7849977016448975,0.7841728329658508,0.7889888882637024,9.51173918280914,4.20726647943677,2.8662655040534446e-06,2.544585413488676e-06,0.0005073290085420012,8.959877959568985e-06,6.979921636229847e-07,3.1923099186315085e-07,3.216801189864782e-07,0.002865343779925381,0.0028642662686434017
2021-07-30_02h22m33s_C10H16N5O13P3_[M]-_-H3PO4_81,2021-07-30_02h22m33s,Adenosine triphosphate,C10H16N5O13P3,[M]-,-H3PO4,81,0.7530947673661313,1.0132906890927231,0.13559322033898305,0.01694915254237288,0.16130826565802647,0.14662219016708739,0.17004801814412532,0.17004801814412532,0.7606356895163527,79,8.663277626037598,0.18691444396972656,1533.400146484375,23.770952224731445,7.154958248138428,8.548646926879883,8.476363182067871,1.0219306923599771,1.2106383695420928,3.904385266650934e-06,1.9017579688807018e-07,0.0006910761585459113,1.1244819688727148e-05,3.1220151868183166e-06,3.7451084153872216e-06,3.7142094697628636e-06,0.003889937224973155,0.003892233654072275
2021-07-30_02h22m33s_C10H16N5O13P3_-H_-CO2_81,2021-07-30_02h22m33s,Adenosine triphosphate,C10H16N5O13P3,-H,-CO2,81,2.0831676166118194,6.335511118616033,0.03389830508474576,0.03389830508474576,0.0068194459895427745,0.007603077292943863,0.006272480819320659,0.006272480819320659,2.0881076612082228,122,2.2227096557617188,1.8754663467407227,393.41961669921875,12.298652648925781,0.49082353711128235,0.34983351826667786,0.34724336862564087,6.3826331123942115,4.519323472838995,8.129413231472427e-07,6.540446406688716e-07,0.00014389061834663153,4.487046226131497e-06,2.0489461860506708e-07,1.5964221233844e-07,1.5889666826751636e-07,0.0008128121700015021,0.0008127747899666407
2021-07-30_02h22m33s_C10H16N5O13P3_[M]-_-CO2_81,2021-07-30_02h22m33s,Adenosine triphosphate,C10H16N5O13P3,[M]-,-CO2,81,0.7803694569641704,1.1739155609112208,0.022598870056497175,0.022598870056497175,0.02112582044721326,0.024792643346556075,0.018959193436929672,0.018959193436929672,0.7789779724337844,183,1.3089619874954224,0.1919384002685547,231.686279296875,8.873873710632324,1.5615042448043823,1.1140393018722534,1.1170235872268677,1.1707820858611366,0.83773339614786,5.054897087575227e-07,2.4730184122745413e-08,8.947167953010648e-05,3.4180648071924224e-06,6.416924520635803e-07,4.784421889780788e-07,4.807595246347773e-07,0.0005052468065429859,0.0005051655478384323
2021-07-30_02h22m33s_C10H16N5O13P3_+Cl_-CO2_81,2021-07-30_02h22m33s,Adenosine triphosphate,C10H16N5O13P3,+Cl,-CO2,81,0.5352713386179487,0.9154015464814412,0.011299435028248588,0.011299435028248588,0.011536322171542997,0.012261089073205915,0.01110973297659337,0.01110973297659337,0.5349344909175326,169,0.6087072491645813,-0.05663621425628662,107.74118041992188,5.6979498863220215,0.7326841950416565,0.6639620065689087,0.6653434634208679,0.9135037448099298,0.8296583915509051,3.1125114219321404e-07,3.1115831689021434e-08,5.509145194082521e-05,2.9892100883444073e-06,2.951010174001567e-07,2.7936619062529644e-07,2.801353105041926e-07,0.0003111639741766903,0.00031115931876167394
2021-07-30_02h22m33s_C10H15N5O10P2_-H__80,2021-07-30_02h22m33s,Adenosine diphosphate,C10H15N5O10P2,-H,,80,45.577609368913876,1288.4905951404667,0.8531073446327684,0.536723163841808,0.015785960618533764,0.02332011059021517,0.008717685206513457,0.008717685206513457,47.99469903048058,11,19426.46484375,19412.42578125,3438484.25,38655.0625,377.5556640625,15.075916290283203,14.038310050964355,1383.7193404255363,51.453110732364614,0.0076535423286259174,0.007647487800568342,1.3546769618988037,0.013944834470748901,0.00014695781283080578,6.5321032707288396e-06,6.054719506209949e-06,7.607481164028947,6.672906573377983
2021-07-30_02h22m33s_C10H15N5O10P2_-H_-HPO3_80,2021-07-30_02h22m33s,Adenosine diphosphate,C10H15N5O10P2,-H,-HPO3,80,35.23447792100853,321.5281961067455,0.8418079096045198,0.5649717514124294,0.020658582712203805,0.027767760548142804,0.013891595938834453,0.013891595938834453,37.507561278134496,11,17355.47265625,17305.0859375,3071918.5,29897.12109375,706.9703979492188,53.977073669433594,50.38677978515625,344.438130242102,24.549044991911586,0.007358051370829344,0.007335150148719549,1.302375078201294,0.011256874538958073,0.0002860189415514469,2.4627488528494723e-05,2.2901152988197282e-05,7.193316137472615,5.7215730912583815
2021-07-30_02h22m33s_C10H15N5O10P2_[M]-__80,2021-07-30_02h22m33s,Adenosine diphosphate,C10H15N5O10P2,[M]-,,80,41.2142629242995,1353.6946865193077,0.7853107344632768,0.4971751412429379,0.01623094893759039,0.024311816324077414,0.009054343781561742,0.009054343781561742,44.13544463463722,11,2514.550048828125,2512.871826171875,445075.375,5209.53173828125,47.21543884277344,1.8565459251403809,1.6783361434936523,1497.3476623905165,53.25581747495516,0.0009866163600236177,0.0009858945850282907,0.17463108897209167,0.0018827890744432807,1.834240356402006e-05,8.001536571100587e-07,7.217208803922404e-07,0.9859048119347652,0.9688454065848906
2021-07-30_02h22m33s_C10H15N5O10P2_[M]-_+C12H14N2_80,2021-07-30_02h22m33s,Adenosine diphosphate,C10H15N5O10P2,[M]-,+C12H14N2,80,11.664646326856877,196.29969420264112,0.12429378531073447,0.0,0.0045388808543775725,0.010488039427815843,0.0006555982777256055,0.0006555982777256055,11.686350163601338,4,7.779860973358154,7.742338180541992,1377.035400390625,21.453472137451172,5.995251178741455,0.03863256797194481,0.03752276301383972,201.95490574139643,1.2974541495093037,3.10161271954712e-06,3.084835952904541e-06,0.000548985437490046,8.565048119635321e-06,2.2677286324324086e-06,1.7038223276699682e-08,1.6776855460420848e-08,0.003101560685111804,0.003094595017819428
2021-07-30_02h22m33s_C10H15N5O10P2_-H_-H3PO4_80,2021-07-30_02h22m33s,Adenosine diphosphate,C10H15N5O10P2,-H,-H3PO4,80,25.91652016862706,17.79162042163131,0.6779661016949152,0.11864406779661017,0.024340861052397373,0.03473975237408342,0.016159611602317627,0.016159611602317627,37.22835165399977,12,2375.0498046875,2332.564453125,420383.8125,2424.423583984375,881.4032592773438,133.49160766601562,42.48527526855469,55.90157738410509,2.6946202944773425,0.0010621044784784317,0.0010427345987409353,0.18799248337745667,0.0010089436545968056,0.00037520541809499264,6.151966226752847e-05,1.936988155648578e-05,1.041922561864094,0.772324239348704
2021-07-30_02h22m33s_C10H15N5O10P2_-H_-H2O_80,2021-07-30_02h22m33s,Adenosine diphosphate,C10H15N5O10P2,-H,-H2O,80,18.201710520972316,137.76381559025842,0.2768361581920904,0.13559322033898305,0.011135832684392034,0.01977401129943503,0.0052093484770629195,0.0052093484770629195,18.045752221672736,9,1553.711669921875,1542.1500244140625,275006.96875,4066.634033203125,396.37750244140625,11.277082443237305,11.561630249023438,134.37354965606542,3.9197677481299555,0.0006023100577294827,0.0005973000661469996,0.10660888254642487,0.0014834095491096377,0.00015277219063136727,4.886672741122311e-06,5.009975666325772e-06,0.599307541529773,0.5224883655456682
2021-07-30_02h22m33s_C10H15N5O10P2_-H_-CH2O3_80,2021-07-30_02h22m33s,Adenosine diphosphate,C10H15N5O10P2,-H,-CH2O3,80,19.257321899117184,125.24864627298876,0.4293785310734463,0.4293785310734463,0.02011347202135944,0.031193653083303283,0.012296897425447845,0.012296897425447845,20.688702978197494,164,90.46760559082031,89.8460464477539,16012.765625,185.59983825683594,6.421045780181885,0.7213040590286255,0.6215581297874451,145.31591712039472,14.087038412276483,3.733067205757834e-05,3.705948984134011e-05,0.006607529241591692,6.964319618418813e-05,2.5467932118772296e-06,3.1907273978504236e-07,2.7118210255139275e-07,0.03732055139198348,0.03723584007284228
2021-07-30_02h22m33s_C10H15N5O10P2_-H_-H2_80,2021-07-30_02h22m33s,Adenosine diphosphate,C10H15N5O10P2,-H,-H2,80,14.945642015565376,116.62931601137846,0.24293785310734464,0.24293785310734464,0.009856491267104238,0.014725327563409064,0.006254761946949696,0.006254761946949696,15.205852251163309,126,39.788455963134766,39.46310043334961,7042.556640625,91.52747344970703,1.2083396911621094,0.34015312790870667,0.3253571391105652,121.91691614766546,32.90097584153567,1.653005529078655e-05,1.639308175072074e-05,0.002925819717347622,3.549860048224218e-05,4.819353307539131e-07,1.4408433912649343e-07,1.369727158362366e-07,0.016527791434307017,0.016522092710571333
2021-07-30_02h22m33s_C10H15N5O10P2_[M]-_-CH2O3_80,2021-07-30_02h22m33s,Adenosine diphosphate,C10H15N5O10P2,[M]-,-CH2O3,80,5.0281524941989195,8.545041724512588,0.23728813559322035,0.23728813559322035,0.04849260206919569,0.0666546459911047,0.03719191310664989,0.03719191310664989,5.063903301493167,189,19.469524383544922,17.20915412902832,3446.10595703125,39.53336715698242,4.673158645629883,2.277458667755127,2.260370969772339,8.609611003145138,4.1653537801392355,8.388080459553748e-06,7.399998139590025e-06,0.0014846902340650558,1.695320497674402e-05,1.940232323249802e-06,9.93641378954635e-07,9.880823199637234e-07,0.008379800526808387,0.008371837150509346
2021-07-30_02h22m33s_C10H15N5O10P2_-H_-NH3_80,2021-07-30_02h22m33s,Adenosine diphosphate,C10H15N5O10P2,-H,-NH3,80,1.198418063523993,1.7858300841652102,0.03389830508474576,0.03389830508474576,0.021570808766269885,0.02707657170332973,0.018285876286833105,0.018285876286833105,1.2027444106950038,180,1.89670991897583,0.8413485288619995,335.7176513671875,10.243438720703125,1.9740989208221436,1.0610886812210083,1.0553613901138306,1.7955123471253016,0.9603113540188237,9.671944098954555e-07,5.182360496291949e-07,0.00017119341646321118,5.326215159584535e-06,8.229782224589144e-07,4.5178441610005393e-07,4.4895836026626057e-07,0.0009667603747428405,0.0009663990844947121
2021-07-30_02h22m33s_C10H15N5O10P2_+Cl_-H3PO4_80,2021-07-30_02h22m33s,Adenosine diphosphate,C10H15N5O10P2,+Cl,-H3PO4,80,19.257321899117184,125.24864627298876,0.4293785310734463,0.4293785310734463,0.02011347202135944,0.031193653083303283,0.012296897425447845,0.012296897425447845,20.688702978197494,164,90.46760559082031,89.8460464477539,16012.765625,185.59983825683594,6.421045780181885,0.7213040590286255,0.6215581297874451,145.31591712039472,14.087038412276483,3.733067205757834e-05,3.705948984134011e-05,0.006607529241591692,6.964319618418813e-05,2.5467932118772296e-06,3.1907273978504236e-07,2.7118210255139275e-07,0.03732055139198348,0.03723584007284228
2021-07-30_02h22m33s_C10H15N5O10P2_+Cl_-NH3_80,2021-07-30_02h22m33s,Adenosine diphosphate,C10H15N5O10P2,+Cl,-NH3,80,1.2930365171066955,2.9701261408018063,0.022598870056497175,0.022598870056497175,0.010579597285571254,0.01577713667508114,0.007477364140546096,0.007477364140546096,1.2992674508815396,159,1.2793620824813843,0.8538013696670532,226.44708251953125,8.421987533569336,1.153041958808899,0.42974334955215454,0.42556068301200867,2.9992498920613535,1.108592345985262,4.552250914002798e-07,2.5957879756788316e-07,8.057484228629619e-05,3.0246276310208486e-06,4.936389359500026e-07,1.974239722812854e-07,1.9564629383239662e-07,0.0004551360457197452,0.00045500048544478805
2021-07-30_02h22m33s_C10H15N5O10P2_-H_-CH2O2_80,2021-07-30_02h22m33s,Adenosine diphosphate,C10H15N5O10P2,-H,-CH2O2,80,1.2195256346289356,4.321434178171192,0.01694915254237288,0.01694915254237288,0.005629102236066303,0.008504627960091358,0.0038981519216117087,0.0038981519216117087,1.228494429283908,126,0.961249589920044,0.7449686527252197,170.14117431640625,7.471090316772461,0.8055457472801208,0.22143763303756714,0.21628092229366302,4.423994429758911,1.1918103754952825,4.272957880857575e-07,3.339105205668602e-07,7.563135295640677e-05,3.3054614050342934e-06,3.275053472862055e-07,9.519737886876101e-08,9.338528172975202e-08,0.000427255888674223,0.0004271558922469218
2021-07-30_02h22m33s_C10H15N5O10P2_+Cl_-H2_80,2021-07-30_02h22m33s,Adenosine diphosphate,C10H15N5O10P2,+Cl,-H2,80,2.0264906642809972,24.924728419562822,0.022598870056497175,0.022598870056497175,0.002358438091000111,0.004297391513403053,0.0011517267041125502,0.0011517267041125502,2.024512756916509,60,1.6299103498458862,1.565091609954834,288.494140625,10.922750473022461,0.3303126096725464,0.0643933042883873,0.06481872498989105,24.76362691766242,4.919554228427382,5.84144686399668e-07,5.548752710637928e-07,0.00010339361324440688,3.90749710277305e-06,1.2333795496033417e-07,2.9088781161590305e-08,2.926943309944363e-08,0.000584127589316271,0.0005840726480737063
2021-07-30_02h22m33s_C10H15N5O10P2_-H_-CO2_80,2021-07-30_02h22m33s,Adenosine diphosphate,C10H15N5O10P2,-H,-CO2,80,1.9130344705510927,5.674336613769051,0.02824858757062147,0.02824858757062147,0.006307709422627656,0.008805144849140521,0.004766376667788862,0.004766376667788862,1.9068870463868772,131,1.6161293983459473,1.329721212387085,286.0549011230469,9.528153419494629,0.5481334328651428,0.28381380438804626,0.2864081859588623,5.623115406244098,2.943054095092475,5.955550363978546e-07,4.784067755281285e-07,0.00010541323717916384,3.5620812468550866e-06,2.2432323021348566e-07,1.1610559624841699e-07,1.1714826797515343e-07,0.0005954852763291279,0.000595421469530471
2021-07-30_02h22m33s_C10H15N5O10P2_-H_+H2_80,2021-07-30_02h22m33s,Adenosine diphosphate,C10H15N5O10P2,-H,+H2,80,4.146112290215284,27.49673931178918,0.096045197740113,0.096045197740113,0.015207475803760152,0.01824137516528429,0.013165122171624999,0.013165122171624999,4.635851610898692,150,25.734840393066406,24.983963012695312,4555.06689453125,136.51307678222656,1.8487439155578613,0.9349233508110046,0.750876784324646,34.22747041748611,13.912650381826005,1.1558588084881194e-05,1.1240379535593092e-05,0.0020458700601011515,5.512639108928852e-05,7.684029128540715e-07,3.9600865875399904e-07,3.1820832191442605e-07,0.011554911215973289,0.011549713251576053
2021-07-30_02h22m33s_C10H15N5O10P2_+Cl_-HPO3_80,2021-07-30_02h22m33s,Adenosine diphosphate,C10H15N5O10P2,+Cl,-HPO3,80,1.9130344705510927,5.674336613769051,0.02824858757062147,0.02824858757062147,0.006307709422627656,0.008805144849140521,0.004766376667788862,0.004766376667788862,1.9068870463868772,131,1.6161293983459473,1.329721212387085,286.0549011230469,9.528153419494629,0.5481334328651428,0.28381380438804626,0.2864081859588623,5.623115406244098,2.943054095092475,5.955550363978546e-07,4.784067755281285e-07,0.00010541323717916384,3.5620812468550866e-06,2.2432323021348566e-07,1.1610559624841699e-07,1.1714826797515343e-07,0.0005954852763291279,0.000595421469530471
2021-07-30_02h22m33s_C10H15N5O10P2_[M]-_-CO2_80,2021-07-30_02h22m33s,Adenosine diphosphate,C10H15N5O10P2,[M]-,-CO2,80,0.7106391061538335,1.7726689481781006,0.011299435028248588,0.011299435028248588,0.010802091445099566,0.019112874143526866,0.00590038449953045,0.00590038449953045,0.7104803073000278,174,0.6019719243049622,0.26289138197898865,106.54902648925781,5.6388139724731445,1.2115273475646973,0.3385850787162781,0.3390805423259735,1.770086345392736,0.49646049263465586,2.3324729170326464e-07,8.880840596248163e-08,4.128476939513348e-05,2.182954176532803e-06,4.845809939979517e-07,1.438851029433863e-07,1.44438885740783e-07,0.0002332136065897892,0.00023313431924311078
2021-07-30_02h22m33s_C10H15N5O10P2_+Cl__80,2021-07-30_02h22m33s,Adenosine diphosphate,C10H15N5O10P2,+Cl,,80,2.0831676166118194,6.458530963118104,0.03389830508474576,0.03389830508474576,0.0068194459895427745,0.007603077292943863,0.006272480819320659,0.006272480819320659,2.097893036723799,122,2.265869140625,1.9226818084716797,401.058837890625,12.24374008178711,0.49059396982192993,0.34983351826667786,0.3431873917579651,6.583242718601309,4.609228915980735,8.316327466673101e-07,6.744242000422673e-07,0.00014719899627380073,4.508098299993435e-06,2.0479519946547953e-07,1.5964221233844e-07,1.5720857504675223e-07,0.0008315020274184312,0.000831462467145503
2021-07-30_02h22m33s_C10H15N5O10P2_-H_+HCl_80,2021-07-30_02h22m33s,Adenosine diphosphate,C10H15N5O10P2,-H,+HCl,80,2.0831676166118194,6.458530963118104,0.03389830508474576,0.03389830508474576,0.0068194459895427745,0.007603077292943863,0.006272480819320659,0.006272480819320659,2.097893036723799,122,2.265869140625,1.9226818084716797,401.058837890625,12.24374008178711,0.49059396982192993,0.34983351826667786,0.3431873917579651,6.583242718601309,4.609228915980735,8.316327466673101e-07,6.744242000422673e-07,0.00014719899627380073,4.508098299993435e-06,2.0479519946547953e-07,1.5964221233844e-07,1.5720857504675223e-07,0.0008315020274184312,0.000831462467145503
2021-07-30_02h22m33s_C10H15N5O10P2_+Cl_-H2O_80,2021-07-30_02h22m33s,Adenosine diphosphate,C10H15N5O10P2,+Cl,-H2O,80,5.514136539388602,21.36392467785249,0.0847457627118644,0.0847457627118644,0.007943041495160752,0.011900468806346917,0.00536881832840158,0.00536881832840158,5.53732402640147,118,6.503644943237305,6.204196929931641,1151.1451416015625,23.01649284362793,0.9731109142303467,0.30342182517051697,0.29944780468940735,21.64650512244731,6.676493249617154,2.69786391982052e-06,2.5623648980399594e-06,0.00047752191312611103,9.582529855833855e-06,3.8081887510088563e-07,1.3696441669708292e-07,1.354990928348343e-07,0.0026974984112328746,0.0026968369134208205
2021-07-30_02h22m33s_C10H15N5O10P2_[M]-_-CH2O2_80,2021-07-30_02h22m33s,Adenosine diphosphate,C10H15N5O10P2,[M]-,-CH2O2,80,0.9176773334170191,2.214042073976676,0.01694915254237288,0.01694915254237288,0.01373901435087329,0.02265897343430701,0.008469620993319986,0.008469620993319986,0.9233403423645618,178,1.105084776878357,0.613503634929657,195.60000610351562,8.515331268310547,1.4646098613739014,0.49812546372413635,0.49158114194869995,2.2434573368085746,0.754010194665599,5.499877033798839e-07,3.379501549716224e-07,9.734782361192629e-05,4.208936843497213e-06,5.969361609459156e-07,2.1384855131145741e-07,2.1203756261911622e-07,0.0005498711100499542,0.0005496595916933913
2021-07-30_02h22m33s_C10H15N5O10P2_[M]-_+H2_80,2021-07-30_02h22m33s,Adenosine diphosphate,C10H15N5O10P2,[M]-,+H2,80,0.8193131104742007,1.093152913288264,0.04519774011299435,0.04519774011299435,0.05226387807320058,0.06434066594542613,0.04516540567358293,0.04516540567358293,0.8267359137592253,189,2.825523614883423,0.27106738090515137,500.11767578125,13.125945091247559,4.027873516082764,2.583746910095215,2.5544562339782715,1.1056826477065964,0.7013185208233226,1.242329744854942e-06,1.714325890134205e-07,0.00021989236120134592,5.981467438687105e-06,1.633941337786382e-06,1.0821369187397067e-06,1.0708971558415215e-06,0.0012410007606699434,0.0012403031622467598
2021-07-30_02h22m33s_C10H15N5O10P2_+Cl_-CO2_80,2021-07-30_02h22m33s,Adenosine diphosphate,C10H15N5O10P2,+Cl,-CO2,80,0.33339931966146236,0.7251501603792058,0.005649717514124294,0.005649717514124294,0.009478251195906107,0.013793725207356654,0.006945797969417226,0.006945797969417226,0.333525276378597,160,0.29411765933036804,-0.10984277725219727,52.0588264465332,3.901911735534668,0.8299262523651123,0.4045955240726471,0.4039604365825653,0.7262873919546506,0.3539636140911475,1.1900100815864789e-07,-5.706463213073221e-08,2.1063178792246617e-05,1.5787268239364494e-06,3.4397342574266077e-07,1.7616916636598035e-07,1.760656402893801e-07,0.00011898005985822728,0.00011896008904929096
2021-07-30_02h22m33s_C10H15N5O10P2_+Cl_+H2_80,2021-07-30_02h22m33s,Adenosine diphosphate,C10H15N5O10P2,+Cl,+H2,80,3.1661219657553707,10.131441995349231,0.05084745762711865,0.05084745762711865,0.007431304928245634,0.009526385382858516,0.006059854350869111,0.006059854350869111,3.1718008877908024,126,3.534064531326294,3.1878297328948975,625.5294189453125,15.885296821594238,0.5898993611335754,0.3478214740753174,0.3462347388267517,10.177738964906878,5.9808230703559735,1.4151160030451138e-06,1.2662015933528892e-06,0.0002504755393601954,6.267356639000354e-06,2.3629587531104335e-07,1.491222292315797e-07,1.4891436705966044e-07,0.0014149053033174208,0.0014147816959658914
2021-07-30_02h22m33s_C10H15N5O10P2_[M]-_+HCl_80,2021-07-30_02h22m33s,Adenosine diphosphate,C10H15N5O10P2,[M]-,+HCl,80,1.5607389139283407,2.5490738993721975,0.04519774011299435,0.04519774011299435,0.02112582044721326,0.02467243659093641,0.018959193436929672,0.018959193436929672,1.5653202290938628,183,2.842317581176758,1.7319748401641846,503.0902099609375,13.32767105102539,1.5533479452133179,1.1140393018722534,1.1103427410125732,2.5575526579559504,1.828623758232382,1.0957872973449412e-06,6.175852718115493e-07,0.0001939543435582891,5.2851078180538025e-06,6.385525921359658e-07,4.784421889780788e-07,4.782020255333919e-07,0.0010952635401015717,0.0010950880260472916
2021-07-30_02h22m33s_C10H15N5O10P2_[M]-_-H2_80,2021-07-30_02h22m33s,Adenosine diphosphate,C10H15N5O10P2,[M]-,-H2,80,4.191837366569604,11.425843413877635,0.11864406779661017,0.11864406779661017,0.02280565135165202,0.02993148214929679,0.01830359515920407,0.01830359515920407,4.2123204711236495,182,12.08168888092041,11.032493591308594,2138.458984375,36.51725387573242,2.2183823585510254,1.056400179862976,1.0491952896118164,11.504230689690262,5.4437167324373155,4.638298378267791e-06,4.1982448237831704e-06,0.0008209787774831057,1.3775901607004926e-05,8.805390621091647e-07,4.4261730636208085e-07,4.4005378185829613e-07,0.0046362581753240685,0.004634217768500306
2021-07-30_02h22m33s_C10H15N5O10P2_[M]-_-H2O_80,2021-07-30_02h22m33s,Adenosine diphosphate,C10H15N5O10P2,[M]-,-H2O,80,1.255157945610219,1.730008319453196,0.22598870056497175,0.03389830508474576,0.16130826565802647,0.14614136314460874,0.17004801814412532,0.17004801814412532,1.271034626757916,79,14.790960311889648,6.342533111572266,2618.0,34.465782165527344,7.122364521026611,8.548646926879883,8.448427200317383,1.7505281673216928,2.076400873243251,7.2106968218577094e-06,3.5077625852864003e-06,0.0012762933038175106,1.905617318698205e-05,3.104428515143809e-06,3.7451084153872216e-06,3.702934236571309e-06,0.007184094592034099,0.007188381006882226
2021-07-30_02h22m33s_C10H15N5O10P2_-H_+C12H14N2_80,2021-07-30_02h22m33s,Adenosine diphosphate,C10H15N5O10P2,-H,+C12H14N2,80,22.60720581473501,1343.4870321825051,0.23728813559322035,0.23728813559322035,0.0029369229057737236,0.0058300276475537925,0.0004961284263869447,0.0004961284263869447,22.658613114306814,79,43.70980453491211,43.679569244384766,7736.63525390625,88.65274047851562,0.4515644907951355,0.031534593552351,0.030237140133976936,1399.2895747638734,96.58248807394487,1.8516395357437432e-05,1.8503566025174223e-05,0.0032774019055068493,3.794500298681669e-05,1.8017023251104547e-07,1.3412240207344439e-08,1.2829123541280296e-08,0.01851615781136136,0.01851305985513884
2021-07-30_02h22m33s_C10H15N5O10P2_+Cl_-CH2O2_80,2021-07-30_02h22m33s,Adenosine diphosphate,C10H15N5O10P2,+Cl,-CH2O2,80,0.0,0.0,0.0,0.0,0.006285460006674824,0.008534679648996273,0.00497900313624041,0.00497900313624041,0.0,138,0.0,-0.28535985946655273,0.0,0.0,0.5230714678764343,0.2881220877170563,0.28535985946655273,0.0,0.0,0.0,-1.26523303833892e-07,0.0,0.0,2.179689602144208e-07,1.2763537426963012e-07,1.26523303833892e-07,0.0,0.0
2021-07-30_02h22m33s_C10H15N5O10P2_[M]-_-NH3_80,2021-07-30_02h22m33s,Adenosine diphosphate,C10H15N5O10P2,[M]-,-NH3,80,1.9297725814456728,5.437234089560666,0.03389830508474576,0.03389830508474576,0.00835465569028813,0.009556437071763433,0.0075659585024009076,0.0075659585024009076,1.9448387650655403,145,2.3765149116516113,1.9478495121002197,420.6431579589844,12.837660789489746,0.577957808971405,0.43608158826828003,0.4286654591560364,5.531082057002309,4.104815367934675,1.3404880974121625e-06,1.1515554660945782e-06,0.00023726638755761087,7.393621217488544e-06,2.4348992155864835e-07,1.918249949994788e-07,1.889326313175843e-07,0.0013402348833090752,0.001340161781525103
2021-07-30_02h22m33s_C10H15N5O10P2_[M]-_-H3PO4_80,2021-07-30_02h22m33s,Adenosine diphosphate,C10H15N5O10P2,[M]-,-H3PO4,80,0.9566367226414575,3.309641252267193,0.062146892655367235,0.062146892655367235,0.0668149961063522,0.0869395360019233,0.05496394209472509,0.05496394209472509,0.9795509628953224,188,12.26121711730957,8.731160163879395,2170.2353515625,58.23898696899414,6.715665817260742,3.7036967277526855,3.5300567150115967,3.4723931408927546,1.8254916130858005,5.442911515274318e-06,3.8145781218190677e-06,0.0009633953450247645,2.610142109915614e-05,2.956469415948959e-06,1.702627400845813e-06,1.6283333934552502e-06,0.005434063048949572,0.005426867148525285
2021-07-30_02h22m33s_C10H15N5O10P2_+Cl_+HCl_80,2021-07-30_02h22m33s,Adenosine diphosphate,C10H15N5O10P2,+Cl,+HCl,80,1.338178346544872,2.465126866776955,0.02824858757062147,0.02824858757062147,0.011536322171542997,0.012170934006491165,0.01110973297659337,0.01110973297659337,1.3388334268240267,169,1.6392157077789307,0.9753031730651855,290.14117431640625,9.628730773925781,0.7272027730941772,0.6639620065689087,0.6639125347137451,2.4653102809749825,2.251042935216801,6.635438012381201e-07,3.836915993815637e-07,0.00011744724906748161,3.907792688551126e-06,2.932271172539913e-07,2.7936619062529644e-07,2.7985220185655635e-07,0.0006633581589967053,0.0006633492892383042
2021-07-30_02h22m33s_C9H14N4O3_-H_-CO2_132,2021-07-30_02h22m33s,Carnosine,C9H14N4O3,-H,-CO2,132,79.78898023608099,8705.557300389908,0.9378531073446328,0.6497175141242938,0.0029702970297029703,6.0103377809832915e-05,0.0017541683647252688,0.0017541683647252688,93.78531073446328,1,4183.8896484375,4183.8896484375,740548.4375,8020.33203125,0.014270427636802197,0.47959986329078674,0.0,4183889.6484375,273986.4100697611,0.0016323195304721594,0.0016323195304721594,0.2889205515384674,0.002662479877471924,5.074092701562449e-09,2.3007952165698953e-07,0.0,1.6323195304721594,1.6323112479735693
2021-07-30_02h22m33s_C9H14N4O3_-H__132,2021-07-30_02h22m33s,Carnosine,C9H14N4O3,-H,,132,60.0796278356771,3669.436516327388,1.0,0.9717514124293786,0.006774947157637112,0.001712946267580238,0.006644577139110867,0.006644577139110867,100.0,2,82560.0,82560.0,14613120.0,111234.5390625,3.7267861366271973,22.498367309570312,0.0,82560000.0,22147.193260045256,0.0332309827208519,0.0332309827208519,5.88188362121582,0.038813985884189606,1.7810961026043515e-06,1.0518264389247634e-05,0.0,33.2309827208519,33.171900378372
2021-07-30_02h22m33s_C9H14N4O3_-H_+H2_132,2021-07-30_02h22m33s,Carnosine,C9H14N4O3,-H,+H2,132,3.2642953689598864,12.729090483145914,0.1694915254237288,0.0847457627118644,0.04844810323729002,0.05887125856473134,0.04192285202969683,0.04192285202969683,3.327435426077698,5,29.786375045776367,27.507511138916016,5272.1884765625,89.43437194824219,9.289961814880371,2.3390238285064697,2.2788636684417725,13.064980796037942,3.205951723757019,1.4234643458621576e-05,1.3095541362417862e-05,0.002519531873986125,4.398930832394399e-05,4.447257651918335e-06,1.16531475669035e-06,1.1391022098905523e-06,0.014218447194001676,0.014171618619276929
2021-07-30_02h22m33s_C9H14N4O3_-H_-CH2O3_132,2021-07-30_02h22m33s,Carnosine,C9H14N4O3,-H,-CH2O3,132,71.42910341594657,6660.084087520359,0.8813559322033898,0.6497175141242938,0.003437534764712426,0.0006310854670032456,0.0023388911529670254,0.0023388911529670254,86.56272638317758,1,1321.57666015625,1321.5633544921875,233919.0625,2554.60546875,0.04846524819731712,0.19743242859840393,0.013319865800440311,92289.73780715275,26717.275427073044,0.0005125031457282603,0.0005124977324157953,0.09071305394172668,0.0008498829556629062,2.2502060659235212e-08,9.122384625470659e-08,5.431663563371103e-09,0.5125003619987177,0.5124916136108835
2021-07-30_02h22m33s_C9H14N4O3_+Cl_-H2O_132,2021-07-30_02h22m33s,Carnosine,C9H14N4O3,+Cl,-H2O,132,0.0,0.0,0.0,0.0,0.0029702970297029703,0.005319148936170213,0.001594698513386608,0.001594698513386608,0.0,1,0.0,-0.9003982543945312,0.0,0.0,53.920135498046875,0.8780305981636047,0.9003982543945312,0.0,0.0,0.0,-4.7456640572818287e-07,0.0,0.0,2.6152449208893813e-05,4.6277733645183616e-07,4.7456640572818287e-07,0.0,0.0
2021-07-30_02h22m33s_C9H14N4O3_-H_-H2O_132,2021-07-30_02h22m33s,Carnosine,C9H14N4O3,-H,-H2O,132,8.796927817911229,185.26292267130492,0.8813559322033898,0.7175141242937854,0.09425965068416954,0.09697680009616541,0.09018906036819817,0.09018906036819817,9.168660623363966,10,898.6340942382812,894.0696411132812,159058.234375,1700.84521484375,5.276926517486572,4.849587917327881,4.564480781555176,196.83230249677501,170.26271420433193,0.000352168339304626,0.00034992489963769913,0.06233379617333412,0.0005690358229912817,2.620986606416409e-06,2.374578571107122e-06,2.243443304905668e-06,0.35138003811064916,0.35124772372520796
2021-07-30_02h22m33s_C9H14N4O3_-H_-NH3_132,2021-07-30_02h22m33s,Carnosine,C9H14N4O3,-H,-NH3,132,4.33277440903617,35.784743154075606,0.519774011299435,0.519774011299435,0.12362887974190677,0.14469888207717274,0.1099633219341921,0.1099633219341921,4.397943332056917,189,236.3704833984375,229.89743041992188,41837.57421875,517.570068359375,9.726691246032715,6.604342460632324,6.473047256469727,36.51046617897711,24.298723861619013,9.526091162115335e-05,9.211016731569543e-05,0.01686118170619011,0.00018028814520221204,4.6037989704927895e-06,3.212009687558748e-06,3.1507465791946743e-06,0.09496171133401324,0.09482435933327717
2021-07-30_02h22m33s_C9H14N4O3_[M]-_-CH2O3_132,2021-07-30_02h22m33s,Carnosine,C9H14N4O3,[M]-,-CH2O3,132,0.5310943373996582,9.617598387301118,0.005649717514124294,0.005649717514124294,0.002447435754811436,0.005499459069599711,0.0006378794053546432,0.0006378794053546432,0.533011405485267,26,0.3553561568260193,0.3218141496181488,62.898040771484375,4.714332103729248,0.5209898352622986,0.035948533564805984,0.033542003482580185,10.287653320550103,0.6807721775797678,1.374267526443873e-07,1.2312527530866646e-07,2.4324534024344757e-05,1.8231716012451216e-06,2.217759345057857e-07,1.5199596248294256e-08,1.4301481776612945e-08,0.00013742478726629656,0.00013739628145566986
2021-07-30_02h22m33s_C9H14N4O3_[M]-_+HCl_132,2021-07-30_02h22m33s,Carnosine,C9H14N4O3,[M]-,+HCl,132,1.0096602190879695,0.9591286190024794,0.8757062146892656,0.4406779661016949,0.8583268439203471,0.8599290780141844,0.8573276396690115,0.8573276396690115,1.0107194969611768,189,123.73958587646484,-4.682746887207031,21901.90625,77.590087890625,135.23825073242188,129.01150512695312,128.42233276367188,0.9635288480184033,0.9149679934362418,5.857052019564435e-05,-3.913402906619012e-06,0.010366981849074364,4.324547262513079e-05,6.543862400576472e-05,6.270541780395433e-05,6.248392310226336e-05,0.05512602960111517,0.05497315272411923
2021-07-30_02h22m33s_C9H14N4O3_-H_+C12H14N2_132,2021-07-30_02h22m33s,Carnosine,C9H14N4O3,-H,+C12H14N2,132,3.555629573303764,12.661667372434364,0.4463276836158192,0.4463276836158192,0.12114806986316609,0.12895179709099652,0.11552704785867428,0.11552704785867428,3.553073989859708,189,92.25064849853516,84.96725463867188,16328.3642578125,170.8079376220703,8.227437019348145,7.284821510314941,7.283392429351807,12.664151388497334,11.211199439409848,3.58102515747305e-05,3.255666888435371e-05,0.006338414736092091,5.9528250858420506e-05,3.6375060972204665e-06,3.2481568723596865e-06,3.2535831451241393e-06,0.03569411779469361,0.035680463670577124
2021-07-30_02h22m33s_C9H14N4O3_+Cl_-NH3_132,2021-07-30_02h22m33s,Carnosine,C9H14N4O3,+Cl,-NH3,132,1.3857605412807144,3.5182250147211245,0.022598870056497175,0.022598870056497175,0.012337301145844921,0.022508714989782425,0.006307918564062583,0.006307918564062583,1.3984694592222657,180,1.3016505241394043,0.9427686929702759,230.39215087890625,8.6453275680542,1.4555224180221558,0.36897364258766174,0.35888180136680603,3.6168834300479387,0.8936700925667486,5.995383389745257e-07,4.3036757801928616e-07,0.00010611828474793583,4.005046321253758e-06,6.346011787172756e-07,1.735978685246664e-07,1.6917076095523953e-07,0.0005994369317726331,0.0005991581125300761
2021-07-30_02h22m33s_C9H14N4O3_[M]-_+C12H14N2_132,2021-07-30_02h22m33s,Carnosine,C9H14N4O3,[M]-,+C12H14N2,132,1.4116414786324798,3.9505319217680577,0.02824858757062147,0.02824858757062147,0.011191456224274112,0.013102536362543575,0.010011162889593707,0.010011162889593707,1.410315251008439,171,2.309670925140381,1.7245436906814575,408.811767578125,14.086458206176758,0.7783839702606201,0.5836480855941772,0.5851272344589233,3.940562371705057,2.9634570548943215,8.064474172897462e-07,5.356162660064001e-07,0.00014274119166657329,4.8521287681069225e-06,3.447058531946823e-07,2.6957872023558593e-07,2.708311512833461e-07,0.000806229065343781,0.0008061695259354891
2021-07-30_02h22m33s_C9H14N4O3_[M]-_-H2O_132,2021-07-30_02h22m33s,Carnosine,C9H14N4O3,[M]-,-H2O,132,2.3624873659440064,5.863955408465138,0.1016949152542373,0.1016949152542373,0.03544331961286016,0.039157350643106145,0.033045696971844715,0.033045696971844715,2.377208002640623,188,12.147844314575195,10.09395694732666,2150.16845703125,41.761375427246094,2.4952189922332764,2.070612668991089,2.053887367248535,5.911683777997519,4.866497832270301,5.750160653406056e-06,4.7354178605019115e-06,0.0010177784133702517,1.8983213522005826e-05,1.2227085335325683e-06,1.0222714763585827e-06,1.0147429065909819e-06,0.005744331633627726,0.005743138468990761
2021-07-30_02h22m33s_C9H14N4O3_+Cl_+C12H14N2_132,2021-07-30_02h22m33s,Carnosine,C9H14N4O3,+Cl,+C12H14N2,132,1.0860147913509064,1.2897780735100663,0.22033898305084745,0.22033898305084745,0.19695183001446212,0.20372039908642867,0.19288764463029573,0.19288764463029573,1.0828698810274182,189,18.75263214111328,4.170652389526367,3319.2158203125,36.6993522644043,15.892606735229492,14.53842544555664,14.581979751586914,1.2859259534439542,1.1798852490508982,7.70299357100157e-06,1.0319054126739502e-06,0.0013634299393743277,1.5169899597822223e-05,7.1668300734017976e-06,6.6425554905436e-06,6.6710881583276205e-06,0.007651946759585546,0.007648180361976556
2021-07-30_02h22m33s_C9H14N4O3_[M]-_-H2_132,2021-07-30_02h22m33s,Carnosine,C9H14N4O3,[M]-,-H2,132,2.5689025932921443,3.749427377031112,0.15819209039548024,0.15819209039548024,0.059506062965847144,0.07242457026084866,0.05157963747187129,0.05157963747187129,2.5808474350171955,189,12.46693229675293,9.165533065795898,2206.64697265625,29.792205810546875,4.824078559875488,3.3240230083465576,3.301398754119873,3.7751141594272766,2.5837780964699233,5.144638180354377e-06,3.54164035343274e-06,0.0009106009965762496,1.268826690647984e-05,2.2994513528828975e-06,1.6112552430058713e-06,1.6029978269216372e-06,0.005136404535046507,0.005132835474877545
2021-07-30_02h22m33s_C9H14N4O3_+Cl_+H2_132,2021-07-30_02h22m33s,Carnosine,C9H14N4O3,+Cl,+H2,132,1.2618713592491095,1.2473127498816678,0.5988700564971752,0.5988700564971752,0.4831015685838247,0.5138838802740714,0.46458883356663183,0.46458883356663183,1.26190259182996,189,56.67723846435547,11.332469940185547,10031.87109375,52.52942657470703,50.61597442626953,45.4384765625,45.34476852416992,1.2498903493971156,1.119727899716992,2.6160756533499807e-05,4.0152335714083165e-06,0.004630453884601593,2.6015784897026606e-05,2.4347169528482482e-05,2.2166754206409678e-05,2.214552296209149e-05,0.025593964798366616,0.025538955260199402
2021-07-30_02h22m33s_C9H14N4O3_+Cl_-CO2_132,2021-07-30_02h22m33s,Carnosine,C9H14N4O3,+Cl,-CO2,132,1.082234510353855,1.0995001161734468,0.12994350282485875,0.12994350282485875,0.12275002781176994,0.14421805505469407,0.11006963516841788,0.11006963516841788,1.0771296403964397,189,8.68682861328125,0.743628978729248,1537.5687255859375,23.40141487121582,11.1856050491333,7.899707317352295,7.943199634552002,1.0934806541743116,0.7765384202917109,3.7562551824521506e-06,-8.005622476048302e-08,0.00066485715797171,1.053320102073485e-05,5.131574198458111e-06,3.8096004573162645e-06,3.836311407212634e-06,0.0037419000884581486,0.003737078088953255
2021-07-30_02h22m33s_C9H14N4O3_[M]-_-NH3_132,2021-07-30_02h22m33s,Carnosine,C9H14N4O3,[M]-,-NH3,132,2.377284923852989,4.345489717101375,0.288135593220339,0.14124293785310735,0.1878295694738013,0.31725567976920305,0.11120364300015947,0.11120364300015947,2.38196014523517,187,23.9432373046875,18.448562622070312,4237.953125,44.06397247314453,26.658353805541992,5.508905410766602,5.494675159454346,4.356741730540124,0.8981176917990464,1.035887180478312e-05,7.691849532420747e-06,0.0018335202476009727,1.8672504666028544e-05,1.173950749944197e-05,2.670756884981529e-06,2.6670227271097247e-06,0.010331317945022749,0.01023867480512402
2021-07-30_02h22m33s_C9H14N4O3_-H_+HCl_132,2021-07-30_02h22m33s,Carnosine,C9H14N4O3,-H,+HCl,132,1.0537219956355088,1.1279389380584506,0.807909604519774,0.807909604519774,0.7573367449104461,0.7581139560043274,0.7567198823466874,0.7567198823466874,1.055349640700945,189,123.60638427734375,14.293510437011719,21878.330078125,71.5963134765625,106.793701171875,109.5850601196289,109.31287384033203,1.1307474516719433,1.1574205735021637,5.58488245587796e-05,3.370550984982401e-06,0.009885242208838463,3.6128902138443664e-05,5.1355455070734024e-05,5.254206189420074e-05,5.2478273573797196e-05,0.053064111593619144,0.053120782594904735
2021-07-30_02h22m33s_C9H14N4O3_[M]-_-CH2O2_132,2021-07-30_02h22m33s,Carnosine,C9H14N4O3,[M]-,-CH2O2,132,0.5002637515801384,5.3061207124414995,0.005649717514124294,0.005649717514124294,0.00215819334742463,0.003606202668589975,0.0012934776830802487,0.0012934776830802487,0.5020298754982329,76,0.40201616287231445,0.3301531672477722,71.1568603515625,5.333347320556641,0.21389436721801758,0.07476460933685303,0.07186301052570343,5.51742454740458,1.870761751816675,1.7412772024272272e-07,1.418879946868401e-07,3.082060720771551e-05,2.3100651560525876e-06,9.714162985119401e-08,3.365698475477075e-08,3.223971845045526e-08,0.00017412210659503008,0.00017411080683517205
2021-07-30_02h22m33s_C9H14N4O3_[M]-_-CO2_132,2021-07-30_02h22m33s,Carnosine,C9H14N4O3,[M]-,-CO2,132,4.640713433869196,77.82329847735402,0.05084745762711865,0.05084745762711865,0.0011458449215708088,0.0012020675561966582,0.0009568191080319648,0.0009568191080319648,4.732205682774119,33,4.349750518798828,4.308032512664795,769.9058837890625,19.367250442504883,0.06970047205686569,0.0548926517367363,0.041718050837516785,101.82464867939842,61.52364181246546,1.9408137177379103e-06,1.920890099427197e-06,0.00034352403599768877,8.703034836798906e-06,3.008587512454142e-08,2.607652405117733e-08,1.9923575678149064e-08,0.0019407750505593161,0.0019407553284154523
2021-07-30_02h22m33s_C9H14N4O3_+Cl__132,2021-07-30_02h22m33s,Carnosine,C9H14N4O3,+Cl,,132,1.0537219956355088,1.1279389380584506,0.807909604519774,0.807909604519774,0.7573367449104461,0.7581139560043274,0.7567198823466874,0.7567198823466874,1.055349640700945,189,123.60638427734375,14.293510437011719,21878.330078125,71.5963134765625,106.793701171875,109.5850601196289,109.31287384033203,1.1307474516719433,1.1574205735021637,5.58488245587796e-05,3.370550984982401e-06,0.009885242208838463,3.6128902138443664e-05,5.1355455070734024e-05,5.254206189420074e-05,5.2478273573797196e-05,0.053064111593619144,0.053120782594904735
2021-07-30_02h22m33s_C9H14N4O3_+Cl_-CH2O2_132,2021-07-30_02h22m33s,Carnosine,C9H14N4O3,+Cl,-CH2O2,132,1.96526792167299,3.077282220519525,0.12429378531073447,0.12429378531073447,0.061163644454333074,0.07425772328404856,0.05324521147474175,0.05324521147474175,1.9751132500545054,189,11.628581047058105,7.882173538208008,2058.2587890625,32.435302734375,5.785029411315918,3.7778477668762207,3.7464075088500977,3.1031002151741878,2.0097687412918654,5.179203981242608e-06,3.447212748142192e-06,0.0009167190873995423,1.4576246940123383e-05,2.5756478407856775e-06,1.7453611462769913e-06,1.7319912331004161e-06,0.005170249155033146,0.005165898446064285
2021-07-30_02h22m33s_C9H14N4O3_-H_-H2_132,2021-07-30_02h22m33s,Carnosine,C9H14N4O3,-H,-H2,132,2.9273776245740586,8.91983789116324,0.4745762711864407,0.4745762711864407,0.16072978084325287,0.1736687101815122,0.15211651930471146,0.15211651930471146,2.9424600297133123,189,95.93107604980469,85.2440414428711,16979.80078125,166.20751953125,13.306991577148438,10.753800392150879,10.68703556060791,8.975557342208951,7.208531467252421,3.808666951954365e-05,3.318393282825127e-05,0.006741340737789869,5.951616185484454e-05,6.047072929504793e-06,4.923285359836882e-06,4.902738055534428e-06,0.037900851572203444,0.037857740998777735
2021-07-30_02h22m33s_C19H19N7O6_-H__148,2021-07-30_02h22m33s,Folic acid,C19H19N7O6,-H,,148,63.88829142941237,3529.5364098971177,1.0,0.8700564971751412,0.005873845811547447,0.0009616540449573266,0.005652320286336977,0.005652320286336977,99.81862700643875,2,61453.90234375,61453.8359375,10877341.0,97537.328125,3.7591488361358643,17.410324096679688,0.06588135659694672,918849.5190684501,16343.476022322408,0.024050923064351082,0.024050895124673843,4.257013320922852,0.03333098813891411,1.4840350104350364e-06,8.205048288800754e-06,2.7119750001247667e-08,24.05027082701879,24.015283542788058
2021-07-30_02h22m33s_C19H19N7O6_-H_-CO2_148,2021-07-30_02h22m33s,Folic acid,C19H19N7O6,-H,-CO2,148,67.88433549442487,3060.0234456401254,1.0,0.768361581920904,0.00530648570475025,0.000991705733862243,0.004730938923046937,0.004730938923046937,100.0,2,8413.193359375,8413.193359375,1489135.25,14242.6728515625,0.549026370048523,2.7483885288238525,0.0,8413193.359375,15295.981824712866,0.003325890749692917,0.003325890749692917,0.5886826515197754,0.004777302499860525,2.2760831086543476e-07,1.3339911220100475e-06,0.0,3.325890749692917,3.325133921577625
2021-07-30_02h22m33s_C19H19N7O6_-H_-CH2O2_148,2021-07-30_02h22m33s,Folic acid,C19H19N7O6,-H,-CH2O2,148,43.24286350838189,1264.3041070049662,0.9887005649717514,0.943502824858757,0.015174101679830904,0.01391393196297632,0.012863901341318639,0.012863901341318639,68.84688504234875,2,3229.199951171875,3228.743408203125,571568.375,4508.4873046875,1.7232993841171265,2.5531322956085205,0.4565698206424713,7057.283512793245,1872.7606011558637,0.0013328780187293887,0.0013326670741662383,0.23591941595077515,0.0015621493803337216,7.984811531969171e-07,1.2263495818842785e-06,2.1093761404245015e-07,1.332596923913778,1.331814589879817
2021-07-30_02h22m33s_C19H19N7O6_[M]-_-CH2O2_148,2021-07-30_02h22m33s,Folic acid,C19H19N7O6,[M]-,-CH2O2,148,6.792917688903329,149.57248115856768,0.8926553672316384,0.8870056497175142,0.14755812659917678,0.1879432624113475,0.12140971348583376,0.12140971348583376,7.040966575504056,181,1082.61474609375,1076.016357421875,191622.8125,1610.4820556640625,14.148526191711426,7.237061023712158,6.598443031311035,164.04638102901836,76.51243804389217,0.0004404818173497915,0.0004374152631498873,0.07796528190374374,0.0005534908850677311,6.295839284575777e-06,3.374725110916188e-06,3.0665430585941067e-06,0.43913519037994747,0.43772596502331884
2021-07-30_02h22m33s_C19H19N7O6_+Cl_-CO2_148,2021-07-30_02h22m33s,Folic acid,C19H19N7O6,+Cl,-CO2,148,1.1208869539121957,1.2769168414933312,0.1016949152542373,0.05649717514124294,0.08851930136833908,0.10166486356533237,0.0807271825221043,0.0807271825221043,1.1244496892959004,189,5.984535217285156,1.3204665184020996,1059.2626953125,18.157028198242188,9.654977798461914,4.685707092285156,4.664068698883057,1.2828396758054206,0.6197751633437293,2.4898097308323486e-06,3.375666892679874e-07,0.00044069631258025765,7.621412805747241e-06,3.942446255678078e-06,2.1618734535877593e-06,2.152243041564361e-06,0.0024844625635678822,0.0024800323366328298
2021-07-30_02h22m33s_C19H19N7O6_-H_+H2_148,2021-07-30_02h22m33s,Folic acid,C19H19N7O6,-H,+H2,148,0.3438607222294951,1.689785280368473,0.02824858757062147,0.02824858757062147,0.08059850928913116,0.09520375045077534,0.07215124829455853,0.07215124829455853,0.35794053367772627,7,7.5433478355407715,3.3779373168945312,1335.172607421875,46.590450286865234,17.961679458618164,4.4630866050720215,4.16541051864624,1.8105147828764059,0.4199455795511405,2.977604026455083e-06,1.101500629374641e-06,0.0005270359106361866,1.823405546019785e-05,6.680734259134624e-06,2.016349299083231e-06,1.876103397080442e-06,0.002972028194263606,0.0029578434603165886
2021-07-30_02h22m33s_C19H19N7O6_-H_+C12H14N2_148,2021-07-30_02h22m33s,Folic acid,C19H19N7O6,-H,+C12H14N2,148,10.786119709140431,62.79927927052846,0.3559322033898305,0.3559322033898305,0.026120814328623874,0.029661016949152543,0.02299909633750908,0.02299909633750908,10.790607218199973,188,92.1600112915039,90.6939697265625,16312.322265625,160.64842224121094,2.0275685787200928,1.4665329456329346,1.466042399406433,62.820277947516686,45.431055305831194,3.9468068280257285e-05,3.8815534935565665e-05,0.0069858478382229805,6.841870344942436e-05,9.034554295794806e-07,6.534273779834621e-07,6.525328899442684e-07,0.03944233086211369,0.03943244282568484
2021-07-30_02h22m33s_C19H19N7O6_-H_-H2O_148,2021-07-30_02h22m33s,Folic acid,C19H19N7O6,-H,-H2O,148,11.374162629545566,149.8056406013984,0.7457627118644068,0.7231638418079096,0.0649571698742908,0.07726289217454022,0.05556638375533781,0.05556638375533781,11.857526932398523,189,450.2924499511719,447.4834289550781,79701.765625,811.7982177734375,4.926712989807129,3.0048444271087646,2.8090171813964844,160.24544366927736,91.37960162911118,0.00017614261014387012,0.00017486605793237686,0.03117724135518074,0.00027370089082978666,2.1106798158143647e-06,1.3684282293979777e-06,1.2765555084115476e-06,0.1759180409996031,0.17577161254906964
2021-07-30_02h22m33s_C19H19N7O6_[M]-_-H2O_148,2021-07-30_02h22m33s,Folic acid,C19H19N7O6,[M]-,-H2O,148,2.2900278133703162,6.925224570242719,0.536723163841808,0.536723163841808,0.26071865613527645,0.3208919341266979,0.22437408083349575,0.22437408083349575,2.307997462331777,189,104.74598693847656,89.7669906616211,18540.0390625,167.5157928466797,24.647558212280273,15.124283790588379,14.978997230529785,6.992390273944804,4.249578658369177,4.329688454163261e-05,3.676081541925669e-05,0.007663548458367586,5.997500556986779e-05,1.0677996215235908e-05,6.599534572160337e-06,6.536067303386517e-06,0.04301573082982452,0.042839445108897
2021-07-30_02h22m33s_C19H19N7O6_[M]-_+C12H14N2_148,2021-07-30_02h22m33s,Folic acid,C19H19N7O6,[M]-,+C12H14N2,148,4.408448620734638,9.720602674040775,0.2994350282485876,0.2994350282485876,0.062420736455668036,0.06878831590335377,0.0579229937806758,0.0579229937806758,4.422399071386482,189,38.38577651977539,34.45040512084961,6794.2822265625,67.21417236328125,4.808228492736816,3.947909116744995,3.935371160507202,9.751564310015262,7.981691154360388,1.646287455514539e-05,1.4674002159154043e-05,0.002913928823545575,2.8840606319135986e-05,2.1239327452349244e-06,1.7911967233885662e-06,1.7888725096781855e-06,0.016433477159616128,0.016427982624910194
2021-07-30_02h22m33s_C19H19N7O6_[M]-_+HCl_148,2021-07-30_02h22m33s,Folic acid,C19H19N7O6,[M]-,+HCl,148,1.3793155432997524,1.6794910521259256,0.21468926553672316,0.21468926553672316,0.16109689620647458,0.1870116600552951,0.1456491308893102,0.1456491308893102,1.3807339572196484,189,16.19124984741211,6.568885803222656,2865.85107421875,33.08343505859375,13.043365478515625,9.639569282531738,9.622364044189453,1.6824937488661587,1.2412447254777916,6.737815056112595e-06,2.740971012826776e-06,0.0011925932485610247,1.3529121133615263e-05,5.3113108151592314e-06,4.00205681216903e-06,3.996844043285819e-06,0.006710992266647109,0.006702217495841383
2021-07-30_02h22m33s_C19H19N7O6_[M]-_-CO2_148,2021-07-30_02h22m33s,Folic acid,C19H19N7O6,[M]-,-CO2,148,0.1310494902105866,0.1882973578558402,0.02824858757062147,0.02824858757062147,0.23400823228390255,0.28335737468445726,0.20555663837553378,0.20555663837553378,0.13134632018731726,189,2.8672871589660645,-12.27261734008789,507.50982666015625,17.721961975097656,23.62440299987793,15.226442337036133,15.139904022216797,0.18937357734774557,0.12136458197055429,1.008305957839184e-06,-6.063616183382692e-06,0.0001784701453289017,6.0778320403187536e-06,1.077989782061195e-05,7.105352324288106e-06,7.071922027535038e-06,0.0010012253700899182,0.0009975524444176599
2021-07-30_02h22m33s_C19H19N7O6_+Cl_+H2_148,2021-07-30_02h22m33s,Folic acid,C19H19N7O6,+Cl,+H2,148,2.117833404039695,2.8510261484914814,0.288135593220339,0.288135593220339,0.13552119256869508,0.15076932323596587,0.12605205804702588,0.12605205804702588,2.12814354081896,189,23.260774612426758,15.155426979064941,4117.1572265625,39.2147216796875,10.089362144470215,8.157737731933594,8.105347633361816,2.869451899237165,2.3052467571913935,1.0173915143241175e-05,6.733809641445987e-06,0.0018007829785346985,1.712977245915681e-05,4.1994057937699836e-06,3.4575193694763584e-06,3.440105274421512e-06,0.010139035792733045,0.010131369411834294
2021-07-30_02h22m33s_C19H19N7O6_-H_-CH2O3_148,2021-07-30_02h22m33s,Folic acid,C19H19N7O6,-H,-CH2O3,148,20.233730744159,258.78964517262744,0.4124293785310734,0.4124293785310734,0.02348425853821337,0.04363505228993869,0.010383259209383915,0.010383259209383915,20.133987534889457,186,272.6230163574219,271.5677490234375,48254.2734375,532.5033569335938,4.07813024520874,1.0524541139602661,1.0552815198898315,258.09692891896475,66.83361402290085,0.00010677240788936615,0.00010631842451402918,0.01889871619641781,0.00018355455540586263,1.744384462654125e-06,4.5266398274179664e-07,4.539824089988542e-07,0.10672395709022843,0.1065864800895689
2021-07-30_02h22m33s_C19H19N7O6_[M]-_-CH2O3_148,2021-07-30_02h22m33s,Folic acid,C19H19N7O6,[M]-,-CH2O3,148,1.5023445833885363,4.831821779232956,0.05649717514124294,0.05649717514124294,0.03737901880075648,0.05385262651761029,0.027606003153959283,0.027606003153959283,1.5061990621252719,187,15.878764152526855,12.606656074523926,2810.541259765625,75.06119537353516,6.884758472442627,3.2852892875671387,3.272108316421509,4.851279767571859,2.3060297883050906,6.6056172727257945e-06,5.1668666856130585e-06,0.001169194234535098,2.9153110517654568e-05,3.0647283892903943e-06,1.4473974943030044e-06,1.438750587112736e-06,0.006596127091000947,0.006585434704032528
2021-07-30_02h22m33s_C19H19N7O6_-H_-NH3_148,2021-07-30_02h22m33s,Folic acid,C19H19N7O6,-H,-NH3,148,6.032501403674927,16.750774374076077,0.2598870056497175,0.2598870056497175,0.043030370452775614,0.05875105180911167,0.033081134716586635,0.033081134716586635,6.069930764076729,189,33.10694885253906,31.15084457397461,5859.9296875,84.73076629638672,3.8034536838531494,1.975442886352539,1.9561036825180054,16.91629786825792,8.702155842519906,1.4587565601686947e-05,1.3737594599660952e-05,0.00258199917152524,3.262909012846649e-05,1.5947002793836873e-06,8.590563993493561e-07,8.499713430865086e-07,0.014575177118815544,0.014564339844867298
2021-07-30_02h22m33s_C19H19N7O6_+Cl_+C12H14N2_148,2021-07-30_02h22m33s,Folic acid,C19H19N7O6,+Cl,+C12H14N2,148,1.604906063927,3.498274790502695,0.02824858757062147,0.02824858757062147,0.009756368895316498,0.01331289818487799,0.007601396247142832,0.007601396247142832,1.6104635799960145,165,1.666999101638794,1.1964237689971924,295.058837890625,9.799439430236816,0.8681614995002747,0.4755203425884247,0.47057539224624634,3.534957779918091,1.9179394193107229,6.746971052962181e-07,4.6299103928504337e-07,0.0001194213837152347,4.045787136419676e-06,3.762378639748931e-07,2.1382270176673046e-07,2.117060660111747e-07,0.000674554298059465,0.0006744433541692734
2021-07-30_02h22m33s_C19H19N7O6_[M]-_-NH3_148,2021-07-30_02h22m33s,Folic acid,C19H19N7O6,[M]-,-NH3,148,2.0675820609837245,3.7637444476435693,0.062146892655367235,0.062146892655367235,0.023984870397152074,0.03044236086068037,0.020057763523929337,0.020057763523929337,2.0888962270059155,189,4.462878227233887,3.2977535724639893,789.929443359375,18.303794860839844,1.893870234489441,1.1847548484802246,1.1651246547698975,3.8271021961322935,2.3552421405977584,2.0572097128024325e-06,1.5329337657021824e-06,0.00036412611370906234,8.166415682353545e-06,8.160238849086454e-07,5.331879151526664e-07,5.242758902568312e-07,0.0020561317325078865,0.0020555323493091937
2021-07-30_02h22m33s_C19H19N7O6_-H_+HCl_148,2021-07-30_02h22m33s,Folic acid,C19H19N7O6,-H,+HCl,148,2.0137732261353527,3.7912644516650342,0.07344632768361582,0.07344632768361582,0.03146067415730337,0.03969828104339464,0.026471995322217695,0.026471995322217695,2.0308582129111947,189,5.973546028137207,4.418120384216309,1057.317626953125,23.49073600769043,2.4083244800567627,1.5746078491210938,1.555425763130188,3.8379896874256167,2.4793447613982127,2.3954642074386356e-06,1.7564688050697441e-06,0.00042399714584462345,9.56626536208205e-06,9.711648090160452e-07,6.460677468567155e-07,6.389954023688915e-07,0.0023939344943032037,0.0023931400740157057
2021-07-30_02h22m33s_C19H19N7O6_+Cl__148,2021-07-30_02h22m33s,Folic acid,C19H19N7O6,+Cl,,148,2.0137732261353527,3.7912644516650342,0.07344632768361582,0.07344632768361582,0.03146067415730337,0.03969828104339464,0.026471995322217695,0.026471995322217695,2.0308582129111947,189,5.973546028137207,4.418120384216309,1057.317626953125,23.49073600769043,2.4083244800567627,1.5746078491210938,1.555425763130188,3.8379896874256167,2.4793447613982127,2.3954642074386356e-06,1.7564688050697441e-06,0.00042399714584462345,9.56626536208205e-06,9.711648090160452e-07,6.460677468567155e-07,6.389954023688915e-07,0.0023939344943032037,0.0023931400740157057
2021-07-30_02h22m33s_C19H19N7O6_+Cl_-H2_148,2021-07-30_02h22m33s,Folic acid,C19H19N7O6,+Cl,-H2,148,6.364605704299954,46.832300641905974,0.07909604519774012,0.07909604519774012,0.0042496384469907665,0.006941940137035701,0.0024274855148218367,0.0024274855148218367,6.379498567388624,127,6.618633270263672,6.479608535766602,1171.498046875,23.80143928527832,0.4196964502334595,0.14032624661922455,0.13902483880519867,47.26756571719005,15.732562674562041,2.429098685752251e-06,2.3719342152617173e-06,0.0004299504798837006,8.607600648247171e-06,1.6886535547655512e-07,5.772531608272402e-08,5.7164481148674895e-08,0.0024289598355235224,0.002428688564394483
2021-07-30_02h22m33s_C19H19N7O6_+Cl_-CH2O3_148,2021-07-30_02h22m33s,Folic acid,C19H19N7O6,+Cl,-CH2O3,148,1.512723440277853,1.8312654496894514,0.06779661016949153,0.0,0.044732450773167204,0.06142565212164924,0.03481758420894094,0.03481758420894094,1.5140651452423421,51,2.7427053451538086,1.2464581727981567,485.4588623046875,10.830647468566895,6.808437824249268,1.4967104196548462,1.4962471723556519,1.8318320420259337,0.4027799968136413,1.0530726513025002e-06,3.7941975961075514e-07,0.00018639385234564543,4.206923222227488e-06,2.6385639557702234e-06,6.739421678503277e-07,6.73652891691745e-07,0.0010523637234370953,0.001050301363980804
2021-07-30_02h22m33s_C19H19N7O6_+Cl_+HCl_148,2021-07-30_02h22m33s,Folic acid,C19H19N7O6,+Cl,+HCl,148,1.5174569253516161,16.300895737753546,0.01694915254237288,0.01694915254237288,0.0018912003559906551,0.003035220579396562,0.0011694455764835127,0.0011694455764835127,1.5183472127769049,60,1.0998116731643677,1.0338536500930786,194.66665649414062,8.430398941040039,0.20657531917095184,0.06646940112113953,0.06595803052186966,16.425388629152554,5.298373995313965,3.85911448574916e-07,3.577070231131074e-07,6.830632628407329e-05,2.982177420562948e-06,7.908998611583229e-08,2.833936285639993e-08,2.820442190909489e-08,0.00038590056447258066,0.0003858809292575786
2021-07-30_02h22m33s_C19H19N7O6_+Cl_-NH3_148,2021-07-30_02h22m33s,Folic acid,C19H19N7O6,+Cl,-NH3,148,1.1185753777056033,1.356082799020374,0.03954802259887006,0.03954802259887006,0.03029257981977973,0.038616420242817646,0.025355706362847067,0.025355706362847067,1.117112132691156,189,2.389608860015869,0.6237331628799438,422.9607849121094,11.878138542175293,3.0430071353912354,1.7611408233642578,1.7658756971359253,1.352448768121823,0.7850207814012701,1.1145033340653754e-06,2.78763593541953e-07,0.00019726708706002682,5.557539680012269e-06,1.3704901675737347e-06,8.334311019098095e-07,8.357397405234224e-07,0.0011135726771251409,0.0011129780086477977
2021-07-30_02h22m33s_C19H19N7O6_[M]-_+H2_148,2021-07-30_02h22m33s,Folic acid,C19H19N7O6,[M]-,+H2,148,0.49050495193851446,0.8306495379990978,0.15254237288135594,0.15254237288135594,0.31855601290466123,0.34923067676403413,0.3009904849655368,0.3009904849655368,0.49234632398756834,189,17.85541343688965,-3.519207000732422,3160.408203125,45.253719329833984,29.482423782348633,21.49472427368164,21.37462043762207,0.8353167333315529,0.6056085469822358,8.27336134534562e-06,-1.2308200894040056e-06,0.00146438495721668,2.1387742890510708e-05,1.2754292583849747e-05,9.554947610013187e-06,9.504181434749626e-06,0.00819547011047262,0.008169169369045787
2021-07-30_02h22m33s_C19H19N7O6_+Cl_-CH2O2_148,2021-07-30_02h22m33s,Folic acid,C19H19N7O6,+Cl,-CH2O2,148,3.6583343737193683,7.049595696737472,0.0847457627118644,0.0847457627118644,0.018300144621203693,0.0266558480586609,0.013165122171624999,0.013165122171624999,3.6541568150173984,186,5.451467514038086,4.676916599273682,964.9097900390625,18.172334671020508,1.6729074716567993,0.7723021507263184,0.7745509743690491,7.029154361482348,3.2567316929664787,2.127849711541785e-06,1.7795996427594218e-06,0.0003766294103115797,7.212192485894775e-06,7.00242594575684e-07,3.4661312042771897e-07,3.482500972040725e-07,0.0021271089456447005,0.0021263607431779782
2021-07-30_02h22m33s_C19H19N7O6_[M]-__148,2021-07-30_02h22m33s,Folic acid,C19H19N7O6,[M]-,,148,0.0,0.0,0.0,0.0,0.1621759928801869,0.19461473734823898,0.14355830394953664,0.14355830394953664,0.0,188,0.0,-9.703967094421387,0.0,0.0,14.627531051635742,9.716941833496094,9.703967094421387,0.0,0.0,0.0,-4.2782107811945025e-06,0.0,0.0,6.313724952633493e-06,4.2827045945159625e-06,4.2782107811945025e-06,0.0,0.0
2021-07-30_02h22m33s_C4H7NO4_-H__187,2021-07-30_02h22m33s,Aspartic acid,C4H7NO4,-H,,187,55.16001739058097,815.9409195643816,0.9943502824858758,0.903954802259887,0.010701969073311826,0.01000721240533718,0.008026649184045928,0.008026649184045928,98.17876503207653,5,30652.005859375,30651.767578125,5425405.0,37994.00390625,376.4193420410156,37.565452575683594,0.23733915388584137,128606.6739754248,81.43025877181496,0.013923858292400837,0.013923737220466137,2.4645228385925293,0.01493366714566946,0.00015476284897886217,1.711616278043948e-05,1.21489691196075e-07,13.922166892644269,12.057764332056124
2021-07-30_02h22m33s_C4H7NO4_-H_-H2O_187,2021-07-30_02h22m33s,Aspartic acid,C4H7NO4,-H,-H2O,187,29.96110648099751,508.43790251537126,0.5310734463276836,0.4915254237288136,0.012048058738458116,0.0166185839644188,0.007725428353739568,0.007725428353739568,37.054439653600824,12,296.6406555175781,296.35418701171875,52505.3984375,540.8856811523438,10.03525447845459,0.5824353694915771,0.2864837050437927,1031.8520678324726,29.55690852144033,0.00013117822527419776,0.00013103934179525822,0.0232185460627079,0.0002180323062930256,4.388464731164277e-06,2.7602382601799036e-07,1.3888688954466488e-07,0.13116000886853335,0.13060506953284162
2021-07-30_02h22m33s_C4H7NO4_-H_+H2_187,2021-07-30_02h22m33s,Aspartic acid,C4H7NO4,-H,+H2,187,0.0,0.0,0.0,0.0,0.009811992435198575,0.011419641783868253,0.00889487393022308,0.00889487393022308,0.0,14,0.0,-4.435335159301758,0.0,0.0,19.470455169677734,4.327883243560791,4.435335159301758,0.0,0.0,0.0,-2.0510226477199467e-06,0.0,0.0,8.15040766610764e-06,2.0022680473630317e-06,2.0510226477199467e-06,0.0,0.0
2021-07-30_02h22m33s_C4H7NO4_[M]-_+H2_187,2021-07-30_02h22m33s,Aspartic acid,C4H7NO4,[M]-,+H2,187,0.32294072962992354,0.3515000969294914,0.022598870056497175,0.022598870056497175,0.05606852820113472,0.04961533838201707,0.05997838297570743,0.05997838297570743,0.3250786959213724,188,1.3363465070724487,-2.4368605613708496,236.53334045410156,8.803990364074707,4.146605014801025,3.8008382320404053,3.773206949234009,0.35407345835756726,0.3221971480658357,5.880441449335194e-07,-1.3186269143261597e-06,0.00010408381058368832,3.869570718961768e-06,1.9267474726802902e-06,1.9166313904861454e-06,1.9066710592596792e-06,0.0005869250718850024,0.000586913311194493
2021-07-30_02h22m33s_C4H7NO4_+Cl_-NH3_187,2021-07-30_02h22m33s,Aspartic acid,C4H7NO4,+Cl,-NH3,187,0.23301673329920472,0.3054785274346089,0.005649717514124294,0.0,0.03783513182778952,0.07801418439716312,0.0142459733862537,0.0142459733862537,0.22893311877078326,34,0.40755513310432434,-0.9664629697799683,72.13726043701172,5.406829833984375,35.93205261230469,1.3331531286239624,1.3740180730819702,0.2963998372696505,0.011342068192802628,1.914703346983515e-07,-4.637280426322832e-07,3.3890250051626936e-05,2.540140940254787e-06,1.4746675333299208e-05,6.356059998324781e-07,6.551983915414894e-07,0.0001913449657845399,0.00018868781672574784
2021-07-30_02h22m33s_C4H7NO4_[M]-_-H2_187,2021-07-30_02h22m33s,Aspartic acid,C4H7NO4,[M]-,-H2,187,0.480656507446271,2.9888012199623755,0.005649717514124294,0.005649717514124294,0.0033262876849482702,0.005980286092078375,0.0017541683647252688,0.0017541683647252688,0.47988300209248147,78,0.2925224304199219,0.19461748003959656,51.77647018432617,3.8807485103607178,0.49491387605667114,0.09687282890081406,0.09790495038032532,2.957611618984361,0.5898653870021849,1.4275019566412084e-07,9.692931257632154e-08,2.526678508729674e-05,1.8937953427666798e-06,2.109008221395925e-07,4.5481957755555413e-08,4.5820879535085624e-08,0.00014274365502429956,0.0001427200958785642
2021-07-30_02h22m33s_C4H7NO4_+Cl_+C12H14N2_187,2021-07-30_02h22m33s,Aspartic acid,C4H7NO4,+Cl,+C12H14N2,187,1.0161582750642613,0.8907860394742878,0.4067796610169492,0.4067796610169492,0.3961286016242074,0.4059382137276115,0.3903113205875578,0.3903113205875578,1.017336888332263,189,35.08678436279297,-4.3319091796875,6210.36083984375,45.85442352294922,39.314308166503906,39.38756561279297,39.41869354248047,0.8900826264664347,0.8924458690288589,1.7099455362767912e-05,-2.077766112051904e-06,0.0030266037210822105,2.3940421669976786e-05,1.8798416931531392e-05,1.911503386509139e-05,1.9177221474819817e-05,0.016777705586888823,0.016783943789654598
2021-07-30_02h22m33s_C4H7NO4_[M]-_-H2O_187,2021-07-30_02h22m33s,Aspartic acid,C4H7NO4,[M]-,-H2O,187,2.5028698720093625,10.823766304326393,0.03389830508474576,0.03389830508474576,0.004027144287462454,0.0046880634691669676,0.003543774474192462,0.003543774474192462,2.5331812665165447,94,2.293120861053467,2.0906052589416504,405.88238525390625,12.633636474609375,0.28443923592567444,0.21085979044437408,0.20251569151878357,11.267538360017916,8.033656808311289,9.57354245656461e-07,8.658357160129526e-07,0.00016945169772952795,5.306348612066358e-06,1.2778335189977952e-07,9.468214301477929e-08,9.151855095979045e-08,0.000957266638000869,0.0009572319273522384
2021-07-30_02h22m33s_C4H7NO4_[M]-_+C12H14N2_187,2021-07-30_02h22m33s,Aspartic acid,C4H7NO4,[M]-,+C12H14N2,187,1.0572936045870969,1.2911121718880914,0.14124293785310735,0.14124293785310735,0.1265101791077984,0.13138598389229475,0.12358913478746213,0.12358913478746213,1.0600593434807906,189,11.071895599365234,2.5285158157348633,1959.7255859375,28.25434684753418,9.2361421585083,8.574471473693848,8.543379783630371,1.2958103314388212,1.198627823343278,5.4871202337380964e-06,1.2984592103748582e-06,0.0009712202590890229,1.4083911082707345e-05,4.441045348357875e-06,4.192800133751007e-06,4.188661023363238e-06,0.005464232416392953,0.005462859427289798
2021-07-30_02h22m33s_C4H7NO4_+Cl_+H2_187,2021-07-30_02h22m33s,Aspartic acid,C4H7NO4,+Cl,+H2,187,1.4607822611886367,1.7736350478965792,0.192090395480226,0.192090395480226,0.12751140282567583,0.13736626998437312,0.12149830784768857,0.12149830784768857,1.4592986553564673,189,14.580392837524414,6.3608808517456055,2580.7294921875,32.277950286865234,9.45337963104248,8.219627380371094,8.219511985778809,1.7736599451163106,1.5421839831405963,6.9600037022610195e-06,2.949363988591358e-06,0.0012319206725805998,1.538075775897596e-05,4.552199698082404e-06,4.003042704425752e-06,4.0106397136696614e-06,0.006932201141061532,0.006928463950756212
2021-07-30_02h22m33s_C4H7NO4_+Cl_+HCl_187,2021-07-30_02h22m33s,Aspartic acid,C4H7NO4,+Cl,+HCl,187,0.0,0.0,0.0,0.0,0.0020914450995661365,0.003996874624353889,0.0009745379804029272,0.0009745379804029272,0.0,36,0.0,-0.0585639551281929,0.0,0.0,0.37536078691482544,0.056767724454402924,0.0585639551281929,0.0,0.0,0.0,-2.783558805674602e-08,0.0,0.0,1.80792184778511e-07,2.6981831879879792e-08,2.783558805674602e-08,0.0,0.0
2021-07-30_02h22m33s_C4H7NO4_-H_-CO2_187,2021-07-30_02h22m33s,Aspartic acid,C4H7NO4,-H,-CO2,187,0.0,0.0,0.0,0.0,0.00021136945155189677,0.0003606202668589975,0.00012403210659673618,0.00012403210659673618,0.0,12,0.0,-0.006222208961844444,0.0,0.0,0.02018648572266102,0.006989574059844017,0.006222208961844444,0.0,0.0,0.0,-2.6776831862918016e-09,0.0,0.0,8.21061085787278e-09,2.9216680186294752e-09,2.6776831862918016e-09,0.0,0.0
2021-07-30_02h22m33s_C4H7NO4_-H_-CH2O3_187,2021-07-30_02h22m33s,Aspartic acid,C4H7NO4,-H,-CH2O3,187,0.0,0.0,0.0,0.0,6.674824785849372e-05,0.00012020675561966583,3.5437744741924624e-05,3.5437744741924624e-05,0.0,4,0.0,-0.0018474512035027146,0.0,0.0,0.006651440169662237,0.0017907873261719942,0.0018474512035027146,0.0,0.0,0.0,-9.347412843752068e-10,0.0,0.0,3.191971131855098e-09,9.06071440098799e-10,9.347412843752068e-10,0.0,0.0
2021-07-30_02h22m33s_C4H7NO4_+Cl_-CO2_187,2021-07-30_02h22m33s,Aspartic acid,C4H7NO4,+Cl,-CO2,187,1.0097793745374142,1.008460587500041,0.23163841807909605,0.11864406779661017,0.22251640894426522,0.22776175021036182,0.21939507769725536,0.21939507769725536,1.0159504804302255,189,43.40904235839844,0.8849830627441406,7683.400390625,94.31856536865234,39.189029693603516,43.04385757446289,42.5240592956543,1.0207873446242197,1.1076552556295598,2.1432875655591488e-05,5.089859769213945e-07,0.003793619107455015,4.916770922136493e-05,1.8738803191808984e-05,2.1122452380950563e-05,2.0923889678670093e-05,0.02099360772362508,0.021038636781518655
2021-07-30_02h22m33s_C4H7NO4_[M]-_-CO2_187,2021-07-30_02h22m33s,Aspartic acid,C4H7NO4,[M]-,-CO2,187,0.0,0.0,0.0,0.0,0.00011124707976415619,0.00012020675561966583,0.00010631323422577388,0.00010631323422577388,0.0,4,0.0,-0.006290022283792496,0.0,0.0,0.0069168382324278355,0.006097098812460899,0.006290022283792496,0.0,0.0,0.0,-2.806071597305504e-09,0.0,0.0,2.8037654420387526e-09,2.7200055541243273e-09,2.806071597305504e-09,0.0,0.0
2021-07-30_02h22m33s_C4H7NO4_+Cl_-CH2O3_187,2021-07-30_02h22m33s,Aspartic acid,C4H7NO4,+Cl,-CH2O3,187,0.0,0.0,0.0,0.0,0.00015574591166981868,0.00015025844452458227,0.0001594698513386608,0.0001594698513386608,0.0,5,0.0,-0.009408724494278431,0.0,0.0,0.00917153898626566,0.009120145812630653,0.009408724494278431,0.0,0.0,0.0,-3.996752262480641e-09,0.0,0.0,4.010961784928213e-09,3.874166765172049e-09,3.996752262480641e-09,0.0,0.0
2021-07-30_02h22m33s_C4H7NO4_-H_+HCl_187,2021-07-30_02h22m33s,Aspartic acid,C4H7NO4,-H,+HCl,187,0.978205365921119,0.9506991677484238,0.8757062146892656,0.8757062146892656,0.8820335966180888,0.8766678687342229,0.8852171447809062,0.8852171447809062,0.9787187516888507,189,136.97674560546875,-7.084869384765625,24244.8828125,73.80601501464844,135.56826782226562,144.07901000976562,144.06161499023438,0.9508139611012478,1.0103819826263896,6.672069866908714e-05,-5.422327376436442e-06,0.011809563264250755,4.273425292922184e-05,6.71229136059992e-05,7.195995567599311e-05,7.214302604552358e-05,0.062231154844311,0.06252391155544207
2021-07-30_02h22m33s_C4H7NO4_+Cl__187,2021-07-30_02h22m33s,Aspartic acid,C4H7NO4,+Cl,,187,0.978205365921119,0.9506991677484238,0.8757062146892656,0.8757062146892656,0.8820335966180888,0.8766678687342229,0.8852171447809062,0.8852171447809062,0.9787187516888507,189,136.97674560546875,-7.084869384765625,24244.8828125,73.80601501464844,135.56826782226562,144.07901000976562,144.06161499023438,0.9508139611012478,1.0103819826263896,6.672069866908714e-05,-5.422327376436442e-06,0.011809563264250755,4.273425292922184e-05,6.71229136059992e-05,7.195995567599311e-05,7.214302604552358e-05,0.062231154844311,0.06252391155544207
2021-07-30_02h22m33s_C4H7NO4_[M]-_-NH3_187,2021-07-30_02h22m33s,Aspartic acid,C4H7NO4,[M]-,-NH3,187,1.587992964513336,31.034512395920633,0.01694915254237288,0.01694915254237288,0.0009233507620424964,0.0012621709340064912,0.0006733171500965679,0.0006733171500965679,1.5875429561741101,34,1.215686321258545,1.1780064105987549,215.17648315429688,9.456772804260254,0.07419939339160919,0.038172077387571335,0.037679918110370636,31.429392321608926,16.16617191215524,6.233802878341521e-07,6.062963961994683e-07,0.00011033831106033176,5.041387339588255e-06,3.181829910658962e-08,1.742388811010187e-08,1.7083891634683823e-08,0.0006233696382548039,0.0006233604535647893
2021-07-30_02h22m33s_C4H7NO4_-H_-H2_187,2021-07-30_02h22m33s,Aspartic acid,C4H7NO4,-H,-H2,187,0.0,0.0,0.0,0.0,0.0011347202135943931,0.0019533597788195696,0.0006555982777256055,0.0006555982777256055,0.0,51,0.0,-0.034077346324920654,0.0,0.0,0.11123178899288177,0.03697171062231064,0.034077346324920654,0.0,0.0,0.0,-1.5476057768637475e-08,0.0,0.0,4.9388965805974294e-08,1.6848296979787847e-08,1.5476057768637475e-08,0.0,0.0
2021-07-30_02h22m33s_C4H7NO4_-H_-NH3_187,2021-07-30_02h22m33s,Aspartic acid,C4H7NO4,-H,-NH3,187,0.1332946394609041,0.5639647684833881,0.022598870056497175,0.022598870056497175,0.15887195461119147,0.15846255559562447,0.15954072682814466,0.15954072682814466,0.1330913768789021,189,11.483772277832031,-8.65205192565918,2032.627685546875,76.96653747558594,21.9350643157959,20.361570358276367,20.13582420349121,0.5702871595731087,0.523511059801311,5.217731541051762e-06,-4.368961981526809e-06,0.0009235384641215205,3.51416711055208e-05,1.028742735798005e-05,9.664896424510516e-06,9.586693522578571e-06,0.005168185728405771,0.005164601082581757
2021-07-30_02h22m33s_C4H7NO4_[M]-_-CH2O2_187,2021-07-30_02h22m33s,Aspartic acid,C4H7NO4,[M]-,-CH2O2,187,0.0,0.0,0.0,0.0,0.0001223717877405718,9.015506671474937e-05,0.0001417509789676985,0.0001417509789676985,0.0,3,0.0,-0.0071743931621313095,0.0,0.0,0.005179025232791901,0.007842025719583035,0.0071743931621313095,0.0,0.0,0.0,-2.7515068001804366e-09,0.0,0.0,2.116048225531131e-09,3.0474274215208652e-09,2.7515068001804366e-09,0.0,0.0
2021-07-30_02h22m33s_C5H11O8P_+Cl_-H2O_101,2021-07-30_02h22m33s,Ribulose 5-phosphate,C5H11O8P,+Cl,-H2O,101,1.6770856146604805,131.66863461257344,0.01694915254237288,0.0,0.0025253087106463456,0.006551268181271787,0.00010631323422577388,0.00010631323422577388,1.6766386079531437,3,3.6110336780548096,3.5839388370513916,639.1529541015625,27.500812530517578,27.05714225769043,0.026425162330269814,0.02709488943219185,128.52991241592835,0.13345460466815626,1.5086375242390204e-06,1.4956334553062334e-06,0.00026702883769758046,1.1529677067301236e-05,1.0220111107628327e-05,1.268258920106291e-08,1.3004020082973966e-08,0.0015086179061414714,0.0014933750651478477
2021-07-30_02h22m33s_C5H11O8P_+Cl_-H2O_58,2021-07-30_02h22m33s,Ribose 5-phosphate,C5H11O8P,+Cl,-H2O,58,22.361141528806407,5749.531099636611,0.22598870056497175,0.10734463276836158,0.0025253087106463456,0.005439355691789879,0.00010631323422577388,0.00010631323422577388,22.35515077845461,3,157.68182373046875,157.65472412109375,27909.681640625,435.04925537109375,26.23761558532715,0.026425162330269814,0.027098335325717926,5611.785250001813,6.009532904573126,6.569807737832889e-05,6.568507524207234e-05,0.011628559790551662,0.00016358787252102047,9.878677701635752e-06,1.268258920106291e-08,1.3005673871191448e-08,0.06569722294167307,0.06505541589198609
2021-07-30_02h22m33s_C5H11O8P_-H__101,2021-07-30_02h22m33s,Ribulose 5-phosphate,C5H11O8P,-H,,101,80.50757027503239,10340.63067103887,0.9491525423728814,0.5706214689265536,0.005973968183335188,0.00805385262651761,0.0017896061094671936,0.0017896061094671936,90.47704311816032,4,26115.318359375,26114.671875,4622411.5,46332.484375,115.46588897705078,2.524505376815796,0.647121787071228,40293.84427483372,226.17149029247213,0.011323995888233185,0.011323685757815838,2.004347324371338,0.01889677345752716,4.926555266138166e-05,1.2739918702209252e-06,3.0985185617282696e-07,11.32048821394731,10.792306923171868
2021-07-30_02h22m33s_C5H11O8P_-H__58,2021-07-30_02h22m33s,Ribose 5-phosphate,C5H11O8P,-H,,58,78.59072336372209,7186.777073311626,0.9265536723163842,0.5028248587570622,0.005973968183335188,0.008174059382137276,0.0017896061094671936,0.0017896061094671936,81.412758610892,4,18150.244140625,18148.177734375,3212593.25,35989.23828125,157.83331298828125,2.524505376815796,2.066877841949463,8777.232277664,114.99555322911694,0.00793426763266325,0.007933219894766808,1.4043653011322021,0.013623818755149841,6.729603046551347e-05,1.2739918702209252e-06,1.0476927627678378e-06,7.9259636579009065,7.433989639409253
2021-07-30_02h22m33s_C5H11O8P_-H_-H3PO4_101,2021-07-30_02h22m33s,Ribulose 5-phosphate,C5H11O8P,-H,-H3PO4,101,1.6343807496361937,2.8542203848026797,0.20903954802259886,0.03954802259887006,0.16708198909778618,0.25027046520014423,0.11790137675638322,0.11790137675638322,1.6259570237860226,175,20.075641632080078,12.996784210205078,3553.388671875,49.7921028137207,29.86105728149414,7.0326690673828125,7.078856945037842,2.835599898123757,0.6722792553385524,8.76521608006442e-06,5.322704964783043e-06,0.0015514432452619076,2.0597772163455375e-05,1.311161213379819e-05,3.4206768759759143e-06,3.4425113426550524e-06,0.008735145243483986,0.008651777331426764
2021-07-30_02h22m33s_C5H11O8P_-H_-H3PO4_58,2021-07-30_02h22m33s,Ribose 5-phosphate,C5H11O8P,-H,-H3PO4,58,2.164450181950635,2.9407118951800904,0.2768361581920904,0.02824858757062147,0.16708198909778618,0.24990984493328525,0.11790137675638322,0.11790137675638322,2.165589198277512,175,20.68399429321289,13.646303176879883,3661.06689453125,38.364830017089844,29.857824325561523,7.0326690673828125,7.037691593170166,2.938613522047639,0.6927263467472077,1.0422766536066774e-05,7.0034575401223265e-06,0.0018448296468704939,1.9783725292654708e-05,1.3102795492159203e-05,3.4206768759759143e-06,3.4193092233181233e-06,0.010387249318666553,0.010287965429019922
2021-07-30_02h22m33s_C5H11O8P_+Cl_-CH2O2_101,2021-07-30_02h22m33s,Ribulose 5-phosphate,C5H11O8P,+Cl,-CH2O2,101,0.8171844313457277,1.0903919627057181,0.011299435028248588,0.0,0.006886194237401268,0.0120507272508715,0.0038272764321278592,0.0038272764321278592,0.8136149012648266,4,0.7580370903015137,0.04868394136428833,134.1725616455078,7.0907883644104,4.60265588760376,0.694196879863739,0.7093531489372253,1.0671270922577443,0.16465980707695294,2.661998621533712e-07,-2.711610136429954e-08,4.7117377107497305e-05,2.4906182716222247e-06,1.9166673155268654e-06,2.8717619215967716e-07,2.9331596351767075e-07,0.00026612180437990646,0.00026569062162286463
2021-07-30_02h22m33s_C5H11O8P_+Cl_-CH2O2_58,2021-07-30_02h22m33s,Ribose 5-phosphate,C5H11O8P,+Cl,-CH2O2,58,1.2257766470185916,1.635587944058577,0.01694915254237288,0.0,0.006886194237401268,0.012020675561966582,0.0038272764321278592,0.0038272764321278592,1.2171939846930142,4,1.1370556354522705,0.425174355506897,201.25885009765625,8.659557342529297,4.600639820098877,0.694196879863739,0.7118812799453735,1.5950140190795872,0.24709792159001226,4.761748471082683e-07,1.8168287851949572e-07,8.42829467728734e-05,3.7027616599516477e-06,1.9155504560330883e-06,2.8717619215967716e-07,2.944919685887726e-07,0.000476034658724504,0.0004752644540665448
2021-07-30_02h22m33s_C5H11O8P_-H_-H2O_101,2021-07-30_02h22m33s,Ribulose 5-phosphate,C5H11O8P,-H,-H2O,101,4.404214348595453,16.57472331044021,0.062146892655367235,0.005649717514124294,0.01007898542663255,0.01992426974395961,0.004110778390063257,0.004110778390063257,4.371934850255263,13,158.26177978515625,148.47242736816406,28012.333984375,671.189697265625,287.0599365234375,9.547381401062012,9.789353370666504,16.16507329136192,0.5513177156803247,6.79174845572561e-05,6.288544682320207e-05,0.012021394446492195,0.0002969772322103381,0.00011926978913834319,4.907657512376318e-06,5.032039098296082e-06,0.06757743227588141,0.06068017310602262
2021-07-30_02h22m33s_C5H11O8P_-H_-H2O_58,2021-07-30_02h22m33s,Ribose 5-phosphate,C5H11O8P,-H,-H2O,58,18.41762363958098,149.17250340176264,0.2598870056497175,0.11299435028248588,0.01007898542663255,0.018872460632287535,0.004110778390063257,0.004110778390063257,18.281947154000388,13,1424.35595703125,1414.5653076171875,252111.0,3654.764892578125,280.32537841796875,9.547381401062012,9.790596961975098,145.46717584094048,5.081062884876016,0.0006133340648375452,0.0006083013722673059,0.10856013000011444,0.0014032237231731415,0.00011636864655883983,4.907657512376318e-06,5.032678927818779e-06,0.6102628080629751,0.5494010125849754
2021-07-30_02h22m33s_C5H11O8P_+Cl_+C12H14N2_101,2021-07-30_02h22m33s,Ribulose 5-phosphate,C5H11O8P,+Cl,+C12H14N2,101,1.388322287349554,1.5944946276773455,0.1638418079096045,0.1638418079096045,0.12526421181443986,0.15431542252674602,0.10801424597338626,0.10801424597338626,1.380315484227319,189,11.588345527648926,4.2604265213012695,2051.13720703125,27.78334617614746,10.959616661071777,7.266723155975342,7.327919006347656,1.5811807331493408,1.0572713092691781,5.126657015352976e-06,2.0503869109234074e-06,0.000907418318092823,1.220191643369617e-05,4.489078037295258e-06,3.0507681003655307e-06,3.076270104429568e-06,0.005110934400650554,0.005103745901717639
2021-07-30_02h22m33s_C5H11O8P_+Cl_+C12H14N2_58,2021-07-30_02h22m33s,Ribose 5-phosphate,C5H11O8P,+Cl,+C12H14N2,58,1.1968295580599606,1.5247357066906826,0.14124293785310735,0.14124293785310735,0.12526421181443986,0.15443562928236568,0.10801424597338626,0.10801424597338626,1.1930755960532837,189,11.0813570022583,3.7751011848449707,1961.400146484375,34.10512161254883,10.962313652038574,7.266723155975342,7.30625581741333,1.516486801495469,1.0107671233320756,4.636876383301569e-06,1.5703717508586124e-06,0.0008207271457649767,1.2844918273913208e-05,4.491683739615837e-06,3.0507681003655307e-06,3.066504632442957e-06,0.00462270084973147,0.0046161421327441665
2021-07-30_02h22m33s_C5H11O8P_-H_+HCl_101,2021-07-30_02h22m33s,Ribulose 5-phosphate,C5H11O8P,-H,+HCl,101,3.414779164060706,11.99181688335986,0.05084745762711865,0.05084745762711865,0.008321281566358883,0.01391393196297632,0.004890408774385598,0.004890408774385598,3.4072043080420062,148,3.362025022506714,3.0815372467041016,595.0784301757812,14.97838020324707,1.067159652709961,0.27935993671417236,0.2804877758026123,11.943769184720358,3.147492993184241,1.4586637462343788e-06,1.332777628704207e-06,0.0002581834851298481,6.623702574870549e-06,4.412944178966427e-07,1.252859078704205e-07,1.2588608910846233e-07,0.0014584801438730242,0.0014580203300015692
2021-07-30_02h22m33s_C5H11O8P_-H_+HCl_58,2021-07-30_02h22m33s,Ribose 5-phosphate,C5H11O8P,-H,+HCl,58,1.897099535589281,5.120101796082159,0.02824858757062147,0.02824858757062147,0.008321281566358883,0.014034138718595985,0.004890408774385598,0.004890408774385598,1.8859234754038365,148,1.4354714155197144,1.1510602235794067,254.07843017578125,8.437237739562988,1.0774072408676147,0.27935993671417236,0.2844111919403076,5.029485374280404,1.3311032800232587,6.06516209700203e-07,4.787639795722498e-07,0.00010735337127698585,3.6136946164333494e-06,4.4582714053831296e-07,1.252859078704205e-07,1.277522159170985e-07,0.0006064387358078856,0.0006062459288112981
2021-07-30_02h22m33s_C5H11O8P_+Cl__101,2021-07-30_02h22m33s,Ribulose 5-phosphate,C5H11O8P,+Cl,,101,3.414779164060706,11.99181688335986,0.05084745762711865,0.05084745762711865,0.008321281566358883,0.01391393196297632,0.004890408774385598,0.004890408774385598,3.4072043080420062,148,3.362025022506714,3.0815372467041016,595.0784301757812,14.97838020324707,1.067159652709961,0.27935993671417236,0.2804877758026123,11.943769184720358,3.147492993184241,1.4586637462343788e-06,1.332777628704207e-06,0.0002581834851298481,6.623702574870549e-06,4.412944178966427e-07,1.252859078704205e-07,1.2588608910846233e-07,0.0014584801438730242,0.0014580203300015692
2021-07-30_02h22m33s_C5H11O8P_+Cl__58,2021-07-30_02h22m33s,Ribose 5-phosphate,C5H11O8P,+Cl,,58,1.897099535589281,5.120101796082159,0.02824858757062147,0.02824858757062147,0.008321281566358883,0.014034138718595985,0.004890408774385598,0.004890408774385598,1.8859234754038365,148,1.4354714155197144,1.1510602235794067,254.07843017578125,8.437237739562988,1.0774072408676147,0.27935993671417236,0.2844111919403076,5.029485374280404,1.3311032800232587,6.06516209700203e-07,4.787639795722498e-07,0.00010735337127698585,3.6136946164333494e-06,4.4582714053831296e-07,1.252859078704205e-07,1.277522159170985e-07,0.0006064387358078856,0.0006062459288112981
2021-07-30_02h22m33s_C5H11O8P_+Cl_+H2_101,2021-07-30_02h22m33s,Ribulose 5-phosphate,C5H11O8P,+Cl,+H2,101,0.8129016079457148,0.6645523648766571,0.07909604519774012,0.07909604519774012,0.0772054733563244,0.06007332612092799,0.0873008841717313,0.0873008841717313,0.8087060864235025,189,5.261814594268799,-2.7077670097351074,931.3411865234375,19.93266487121582,4.360657691955566,7.91683292388916,7.969581604003906,0.6601544097642262,1.2063795386725187,2.390088184256456e-06,-1.427437155143707e-06,0.000423045625211671,9.132700142799877e-06,2.008167029998731e-06,3.7970137327647535e-06,3.817525339400163e-06,0.0023809986615329756,0.0023852981072407767
2021-07-30_02h22m33s_C5H11O8P_+Cl_+H2_58,2021-07-30_02h22m33s,Ribose 5-phosphate,C5H11O8P,+Cl,+H2,58,0.3483864034053063,0.303560952334533,0.03389830508474576,0.03389830508474576,0.0772054733563244,0.06031373963216733,0.0873008841717313,0.0873008841717313,0.34545783520308554,189,2.4035449028015137,-5.63745641708374,425.42742919921875,13.589983940124512,4.375861644744873,7.91683292388916,8.041001319885254,0.29887397517062436,0.5491480192633815,1.3904923434893135e-06,-2.4643973119964357e-06,0.00024611715343780816,7.992674909473862e-06,2.0134839360252954e-06,3.7970137327647535e-06,3.854889655485749e-06,0.0013851527325493412,0.0013876982353843166
2021-07-30_02h22m33s_C5H11O8P_[M]-_-H2O_101,2021-07-30_02h22m33s,Ribulose 5-phosphate,C5H11O8P,[M]-,-H2O,101,4.3271153088530285,12.40965940156286,0.1016949152542373,0.1016949152542373,0.019434864834798088,0.029059983171054213,0.013501780746673282,0.013501780746673282,4.409487423724007,138,12.526533126831055,11.546524047851562,2217.1962890625,43.412662506103516,3.461864709854126,1.0084179639816284,0.9800089001655579,12.769031070683498,3.6173902755094174,5.250697086012224e-06,4.7698713387944736e-06,0.0009293733746744692,1.8262338926433586e-05,1.5301781104426482e-06,4.950939569425827e-07,4.808259177480068e-07,0.005248173628110986,0.0052426748597017405
2021-07-30_02h22m33s_C5H11O8P_[M]-_-H2O_58,2021-07-30_02h22m33s,Ribose 5-phosphate,C5H11O8P,[M]-,-H2O,58,6.4906729632795415,24.479327772209746,0.15254237288135594,0.15254237288135594,0.019434864834798088,0.028789517970909964,0.013501780746673282,0.013501780746673282,6.45608450919016,138,24.70987319946289,23.6882381439209,4373.6474609375,89.3994140625,3.397059679031372,1.0084179639816284,1.021634817123413,24.162949261760634,7.271759631516101,1.2319558663875796e-05,1.1817800441349391e-05,0.002180561888962984,4.319506842875853e-05,1.492577666795114e-06,4.950939569425827e-07,5.017580519961484e-07,0.01231338032614986,0.012301198170212116
2021-07-30_02h22m33s_C5H11O8P_-H_+C12H14N2_101,2021-07-30_02h22m33s,Ribulose 5-phosphate,C5H11O8P,-H,+C12H14N2,101,0.7110570860427171,1.0769329984062896,0.04519774011299435,0.04519774011299435,0.05515630214706864,0.05790960451977401,0.05356415117741907,0.05356415117741907,0.7119275906443516,189,5.032014846801758,0.36876821517944336,890.6666259765625,29.471464157104492,6.158078193664551,4.671542167663574,4.6632466316223145,1.0788483637820683,0.8170077872980844,3.0655021419079276e-06,7.096334684320027e-07,0.0005425938870757818,1.7247773939743638e-05,2.9460461519192904e-06,2.3595712264068425e-06,2.355868673475925e-06,0.00305829719535122,0.0030564975590357795
2021-07-30_02h22m33s_C5H11O8P_-H_+C12H14N2_58,2021-07-30_02h22m33s,Ribose 5-phosphate,C5H11O8P,-H,+C12H14N2,58,0.7110570860427171,0.9375652406334956,0.04519774011299435,0.04519774011299435,0.05515630214706864,0.05790960451977401,0.05356415117741907,0.05356415117741907,0.7090106822633557,189,4.380813121795654,-0.30815887451171875,775.4039306640625,20.83905029296875,6.16154146194458,4.671542167663574,4.688971996307373,0.9340808698313905,0.7108776709817536,2.4153544018190587e-06,4.597768565872684e-08,0.0004275177197996527,1.1591670045163482e-05,2.949504505522782e-06,2.3595712264068425e-06,2.369376716160332e-06,0.0024096450449553304,0.0024082512538952635
2021-07-30_02h22m33s_C5H11O8P_-H_+H2_101,2021-07-30_02h22m33s,Ribulose 5-phosphate,C5H11O8P,-H,+H2,101,0.5209500810603555,3.330493186370508,0.22033898305084745,0.22033898305084745,0.4247191011235955,0.4457567015266258,0.41295603947764764,0.41295603947764764,0.525121357614832,189,105.48400115966797,74.42473602294922,18670.66796875,237.865478515625,36.347808837890625,31.671186447143555,31.059267044067383,3.3961073486589926,2.9019933398672926,5.519395926967263e-05,4.119667210034095e-05,0.009769330732524395,0.00013463798677548766,1.5962315956130624e-05,1.430120573786553e-05,1.3997288078826386e-05,0.05443205807211385,0.05432677807318979
2021-07-30_02h22m33s_C5H11O8P_-H_+H2_58,2021-07-30_02h22m33s,Ribose 5-phosphate,C5H11O8P,-H,+H2,58,1.0552578565068742,2.7391969111582726,0.4463276836158192,0.4463276836158192,0.4247191011235955,0.44455463397042916,0.41295603947764764,0.41295603947764764,1.060453003032662,189,86.75635528564453,55.30018615722656,15355.875,145.75376892089844,36.44742202758789,31.671186447143555,31.45616912841797,2.757919981021752,2.3802499658278338,4.225591692375019e-05,2.8056423616362736e-05,0.007479296997189522,7.047249528113753e-05,1.6031133782234974e-05,1.430120573786553e-05,1.4199494216882158e-05,0.041664304867730435,0.04158919497520719
2021-07-30_02h22m33s_C5H11O8P_+Cl_-H3PO4_101,2021-07-30_02h22m33s,Ribulose 5-phosphate,C5H11O8P,+Cl,-H3PO4,101,0.5437745917162078,6.7984461960980225,0.005649717514124294,0.005649717514124294,0.0007898542663255089,0.00144248106743599,0.0003898151921611709,0.0003898151921611709,0.5432580123203755,24,0.35393819212913513,0.3015824556350708,62.64706039428711,4.695520401000977,0.2364608496427536,0.05106163024902344,0.052355747669935226,6.633553226892019,1.4905117734633524,1.336138666374609e-07,1.139850098752504e-07,2.3649654394830577e-05,1.7725885754771298e-06,8.329157452635627e-08,1.9143671536880902e-08,1.962885320949681e-08,0.00013361124400196523,0.00013360273865499727
2021-07-30_02h22m33s_C5H11O8P_+Cl_-H3PO4_58,2021-07-30_02h22m33s,Ribose 5-phosphate,C5H11O8P,+Cl,-H3PO4,58,0.0,0.0,0.0,0.0,0.0007898542663255089,0.0014725327563409063,0.0003898151921611709,0.0003898151921611709,0.0,24,0.0,-0.052362408488988876,0.0,0.0,0.2383434921503067,0.05106163024902344,0.052362408488988876,0.0,0.0,0.0,-1.9631350767213007e-08,0.0,0.0,8.40022806869456e-08,1.9143671536880902e-08,1.9631350767213007e-08,0.0,0.0
2021-07-30_02h22m33s_C5H11O8P_+Cl_-HPO3_101,2021-07-30_02h22m33s,Ribulose 5-phosphate,C5H11O8P,+Cl,-HPO3,101,1.3280131323909177,1.7541418239106488,0.07909604519774012,0.07909604519774012,0.058426966292134834,0.07335617261690107,0.04955968602158159,0.04955968602158159,1.3320211355254254,189,5.084635257720947,2.1961331367492676,899.9804077148438,18.239919662475586,5.875814437866211,2.8976454734802246,2.8885021209716797,1.7596925161664494,0.8652026215017106,2.2505294055008562e-06,9.399833515999489e-07,0.0003983437200076878,8.634813639218919e-06,2.6100017294083955e-06,1.315224153586314e-06,1.3105460539009073e-06,0.002247583843364124,0.0022446708108027087
2021-07-30_02h22m33s_C5H11O8P_+Cl_-HPO3_58,2021-07-30_02h22m33s,Ribose 5-phosphate,C5H11O8P,+Cl,-HPO3,58,1.233155051505852,1.5543028777815004,0.07344632768361582,0.07344632768361582,0.058426966292134834,0.07338622430580599,0.04955968602158159,0.04955968602158159,1.2356117945398069,189,4.505373001098633,1.6131913661956787,797.4509887695312,16.52248764038086,5.878895282745361,2.8976454734802246,2.892181634902954,1.557238213718219,0.7662335440428192,2.0159436644462403e-06,7.03696287018829e-07,0.0003568220417946577,7.442974492732901e-06,2.6112497835129034e-06,1.315224153586314e-06,1.3122473774274113e-06,0.0020133017145513503,0.0020106932421529574
2021-07-30_02h22m33s_C5H11O8P_-H_-CH2O2_101,2021-07-30_02h22m33s,Ribulose 5-phosphate,C5H11O8P,-H,-CH2O2,101,4.081333521661056,7.426342153539581,0.10734463276836158,0.10734463276836158,0.022716653687840694,0.03314701286212285,0.01630136258128533,0.01630136258128533,4.107606454885331,178,8.014533996582031,6.944911003112793,1418.572509765625,24.832853317260742,2.9645791053771973,1.0782034397125244,1.0696232318878174,7.485858477449717,2.7025190398900687,3.469827333901776e-06,2.9929110496595968e-06,0.0006141594494692981,1.1003516192431562e-05,1.2855074373874231e-06,4.807431537301454e-07,4.769162273987604e-07,0.0034681733057728217,0.003465372571687553
2021-07-30_02h22m33s_C5H11O8P_-H_-CH2O2_58,2021-07-30_02h22m33s,Ribose 5-phosphate,C5H11O8P,-H,-CH2O2,58,13.962456784629929,54.70618986545659,0.3672316384180791,0.3672316384180791,0.022716653687840694,0.0317646351724967,0.01630136258128533,0.01630136258128533,14.209296741546725,178,59.03910827636719,57.99061965942383,10449.921875,105.1151123046875,2.693171739578247,1.0782034397125244,1.0484880208969116,56.25515213209513,21.9136395089681,2.6350715415901504e-05,2.5884955903165974e-05,0.004664076492190361,4.2578922148095444e-05,1.1638006753855734e-06,4.807431537301454e-07,4.657596832657873e-07,0.02633844802868995,0.026320084084268027
2021-07-30_02h22m33s_C5H11O8P_+Cl_+HCl_101,2021-07-30_02h22m33s,Ribulose 5-phosphate,C5H11O8P,+Cl,+HCl,101,1.2547179480224804,4.603935538947128,0.01694915254237288,0.01694915254237288,0.006630325953943709,0.011870417117442,0.0035083367294505377,0.0035083367294505377,1.2616851778925213,116,0.9657251238822937,0.762040376663208,170.933349609375,7.356360912322998,0.9859703183174133,0.20876078307628632,0.2036847621202469,4.718109515719376,0.9784743329755464,4.5826448058505775e-07,3.631873539688968e-07,8.111281204037368e-05,3.5166440284228884e-06,4.4615273964154767e-07,9.782324639218132e-08,9.507713372158832e-08,0.0004582209142539192,0.00045806011580946883
2021-07-30_02h22m33s_C5H11O8P_+Cl_+HCl_58,2021-07-30_02h22m33s,Ribose 5-phosphate,C5H11O8P,+Cl,+HCl,58,3.345914528059948,12.999347136645694,0.04519774011299435,0.04519774011299435,0.006630325953943709,0.011720158672917418,0.0035083367294505377,0.0035083367294505377,3.34628052346626,116,2.7267532348632812,2.5175158977508545,482.63531494140625,12.794857025146484,0.9766030311584473,0.20876078307628632,0.20923733711242676,12.969880956041218,2.7892233840888494,1.212784127346822e-06,1.1149360261697439e-06,0.00021466279576998204,5.7115380514005665e-06,4.4213933847458975e-07,9.782324639218132e-08,9.784812959878764e-08,0.0012126654702987244,0.0012122481447540334
2021-07-30_02h22m33s_C5H11O8P_+Cl_-CH2O3_101,2021-07-30_02h22m33s,Ribulose 5-phosphate,C5H11O8P,+Cl,-CH2O3,101,0.0,0.0,0.0,0.0,0.0027923017020803206,0.003095323957206395,0.002622393110902422,0.002622393110902422,0.0,3,0.0,-0.7052165269851685,0.0,0.0,0.25567176938056946,0.6877850890159607,0.7052165269851685,0.0,0.0,0.0,-2.8690732278846554e-07,0.0,0.0,1.0899191238422645e-07,2.7981559469481e-07,2.8690732278846554e-07,0.0,0.0
2021-07-30_02h22m33s_C5H11O8P_+Cl_-CH2O3_58,2021-07-30_02h22m33s,Ribose 5-phosphate,C5H11O8P,+Cl,-CH2O3,58,0.0,0.0,0.0,0.0,0.0027923017020803206,0.003095323957206395,0.002622393110902422,0.002622393110902422,0.0,3,0.0,-0.7053062319755554,0.0,0.0,0.25567176938056946,0.6877850890159607,0.7053062319755554,0.0,0.0,0.0,-2.869438162633742e-07,0.0,0.0,1.0899191238422645e-07,2.7981559469481e-07,2.869438162633742e-07,0.0,0.0
2021-07-30_02h22m33s_C5H11O8P_-H_-CH2O3_101,2021-07-30_02h22m33s,Ribulose 5-phosphate,C5H11O8P,-H,-CH2O3,101,0.5437745917162078,6.7984461960980225,0.005649717514124294,0.005649717514124294,0.0007898542663255089,0.00144248106743599,0.0003898151921611709,0.0003898151921611709,0.5432580123203755,24,0.35393819212913513,0.3015824556350708,62.64706039428711,4.695520401000977,0.2364608496427536,0.05106163024902344,0.052355747669935226,6.633553226892019,1.4905117734633524,1.336138666374609e-07,1.139850098752504e-07,2.3649654394830577e-05,1.7725885754771298e-06,8.329157452635627e-08,1.9143671536880902e-08,1.962885320949681e-08,0.00013361124400196523,0.00013360273865499727
2021-07-30_02h22m33s_C5H11O8P_-H_-CH2O3_58,2021-07-30_02h22m33s,Ribose 5-phosphate,C5H11O8P,-H,-CH2O3,58,0.0,0.0,0.0,0.0,0.0007898542663255089,0.0014725327563409063,0.0003898151921611709,0.0003898151921611709,0.0,24,0.0,-0.052362408488988876,0.0,0.0,0.2383434921503067,0.05106163024902344,0.052362408488988876,0.0,0.0,0.0,-1.9631350767213007e-08,0.0,0.0,8.40022806869456e-08,1.9143671536880902e-08,1.9631350767213007e-08,0.0,0.0
2021-07-30_02h22m33s_C5H11O8P_-H_-CO2_101,2021-07-30_02h22m33s,Ribulose 5-phosphate,C5H11O8P,-H,-CO2,101,1.3280131323909177,1.7541418239106488,0.07909604519774012,0.07909604519774012,0.058426966292134834,0.07335617261690107,0.04955968602158159,0.04955968602158159,1.3320211355254254,189,5.084635257720947,2.1961331367492676,899.9804077148438,18.239919662475586,5.875814437866211,2.8976454734802246,2.8885021209716797,1.7596925161664494,0.8652026215017106,2.2505294055008562e-06,9.399833515999489e-07,0.0003983437200076878,8.634813639218919e-06,2.6100017294083955e-06,1.315224153586314e-06,1.3105460539009073e-06,0.002247583843364124,0.0022446708108027087
2021-07-30_02h22m33s_C5H11O8P_-H_-CO2_58,2021-07-30_02h22m33s,Ribose 5-phosphate,C5H11O8P,-H,-CO2,58,1.233155051505852,1.5543028777815004,0.07344632768361582,0.07344632768361582,0.058426966292134834,0.07338622430580599,0.04955968602158159,0.04955968602158159,1.2356117945398069,189,4.505373001098633,1.6131913661956787,797.4509887695312,16.52248764038086,5.878895282745361,2.8976454734802246,2.892181634902954,1.557238213718219,0.7662335440428192,2.0159436644462403e-06,7.03696287018829e-07,0.0003568220417946577,7.442974492732901e-06,2.6112497835129034e-06,1.315224153586314e-06,1.3122473774274113e-06,0.0020133017145513503,0.0020106932421529574
2021-07-30_02h22m33s_C5H11O8P_[M]-_-H2_101,2021-07-30_02h22m33s,Ribulose 5-phosphate,C5H11O8P,[M]-,-H2,101,3.517913295283745,11.04994505995412,0.05649717514124294,0.05649717514124294,0.007553676715986206,0.00982690227190768,0.006059854350869111,0.006059854350869111,3.5200895543731114,123,3.8612163066864014,3.512890577316284,683.435302734375,16.518447875976562,0.679223358631134,0.34843307733535767,0.3483256697654724,11.053342599410788,5.676394757240659,1.7617439880268648e-06,1.5990812016752898e-06,0.00031182868406176567,7.382941930700326e-06,2.9448716531987884e-07,1.6321821760811872e-07,1.6266281477328448e-07,0.0017614574643976025,0.0017612253297720106
2021-07-30_02h22m33s_C5H11O8P_[M]-_-H2_58,2021-07-30_02h22m33s,Ribose 5-phosphate,C5H11O8P,[M]-,-H2,58,0.703582659056749,1.9592102597640848,0.011299435028248588,0.011299435028248588,0.007553676715986206,0.010067315783147013,0.006059854350869111,0.006059854350869111,0.7063831507691952,123,0.6846128702163696,0.34069058299064636,121.17647552490234,6.486344814300537,0.6961201429367065,0.34843307733535767,0.34392228722572327,1.9848322232896096,0.9820586553880821,3.226656986043963e-07,1.614644276060062e-07,5.711182893719524e-05,3.3633168641244993e-06,3.021418422122224e-07,1.6321821760811872e-07,1.612012709983901e-07,0.00032261369286706464,0.0003225682372429566
2021-07-30_02h22m33s_C5H11O8P_[M]-_+H2_101,2021-07-30_02h22m33s,Ribulose 5-phosphate,C5H11O8P,[M]-,+H2,101,0.9505176640229571,1.0912289251706058,0.192090395480226,0.192090395480226,0.20223606630325955,0.2194975357615098,0.19209029537360242,0.19209029537360242,0.9512902650810928,189,13.960606575012207,1.1826038360595703,2471.02734375,29.908367156982422,14.999506950378418,12.792471885681152,12.778002738952637,1.0924644794431286,0.930675651242575,6.297021627688082e-06,5.586466613749508e-07,0.0011145728640258312,1.3546747140935622e-05,6.618161478399998e-06,5.747724117100006e-06,5.738374966313131e-06,0.006261093127622776,0.006255620918303095
2021-07-30_02h22m33s_C5H11O8P_[M]-_+H2_58,2021-07-30_02h22m33s,Ribose 5-phosphate,C5H11O8P,[M]-,+H2,58,1.2021252809702105,1.4686907468101862,0.24293785310734464,0.24293785310734464,0.20223606630325955,0.21922707056136556,0.19209029537360242,0.19209029537360242,1.2071929777174277,189,18.789653778076172,6.05153751373291,3325.7685546875,35.373714447021484,14.973821640014648,12.792471885681152,12.738116264343262,1.474957398000075,1.2547497546059447,8.88425074663246e-06,3.1624372240912635e-06,0.0015725124394521117,1.6613974366919138e-05,6.6043994593201205e-06,5.747724117100006e-06,5.721813522541197e-06,0.008833705928596067,0.008825960577367314
2021-07-30_02h22m33s_C5H11O8P_+Cl_-H2_101,2021-07-30_02h22m33s,Ribulose 5-phosphate,C5H11O8P,+Cl,-H2,101,0.5063692280181882,1.0008438224904235,0.011299435028248588,0.011299435028248588,0.01544109467126488,0.02076571703329727,0.012314616297818807,0.012314616297818807,0.5038345966728169,184,0.7099147439002991,-0.005494058132171631,125.6549072265625,6.7597761154174805,1.3116481304168701,0.7083162069320679,0.7154088020324707,0.9909352619429748,0.5408263855713143,2.610819080928195e-07,-5.7527984154148726e-08,4.6211498556658626e-05,2.466948444634909e-06,5.598228653980186e-07,3.155452930059255e-07,3.1860989224696823e-07,0.00026099875130878843,0.0002609358302486447
2021-07-30_02h22m33s_C5H11O8P_+Cl_-H2_58,2021-07-30_02h22m33s,Ribose 5-phosphate,C5H11O8P,+Cl,-H2,58,1.0127384560363764,1.9205381072511027,0.022598870056497175,0.022598870056497175,0.01544109467126488,0.02070561365548744,0.012314616297818807,0.012314616297818807,1.0116962732820776,184,1.3622688055038452,0.6528781056404114,241.12158203125,9.084417343139648,1.3081780672073364,0.7083162069320679,0.7093906998634338,1.917633220375392,1.0405527251229918,6.228981419553747e-07,3.063146039039566e-07,0.000110252971353475,4.328556769905845e-06,5.578983177656482e-07,3.155452930059255e-07,3.1658353805141815e-07,0.0006227010050680422,0.0006225508218991136
2021-07-30_02h22m33s_C5H11O8P_[M]-_-CH2O2_101,2021-07-30_02h22m33s,Ribulose 5-phosphate,C5H11O8P,[M]-,-CH2O2,101,0.3881557241947834,0.4338952472501,0.01694915254237288,0.01694915254237288,0.03440872177105351,0.03576150979685058,0.033665857504828395,0.033665857504828395,0.3847993558200675,180,1.070588231086731,-1.4307676553726196,189.49411010742188,8.458465576171875,2.4305801391601562,2.466388702392578,2.5013558864593506,0.42783212287263206,0.4402849874635436,4.683930967530614e-07,-5.552268476094468e-07,8.290557889267802e-05,3.794207941609784e-06,1.014929466691683e-06,1.011555468721781e-06,1.0236199159407988e-06,0.00046791413053010066,0.0004679181927911965
2021-07-30_02h22m33s_C5H11O8P_[M]-_-CH2O2_58,2021-07-30_02h22m33s,Ribose 5-phosphate,C5H11O8P,[M]-,-CH2O2,58,0.3881557241947834,0.40051873994149984,0.01694915254237288,0.01694915254237288,0.03440872177105351,0.03576150979685058,0.033665857504828395,0.033665857504828395,0.3847615279021146,180,0.9882354140281677,-1.5123789310455322,174.91766357421875,7.735917568206787,2.4310178756713867,2.466388702392578,2.5006144046783447,0.39503906444575904,0.40634381182554175,4.155396879923501e-07,-6.087258270781604e-07,7.35505236661993e-05,3.30499801748374e-06,1.0152106142413686e-06,1.011555468721781e-06,1.0242655434922199e-06,0.00041511450051287074,0.00041511825553316745
2021-07-30_02h22m33s_C5H11O8P_[M]-_-HPO3_101,2021-07-30_02h22m33s,Ribulose 5-phosphate,C5H11O8P,[M]-,-HPO3,101,1.0088778461779928,0.6885898625955045,1.0,0.8757062146892656,0.9823117143174992,0.9841026565692992,0.981200276414409,0.981200276414409,1.0093630424441542,189,1302.2374267578125,-587.5911865234375,230496.015625,696.9210815429688,1445.10400390625,1891.16455078125,1889.82861328125,0.6890766329440567,0.9011368884875124,0.0006675132317468524,-0.00028439838206395507,0.11814984679222107,0.0004212268686387688,0.0007272958173416555,0.0009529144736006856,0.0009519116138108075,0.34197923052654794,0.38644986286956295
2021-07-30_02h22m33s_C5H11O8P_[M]-_-HPO3_58,2021-07-30_02h22m33s,Ribose 5-phosphate,C5H11O8P,[M]-,-HPO3,58,0.9974780965036651,0.769600404290194,0.9887005649717514,0.9322033898305084,0.9823117143174992,0.984162759947109,0.981200276414409,0.981200276414409,0.9979602800073791,189,1455.4417724609375,-434.025390625,257613.1875,741.8226928710938,1444.2889404296875,1891.16455078125,1889.4671630859375,0.7702917682846083,1.0077213250048203,0.000747541431337595,-0.00020444649271667004,0.13231483101844788,0.0004456218157429248,0.0007268701447173953,0.0009529144736006856,0.000951987924054265,0.3829641680287431,0.43288803945355786
2021-07-30_02h22m33s_C5H11O8P_[M]-_-H3PO4_101,2021-07-30_02h22m33s,Ribulose 5-phosphate,C5H11O8P,[M]-,-H3PO4,101,0.0,0.0,0.0,0.0,0.005651351652019135,0.009105661738189686,0.003632368836047274,0.003632368836047274,0.0,5,0.0,-0.49959999322891235,0.0,0.0,12.992300987243652,0.4893694519996643,0.49959999322891235,0.0,0.0,0.0,-2.453630543186591e-07,0.0,0.0,4.897250619251281e-06,2.403977532594581e-07,2.453630543186591e-07,0.0,0.0
2021-07-30_02h22m33s_C5H11O8P_[M]-_-H3PO4_58,2021-07-30_02h22m33s,Ribose 5-phosphate,C5H11O8P,[M]-,-H3PO4,58,0.0,0.0,0.0,0.0,0.005651351652019135,0.009105661738189686,0.003632368836047274,0.003632368836047274,0.0,5,0.0,-0.5018360018730164,0.0,0.0,12.992300987243652,0.4893694519996643,0.5018360018730164,0.0,0.0,0.0,-2.4652186425555556e-07,0.0,0.0,4.897250619251281e-06,2.403977532594581e-07,2.4652186425555556e-07,0.0,0.0
2021-07-30_02h22m33s_C5H11O8P_[M]-_-CH2O3_101,2021-07-30_02h22m33s,Ribulose 5-phosphate,C5H11O8P,[M]-,-CH2O3,101,0.0,0.0,0.0,0.0,0.009122260540660808,0.01256160596225508,0.00712298669312685,0.00712298669312685,0.0,162,0.0,-0.4987078905105591,0.0,0.0,1.3121110200881958,0.4945128858089447,0.4987078905105591,0.0,0.0,0.0,-2.2326571524899919e-07,0.0,0.0,6.276645194702724e-07,2.2128484999939246e-07,2.2326571524899919e-07,0.0,0.0
2021-07-30_02h22m33s_C5H11O8P_[M]-_-CH2O3_58,2021-07-30_02h22m33s,Ribose 5-phosphate,C5H11O8P,[M]-,-CH2O3,58,0.6598986047676,1.272838583335668,0.011299435028248588,0.011299435028248588,0.009122260540660808,0.012501502584445245,0.00712298669312685,0.00712298669312685,0.6550422992359626,162,0.6307079195976257,0.1276543140411377,111.63529968261719,5.9364519119262695,1.3087561130523682,0.4945128858089447,0.503053605556488,1.251271516848507,0.48154607816853007,2.812219008774264e-07,5.6156778782678884e-08,4.9776277592172846e-05,2.757404672593111e-06,6.261686280595313e-07,2.2128484999939246e-07,2.250651220947475e-07,0.00028115862187786544,0.00028104591874006715
2021-07-30_02h22m33s_C5H11O8P_[M]-__101,2021-07-30_02h22m33s,Ribulose 5-phosphate,C5H11O8P,[M]-,,101,0.36996679479676714,0.4799649131886397,0.022598870056497175,0.022598870056497175,0.053888085437757256,0.0588111551869215,0.051083509045484345,0.051083509045484345,0.37450458106765105,189,1.5150104761123657,-1.587239384651184,268.1568603515625,10.007362365722656,3.699532985687256,3.1555025577545166,3.10224986076355,0.488201254841787,0.40940331621743425,6.707899160574016e-07,-7.757229809612909e-07,0.00011872981121996418,4.44940451416187e-06,1.6791822190498351e-06,1.4732345334778074e-06,1.4465128970186925e-06,0.0006698210113258246,0.0006696654257817165
2021-07-30_02h22m33s_C5H11O8P_[M]-__58,2021-07-30_02h22m33s,Ribose 5-phosphate,C5H11O8P,[M]-,,58,0.9249169869919179,1.6761852612069055,0.05649717514124294,0.05649717514124294,0.053888085437757256,0.058630845053492,0.051083509045484345,0.051083509045484345,0.9344739909833066,189,5.2908830642700195,2.1771819591522217,936.486328125,23.188236236572266,3.6794486045837402,3.1555025577545166,3.113701105117798,1.6986808318706776,1.4375647190618548,2.2934443677513627e-06,8.403420679314877e-07,0.00040593964513391256,9.993609637604095e-06,1.67055111433001e-06,1.4732345334778074e-06,1.453102299819875e-06,0.002290116594061676,0.00228961944144207
2021-07-30_02h22m33s_C5H11O8P_-H_-HPO3_101,2021-07-30_02h22m33s,Ribulose 5-phosphate,C5H11O8P,-H,-HPO3,101,1.281974790860589,1.0968440673110846,0.21468926553672316,0.20903954802259886,0.16405606852820112,0.1749609328044236,0.15746761876074206,0.15746761876074206,1.3046680570926728,189,104.40412139892578,11.4462890625,18479.529296875,242.89306640625,80.96366882324219,95.18492889404297,92.95783233642578,1.1231221259436492,1.289502234942199,4.9979851610260084e-05,4.7494322643615305e-06,0.008846433833241463,0.0001245855528395623,3.837501208181493e-05,4.624959183274768e-05,4.5230419345898554e-05,0.04781706567776443,0.0481327564981139
2021-07-30_02h22m33s_C5H11O8P_-H_-HPO3_58,2021-07-30_02h22m33s,Ribose 5-phosphate,C5H11O8P,-H,-HPO3,58,1.4169195056880195,1.3697738256550895,0.23728813559322035,0.23728813559322035,0.16405606852820112,0.17484072604880393,0.15746761876074206,0.15746761876074206,1.4273311811629115,189,130.38319396972656,36.178306579589844,23077.82421875,267.3851318359375,80.82548522949219,95.18492889404297,94.20488739013672,1.3840238395055717,1.6131246286353669,6.450991349993274e-05,1.8649439880391583e-05,0.011418255046010017,0.00014146039029583335,3.8297723222058266e-05,4.624959183274768e-05,4.586047361954115e-05,0.06168118513617323,0.062130458400452594
2021-07-30_02h22m33s_C42H81NO12S_-H__36,2021-07-30_02h22m33s,Sulfo GalCer 18:0(2S-OH),C42H81NO12S,-H,,36,61.5819209039548,96847843.75,0.615819209039548,0.5084745762711864,0.0012125931694293025,0.0,0.0,0.0,61.5819209039548,1,96847.84375,96847.84375,17142068.0,126347.1015625,0.0,0.0,0.0,96847843.75,96847843.75,0.03012108989059925,0.03012108989059925,5.331432819366455,0.03774292394518852,0.0,0.0,0.0,30.12108989059925,30.12108989059925
2021-07-30_02h22m33s_C42H81NO12S_-H_-H2_36,2021-07-30_02h22m33s,Sulfo GalCer 18:0(2S-OH),C42H81NO12S,-H,-H2,36,60.82105997900458,55808.5127545343,0.6610169491525424,0.4971751412429379,0.007765046167538102,0.015987498497415556,0.0008682247461771533,0.0008682247461771533,61.42240215693114,18,3455.720703125,3455.6669921875,611662.5625,4830.2255859375,1.4627397060394287,0.06092103198170662,0.053804393857717514,63055.54098630667,2360.8847180045777,0.0010528390994295478,0.0010528151178732514,0.18635252118110657,0.0014011968160048127,6.196970616656472e-07,2.696441825378315e-08,2.40109123694765e-08,1.0528138204091646,1.0521870621987806
2021-07-30_02h22m33s_C42H81NO12S_-H_-H2O_36,2021-07-30_02h22m33s,Sulfo GalCer 18:0(2S-OH),C42H81NO12S,-H,-H2O,36,46.416611022783414,10706.534573688556,0.632768361581921,0.5028248587570622,0.01462899098898654,0.029991585527106623,0.003632368836047274,0.003632368836047274,47.31409114534305,35,1784.064453125,1783.9102783203125,315779.40625,2577.179443359375,7.352634906768799,0.16563323140144348,0.15414266288280487,11499.50903235873,242.60987603325566,0.0005425516865216196,0.0005424869013950229,0.09603165090084076,0.0007477416074834764,2.885022695409134e-06,6.895209025969962e-08,6.479762504341124e-08,0.5425165327387513,0.5409909154525289
2021-07-30_02h22m33s_C42H81NO12S_[M]-_-H2O_36,2021-07-30_02h22m33s,Sulfo GalCer 18:0(2S-OH),C42H81NO12S,[M]-,-H2O,36,51.30857800657235,27103.363529631457,0.536723163841808,0.536723163841808,0.004639003226165313,0.00889529991585527,0.0004606906816450201,0.0004606906816450201,51.61271344606358,70,758.2109985351562,758.1876220703125,134203.34375,1080.49853515625,0.737529993057251,0.026974793523550034,0.023365523666143417,31118.19014949848,1026.6488912609127,0.00023257498105522245,0.00023256547865457833,0.04116577282547951,0.00031681216205470264,3.038025226942409e-07,1.0951959339422501e-08,9.504670828164308e-09,0.23257277052759498,0.23250434564847708
2021-07-30_02h22m33s_C42H81NO12S_+Cl_-H2O_36,2021-07-30_02h22m33s,Sulfo GalCer 18:0(2S-OH),C42H81NO12S,+Cl,-H2O,36,32.32585410515273,800.3166598956882,0.4406779661016949,0.4406779661016949,0.013038157748359105,0.02671595143647073,0.003632368836047274,0.003632368836047274,32.2510214243174,156,164.2230224609375,164.01708984375,29067.474609375,239.10452270507812,3.6586966514587402,0.20419755578041077,0.20593033730983734,793.6150136122667,44.87339747010968,5.062226045993157e-05,5.053421773482114e-05,0.008960139937698841,7.180966349551454e-05,1.5422051546920557e-06,8.697806208601833e-08,8.804177298316063e-08,0.050617803978724764,0.050544310763332
2021-07-30_02h22m33s_C42H81NO12S_+Cl_-H2_36,2021-07-30_02h22m33s,Sulfo GalCer 18:0(2S-OH),C42H81NO12S,+Cl,-H2,36,33.95666744884268,749.2972748538544,0.4689265536723164,0.4689265536723164,0.011647569251307154,0.022508714989782425,0.003809557559756897,0.003809557559756897,34.00243299510525,141,175.78269958496094,175.55020141601562,31113.5390625,235.58505249023438,2.2869718074798584,0.23359674215316772,0.2325020581483841,752.8100650541414,76.82904964575636,5.4846332204760984e-05,5.474362114910036e-05,0.009707801043987274,7.101174560375512e-05,9.717393822938902e-07,1.0277209838704948e-07,1.0271213568557869e-07,0.05484069939940318,0.05479308760365903
2021-07-30_02h22m33s_C42H81NO12S_-H_+C12H14N2_36,2021-07-30_02h22m33s,Sulfo GalCer 18:0(2S-OH),C42H81NO12S,-H,+C12H14N2,36,24.274414762907416,370.72248794624045,0.4745762711864407,0.4745762711864407,0.014695739236845032,0.020976078855631686,0.009550472207948687,0.009550472207948687,24.35411045860102,176,216.9915771484375,216.4112548828125,38407.5078125,300.7087097167969,1.5050617456436157,0.5843207836151123,0.5803204774856567,373.273582391206,144.07880538503827,6.711715832352638e-05,6.686633423669264e-05,0.011879736557602882,9.039008727995679e-05,6.35398578197055e-07,2.517459734008298e-07,2.508216994101531e-07,0.06710032810520006,0.06707453925664948
2021-07-30_02h22m33s_C42H81NO12S_[M]-_-H2_36,2021-07-30_02h22m33s,Sulfo GalCer 18:0(2S-OH),C42H81NO12S,[M]-,-H2,36,51.70295330907558,29827.613020945388,0.5875706214689266,0.5141242937853108,0.005362109244632329,0.009045558360379853,0.001364353172564098,0.001364353172564098,52.560166040147635,18,1572.2734375,1572.23046875,278292.40625,2223.47509765625,0.5018673539161682,0.05171201005578041,0.04293780401349068,35784.069613885316,3126.616642054099,0.00047960097435861826,0.000479582988191396,0.08488937467336655,0.0006466542254202068,2.1294211194344825e-07,2.1414225059857017e-08,1.798159843247049e-08,0.4795923505215599,0.47949886885680937
2021-07-30_02h22m33s_C42H81NO12S_+Cl_-CH2O3_36,2021-07-30_02h22m33s,Sulfo GalCer 18:0(2S-OH),C42H81NO12S,+Cl,-CH2O3,36,13.48463174413773,90.94364555476623,0.1694915254237288,0.1694915254237288,0.010179107798420291,0.02223824978963818,0.0025692364937895352,0.0025692364937895352,13.497186647795917,133,14.598870277404785,14.439265251159668,2584.0,34.816871643066406,3.724919080734253,0.15952655673027039,0.15960532426834106,90.89904300440774,3.918193058161596,4.456845999811776e-06,4.386452474136604e-06,0.0007888617692515254,1.049809179676231e-05,1.5096348988663522e-06,7.025955284234442e-08,7.039366778371914e-08,0.0044565322881584156,0.0044501279313821415
2021-07-30_02h22m33s_C42H81NO12S_+Cl_-NH3_36,2021-07-30_02h22m33s,Sulfo GalCer 18:0(2S-OH),C42H81NO12S,+Cl,-NH3,36,0.5447035333970527,12.866843282196234,0.005649717514124294,0.005649717514124294,0.003704527756146401,0.009346075249429018,0.00037209631979020857,0.00037209631979020857,0.5451936361540782,62,0.286141574382782,0.2655225992202759,50.64706039428711,3.7960968017578125,1.0527372360229492,0.021238677203655243,0.02061898075044155,13.235664423122156,0.27154926731330786,7.258755374550674e-08,6.33347170264642e-08,1.284799691347871e-05,9.629826536183828e-07,4.3351852241357847e-07,9.615572338361744e-09,9.252836719042534e-09,7.258688211093861e-05,7.2556099332532e-05
2021-07-30_02h22m33s_C42H81NO12S_[M]-_+C12H14N2_36,2021-07-30_02h22m33s,Sulfo GalCer 18:0(2S-OH),C42H81NO12S,[M]-,+C12H14N2,36,32.98287947769806,1220.2661347542626,0.3672316384180791,0.3672316384180791,0.0036155300923350763,0.005890131025363625,0.001134007831741588,0.001134007831741588,32.903491667008694,88,83.4446029663086,83.37562561035156,14769.6943359375,127.42024993896484,0.39757421612739563,0.06738229840993881,0.06897852569818497,1192.431565737786,209.35775469138056,2.610346200526692e-05,2.6072439140989445e-05,0.004620312713086605,3.967887823819183e-05,1.6279395254059636e-07,3.0305734810553986e-08,3.10236494271976e-08,0.02610265220573577,0.02609921321119007
2021-07-30_02h22m33s_C42H81NO12S_[M]-__36,2021-07-30_02h22m33s,Sulfo GalCer 18:0(2S-OH),C42H81NO12S,[M]-,,36,59.32203389830508,48922597.65625,0.5932203389830508,0.5084745762711864,0.00116809433752364,0.0,0.0,0.0,59.32203389830508,1,48922.59765625,48922.59765625,8659300.0,65488.89453125,0.0,0.0,0.0,48922597.65625,48922597.65625,0.01520770788192749,0.01520770788192749,2.6917643547058105,0.019658612087368965,0.0,0.0,0.0,15.20770788192749,15.20770788192749
2021-07-30_02h22m33s_C42H81NO12S_-H_-CH2O2_36,2021-07-30_02h22m33s,Sulfo GalCer 18:0(2S-OH),C42H81NO12S,-H,-CH2O2,36,28.587260878822566,304.25581775726084,0.4915254237288136,0.4915254237288136,0.01607520302592057,0.028609207837480468,0.007193862182610699,0.007193862182610699,28.635741073848127,156,145.4213409423828,144.9451904296875,25739.578125,206.06968688964844,3.3004138469696045,0.4769574701786041,0.4761565923690796,304.76649231726367,44.04820106872281,4.428943066159263e-05,4.4083302782382816e-05,0.007839228957891464,5.764134766650386e-05,1.3773285445495276e-06,2.059124568631887e-07,2.0612634443750721e-07,0.04428030332453776,0.04422851346751083
2021-07-30_02h22m33s_C42H81NO12S_[M]-_-NH3_36,2021-07-30_02h22m33s,Sulfo GalCer 18:0(2S-OH),C42H81NO12S,[M]-,-NH3,36,3.300870706490557,13.44471880747776,0.05084745762711865,0.05084745762711865,0.013338524863722327,0.026595744680851064,0.005404256073143505,0.005404256073143505,3.320191856593761,165,4.464606285095215,4.138751983642578,790.2353515625,23.614160537719727,2.96215558052063,0.3310713768005371,0.32585445046424866,13.659310065241266,1.5067066725908393,1.7517135120215244e-06,1.6140115803864319e-06,0.000310053292196244,8.994567906484008e-06,1.232355430147436e-06,1.3924038455570553e-07,1.3770191742423776e-07,0.0017514723309232406,0.001749557435415635
2021-07-30_02h22m33s_C42H81NO12S_+Cl__36,2021-07-30_02h22m33s,Sulfo GalCer 18:0(2S-OH),C42H81NO12S,+Cl,,36,11.145826161924285,57.27165545472132,0.2824858757062147,0.2824858757062147,0.020502836800533986,0.027857915614857554,0.015344543473253362,0.015344543473253362,11.217760308259194,174,57.07845687866211,56.096797943115234,10102.88671875,105.29713439941406,2.4723684787750244,0.9956266283988953,0.9816575646400452,58.08580621833444,23.077215290999074,1.7178370399051346e-05,1.6761621736804955e-05,0.0030405716970562935,3.1199375371215865e-05,1.0421396154924878e-06,4.216798572542757e-07,4.167482074990403e-07,0.017171214326260294,0.017160486775960982
2021-07-30_02h22m33s_C42H81NO12S_-H_+HCl_36,2021-07-30_02h22m33s,Sulfo GalCer 18:0(2S-OH),C42H81NO12S,-H,+HCl,36,11.145826161924285,57.27165545472132,0.2824858757062147,0.2824858757062147,0.020502836800533986,0.027857915614857554,0.015344543473253362,0.015344543473253362,11.217760308259194,174,57.07845687866211,56.096797943115234,10102.88671875,105.29713439941406,2.4723684787750244,0.9956266283988953,0.9816575646400452,58.08580621833444,23.077215290999074,1.7178370399051346e-05,1.6761621736804955e-05,0.0030405716970562935,3.1199375371215865e-05,1.0421396154924878e-06,4.216798572542757e-07,4.167482074990403e-07,0.017171214326260294,0.017160486775960982
2021-07-30_02h22m33s_C42H81NO12S_+Cl_-CH2O2_36,2021-07-30_02h22m33s,Sulfo GalCer 18:0(2S-OH),C42H81NO12S,+Cl,-CH2O2,36,2.764567386222885,4.426280673434516,0.0903954802259887,0.05649717514124294,0.02836800533985983,0.03765476619786032,0.02269787550720272,0.02269787550720272,2.7945748189260327,152,5.397762298583984,4.198468208312988,955.4039306640625,17.658586502075195,5.885857582092285,1.2184803485870361,1.1992942094802856,4.49703269077767,0.9169174255215345,1.780011189111974e-06,1.2709581369563239e-06,0.0003150619741063565,5.837118806084618e-06,2.385573452556855e-06,5.152576250111451e-07,5.090529953122314e-07,0.0017791055301128935,0.0017757749475394084
2021-07-30_02h22m33s_C42H81NO12S_[M]-_+HCl_36,2021-07-30_02h22m33s,Sulfo GalCer 18:0(2S-OH),C42H81NO12S,[M]-,+HCl,36,9.534930889950772,118.27151830182592,0.10734463276836158,0.10734463276836158,0.0034931583045945042,0.006731578314701286,0.0012580399383383242,0.0012580399383383242,9.509757113259536,83,10.109139442443848,10.022664070129395,1789.317626953125,30.471370697021484,0.5276171565055847,0.08447399735450745,0.08647509664297104,115.56591339023295,19.12374450589185,3.1930587738315808e-06,3.1546064747089986e-06,0.0005651714163832366,9.678566129878163e-06,2.208030878136924e-07,3.7562539745295e-08,3.845236307142841e-08,0.0031929359978973256,0.003192353892234781
2021-07-30_02h22m33s_C42H81NO12S_[M]-_+H2_36,2021-07-30_02h22m33s,Sulfo GalCer 18:0(2S-OH),C42H81NO12S,[M]-,+H2,36,0.0,0.0,0.0,0.0,0.0024363110468350207,0.0058300276475537925,0.00044297180927405777,0.00044297180927405777,0.0,66,0.0,-0.025914745405316353,0.0,0.0,0.4517926275730133,0.027284005656838417,0.025914745405316353,0.0,0.0,0.0,-1.119024073403807e-08,0.0,0.0,1.8991413242019917e-07,1.1661414944796888e-08,1.119024073403807e-08,0.0,0.0
2021-07-30_02h22m33s_C42H81NO12S_+Cl_+HCl_36,2021-07-30_02h22m33s,Sulfo GalCer 18:0(2S-OH),C42H81NO12S,+Cl,+HCl,36,2.2514933242806046,3.4401885112789317,0.11299435028248588,0.011299435028248588,0.04291912337301146,0.04718115158071884,0.04018640253734252,0.04018640253734252,2.2732798571781037,66,6.586108684539795,4.70036506652832,1165.7412109375,20.01968002319336,7.814369201660156,1.9134615659713745,1.8857436180114746,3.490727951411436,0.8427124189015613,1.987733639907674e-06,1.175951410914422e-06,0.00035182887222617865,6.013011443428695e-06,2.9739667297690175e-06,8.204249297705246e-07,8.117821721498331e-07,0.0019861213420105037,0.001981839714532918
2021-07-30_02h22m33s_C42H81NO12S_[M]-_-CH2O3_36,2021-07-30_02h22m33s,Sulfo GalCer 18:0(2S-OH),C42H81NO12S,[M]-,-CH2O3,36,36.08379960200068,6068.78823377755,0.3672316384180791,0.3672316384180791,0.0033707865168539327,0.006851785070320952,0.00017718872370962313,0.00017718872370962313,36.0689235139711,56,75.27896881103516,75.26729583740234,13324.376953125,121.39239501953125,2.0786447525024414,0.011404283344745636,0.011674439534544945,5939.431767839344,36.19799425861162,2.283676622027997e-05,2.2832055037724786e-05,0.0040421076118946075,3.527371882228181e-05,8.819994263831177e-07,4.601801162351649e-09,4.710813072961173e-09,0.0228366586410499,0.022816641955163527
2021-07-30_02h22m33s_C42H81NO12S_+Cl_+H2_36,2021-07-30_02h22m33s,Sulfo GalCer 18:0(2S-OH),C42H81NO12S,+Cl,+H2,36,2.0463058722745746,3.6713307825429133,0.05084745762711865,0.05084745762711865,0.020703081544109467,0.030472412549585288,0.014848415046866417,0.014848415046866417,2.0790999002014954,173,3.61515474319458,2.6574549674987793,639.8823852539062,15.85783863067627,2.9447193145751953,0.9836987257003784,0.957699716091156,3.7708937246110965,1.2272570320284995,1.2009771808152436e-06,7.910599606475444e-07,0.0002125729515682906,5.391307695390424e-06,1.2323474720687955e-06,4.198611804895336e-07,4.0991722016769927e-07,0.001200485081307861,0.0011994989812779166
2021-07-30_02h22m33s_C42H81NO12S_-H_-NH3_36,2021-07-30_02h22m33s,Sulfo GalCer 18:0(2S-OH),C42H81NO12S,-H,-NH3,36,0.5328694743129382,9.91871058468208,0.005649717514124294,0.005649717514124294,0.0029369229057737236,0.0068818367592258685,0.0006024416606127186,0.0006024416606127186,0.5330639151669259,68,0.4406779706478119,0.397580623626709,78.0,5.846254348754883,0.5581499934196472,0.04342895746231079,0.043097350746393204,9.993298082285719,0.7881212122577618,1.0697871033471529e-07,8.809759322048194e-08,1.8935232219519094e-05,1.419232830812689e-06,2.391133193668793e-07,1.8827364556273096e-08,1.888111356151967e-08,0.0001069766904956736,0.00010695313641525034
2021-07-30_02h22m33s_C42H81NO12S_+Cl_+C12H14N2_36,2021-07-30_02h22m33s,Sulfo GalCer 18:0(2S-OH),C42H81NO12S,+Cl,+C12H14N2,36,0.6231433544947239,1.58734190628149,0.011299435028248588,0.011299435028248588,0.011947936366670376,0.018421685298713786,0.0081329624182717,0.0081329624182717,0.6215134564579551,164,0.815331757068634,0.29991620779037476,144.313720703125,7.636366367340088,1.3138551712036133,0.512645959854126,0.5154155492782593,1.5788288292405972,0.6200924443429633,2.084395021029195e-07,-1.3493448136614461e-08,3.6893790820613503e-05,1.9526330561348004e-06,5.58584076770785e-07,2.2036162761196465e-07,2.2193295023953397e-07,0.00020839325277352146,0.000208323136116262
2021-07-30_02h22m33s_C42H81NO12S_-H_+H2_36,2021-07-30_02h22m33s,Sulfo GalCer 18:0(2S-OH),C42H81NO12S,-H,+H2,36,1.7247049738991571,8.250525668199172,0.02824858757062147,0.02824858757062147,0.01221492935810435,0.02202788796730376,0.006378794053546432,0.006378794053546432,1.8018684052665506,149,3.4492080211639404,3.0854456424713135,610.5098266601562,22.369747161865234,2.146383762359619,0.41705918312072754,0.3637624680995941,9.456038717838082,1.6062373580462546,1.2992289839530713e-06,1.1454188779680408e-06,0.0002299635234521702,8.335907295986544e-06,9.086652994483302e-07,1.7619306902361132e-07,1.538100775633211e-07,0.0012990291801741117,0.0012980494914232484
2021-07-30_02h22m33s_C42H81NO12S_[M]-_-CO2_36,2021-07-30_02h22m33s,Sulfo GalCer 18:0(2S-OH),C42H81NO12S,[M]-,-CO2,36,67.75436648590234,23615.15083306814,0.7231638418079096,0.7005649717514124,0.0049949938814106126,0.008504627960091358,0.0006733171500965679,0.0006733171500965679,70.27682530311797,32,886.4291381835938,886.415283203125,156897.953125,1263.5087890625,0.706700325012207,0.036536458879709244,0.01386814471334219,59619.35098655187,1252.5487227497088,0.00027236787718720734,0.0002723619691096246,0.048209115862846375,0.00035317891160957515,3.0017898211553984e-07,1.5594165958532358e-08,5.913911582666742e-09,0.27236626643718953,0.2722861426100745
2021-07-30_02h22m33s_C42H81NO12S_-H_-CH2O3_36,2021-07-30_02h22m33s,Sulfo GalCer 18:0(2S-OH),C42H81NO12S,-H,-CH2O3,36,3.8760051948373047,24.19700678922665,0.05084745762711865,0.05084745762711865,0.00987874068305707,0.02112633730015627,0.003118521537289367,0.003118521537289367,3.8756151393464466,144,4.960983753204346,4.756386756896973,878.0941162109375,23.66462516784668,1.8741315603256226,0.20402468740940094,0.20459719002246857,24.12962819512362,2.645672366766018,1.9354524738446344e-06,1.8478982610758976e-06,0.0003425750765018165,8.765998245507944e-06,8.101403636828763e-07,8.778354043670333e-08,8.755417724159997e-08,0.0019352830317310615,0.0019338857549358096
2021-07-30_02h22m33s_C42H81NO12S_-H_-CO2_36,2021-07-30_02h22m33s,Sulfo GalCer 18:0(2S-OH),C42H81NO12S,-H,-CO2,36,0.8224540731383283,2.90407193567509,0.011299435028248588,0.011299435028248588,0.009289131160307043,0.018692150498858036,0.003738682070273048,0.003738682070273048,0.8460419558913677,134,0.7018943428993225,0.4890451729297638,124.23529815673828,6.565620422363281,1.9946120977401733,0.24069316685199738,0.21284916996955872,3.2821934403544173,0.35171882536398036,2.518133328521799e-07,1.6210424291784875e-07,4.457095928955823e-05,2.3555371626571286e-06,8.657532930556044e-07,1.0036954023462386e-07,8.970908993433113e-08,0.000251790744933598,0.00025159551320810196
2021-07-30_02h22m33s_C42H81NO12S_+Cl_-CO2_36,2021-07-30_02h22m33s,Sulfo GalCer 18:0(2S-OH),C42H81NO12S,+Cl,-CO2,36,4.644746048703191,11.731042718598971,0.0903954802259887,0.011299435028248588,0.015518967627099789,0.025393677124654405,0.009461877846093874,0.009461877846093874,4.691279589139689,40,4.912551403045654,4.504908084869385,869.5216064453125,17.08248519897461,6.79596471786499,0.4177651107311249,0.4076434075832367,12.021609334404875,0.7227566431430215,1.466502567382122e-06,1.2943797855768935e-06,0.000259570952039212,5.257677457848331e-06,2.696328010642901e-06,1.7553648490320484e-07,1.72122753383519e-07,0.0014662501923618635,0.0014625590285063416
2021-07-30_02h22m33s_C5H4N2O4_-H_-H2_171,2021-07-30_02h22m33s,Orotic acid,C5H4N2O4,-H,-H2,171,0.0,0.0,0.0,0.0,0.01635332072533096,0.031734583483591774,0.007335613161578397,0.007335613161578397,0.0,13,0.0,-14.821236610412598,0.0,0.0,374.72607421875,14.45777702331543,14.821236610412598,0.0,0.0,0.0,-6.690380359941628e-06,0.0,0.0,0.0001381354668410495,6.526312517962651e-06,6.690380359941628e-06,0.0,0.0
2021-07-30_02h22m33s_C5H4N2O4_-H__171,2021-07-30_02h22m33s,Orotic acid,C5H4N2O4,-H,,171,74.49711906512046,59623.475208735654,0.7740112994350282,0.5536723163841808,0.0018022026921793303,9.015506671474937e-05,0.0003898151921611709,0.0003898151921611709,77.2607910137193,3,11137.6474609375,11137.638671875,1971363.625,20839.126953125,0.11458957195281982,0.185799703001976,0.008657753467559814,1153233.772051504,96355.12332793785,0.004305241629481316,0.004305238835513592,0.7620277404785156,0.007290117908269167,4.854295809764153e-08,8.183886279766739e-08,2.858931535953957e-09,4.30522932112544,4.305032650461755
2021-07-30_02h22m33s_C5H4N2O4_-H_-H2O_171,2021-07-30_02h22m33s,Orotic acid,C5H4N2O4,-H,-H2O,171,3.049876082065428,9.685372145212261,0.04519774011299435,0.04519774011299435,0.011870063410835465,0.02365067916816925,0.004819533284901749,0.004819533284901749,3.0325170151495717,81,3.098083734512329,2.7733941078186035,548.36083984375,14.790891647338867,5.305436134338379,0.31887245178222656,0.3246896266937256,9.512380747163704,0.5838351119434714,1.0467197171237785e-06,8.664611641506781e-07,0.00018526939675211906,5.000434157409472e-06,2.254899527542875e-06,1.7668217822119914e-07,1.8025858139480988e-07,0.0010465310709175492,0.0010443647794759557
2021-07-30_02h22m33s_C5H4N2O4_-H_+C12H14N2_171,2021-07-30_02h22m33s,Orotic acid,C5H4N2O4,-H,+C12H14N2,171,1.218778574787744,1.7114655281630395,0.7909604519774012,0.7909604519774012,0.6539103348537101,0.6785070320952038,0.6389779754416429,0.6389779754416429,1.2134008432331536,189,328.1163635253906,134.736328125,58076.59765625,241.99282836914062,206.31077575683594,191.71560668945312,193.38003540039062,1.6967349608302276,1.5903908650959242,0.0001332008105237037,3.842069418169558e-05,0.023576542735099792,9.439349378226325e-05,9.821179264690727e-05,9.372374188387766e-05,9.478011634200811e-05,0.12166900780840625,0.12128881825486816
2021-07-30_02h22m33s_C5H4N2O4_+Cl_-H2_171,2021-07-30_02h22m33s,Orotic acid,C5H4N2O4,+Cl,-H2,171,1.177492179713552,3.299192096479091,0.01694915254237288,0.01694915254237288,0.0055734786961842255,0.0075129222262291144,0.004394280347998654,0.004394280347998654,1.1714583191031778,127,0.9029356241226196,0.6253083944320679,159.81961059570312,6.9056196212768555,0.4643535017967224,0.27268385887145996,0.27762719988822937,3.240658573480371,1.940321971654666,3.566500197393907e-07,2.3169700114067382e-07,6.312705227173865e-05,2.753827402557363e-06,1.9222231628646114e-07,1.2264470683476247e-07,1.2495301859871688e-07,0.00035660546081061364,0.00035658147682197114
2021-07-30_02h22m33s_C5H4N2O4_+Cl_+C12H14N2_171,2021-07-30_02h22m33s,Orotic acid,C5H4N2O4,+Cl,+C12H14N2,171,1.015216299004738,1.1321321438079204,0.1807909604519774,0.1807909604519774,0.18258983201690956,0.20720639499939897,0.1680812233109485,0.1680812233109485,1.0108215529493854,189,13.009416580200195,1.463460922241211,2302.666748046875,29.5690975189209,15.115619659423828,11.490076065063477,11.545955657958984,1.1266533764883022,0.8606035524675,5.2189961934345774e-06,-1.098142092814669e-07,0.0009237623307853937,1.200719088956248e-05,6.775066594855161e-06,5.29083672518027e-06,5.328810402716044e-06,0.0051913325664505175,0.005183875094450265
2021-07-30_02h22m33s_C5H4N2O4_+Cl_-H2O_171,2021-07-30_02h22m33s,Orotic acid,C5H4N2O4,+Cl,-H2O,171,11.904850569324429,100.85235196624447,0.14689265536723164,0.14689265536723164,0.004360885526754923,0.007032095203750451,0.0023388911529670254,0.0023388911529670254,11.883210668056078,110,13.542107582092285,13.407455444335938,2396.953125,35.68888473510742,0.4364403486251831,0.13327656686306,0.13465185463428497,99.82987419229593,30.957609705308002,5.0442158681107685e-06,4.988058208255097e-06,0.0008928262395784259,1.3077918083581608e-05,1.7681901454125182e-07,5.544467995832747e-08,5.6157492878128323e-08,0.005043932613500948,0.005043324112511182
2021-07-30_02h22m33s_C5H4N2O4_+Cl_+HCl_171,2021-07-30_02h22m33s,Orotic acid,C5H4N2O4,+Cl,+HCl,171,1.371245694613847,1.49300035968606,0.1751412429378531,0.1751412429378531,0.11390588497051952,0.10710421925712225,0.11772418803267361,0.11772418803267361,1.3832593572450915,189,12.576447486877441,4.279375076293945,2226.03125,29.251392364501953,7.402194499969482,8.422606468200684,8.297072410583496,1.5155866163372156,1.6987865828635575,5.38358017365681e-06,1.5936523141135694e-06,0.0009528936934657395,1.2672890989051666e-05,3.3137164336949354e-06,3.838656994048506e-06,3.7899278595432406e-06,0.005363253828554171,0.005365799435886203
2021-07-30_02h22m33s_C5H4N2O4_-H_+HCl_171,2021-07-30_02h22m33s,Orotic acid,C5H4N2O4,-H,+HCl,171,0.0,0.0,0.0,0.0,0.0015129602847925242,0.002434186801298233,0.0009745379804029272,0.0009745379804029272,0.0,55,0.0,-0.05602337792515755,0.0,0.0,0.1516956239938736,0.055645182728767395,0.05602337792515755,0.0,0.0,0.0,-2.5414298221448917e-08,0.0,0.0,6.184963297073409e-08,2.5244204948648985e-08,2.5414298221448917e-08,0.0,0.0
2021-07-30_02h22m33s_C5H4N2O4_+Cl__171,2021-07-30_02h22m33s,Orotic acid,C5H4N2O4,+Cl,,171,0.0,0.0,0.0,0.0,0.0015129602847925242,0.002434186801298233,0.0009745379804029272,0.0009745379804029272,0.0,55,0.0,-0.05602337792515755,0.0,0.0,0.1516956239938736,0.055645182728767395,0.05602337792515755,0.0,0.0,0.0,-2.5414298221448917e-08,0.0,0.0,6.184963297073409e-08,2.5244204948648985e-08,2.5414298221448917e-08,0.0,0.0
2021-07-30_02h22m33s_C5H4N2O4_[M]-_+C12H14N2_171,2021-07-30_02h22m33s,Orotic acid,C5H4N2O4,[M]-,+C12H14N2,171,0.5810312219615335,0.5429135898979114,0.4350282485875706,0.4350282485875706,0.7366225386583602,0.7346736386584926,0.7387175080177898,0.7387175080177898,0.5755660927532411,189,2414.8701171875,-2084.1240234375,427432.0,3041.52490234375,4411.32275390625,4447.9814453125,4498.994140625,0.5367576629238204,0.5474252745673268,0.0009725174750201404,-0.0011836618650704622,0.172135591506958,0.0011720473412424326,0.0020564256701618433,0.002126947743818164,0.0021561793982982635,0.3081312410645918,0.31818783768055575
2021-07-30_02h22m33s_C5H4N2O4_[M]-__171,2021-07-30_02h22m33s,Orotic acid,C5H4N2O4,[M]-,,171,0.9264003583672523,7.268423203075037,0.011299435028248588,0.011299435028248588,0.0025475581265991766,0.003095323957206395,0.002197140173999327,0.002197140173999327,0.9291111624724352,73,0.9375429153442383,0.811771035194397,165.94509887695312,8.775407791137695,0.1893453150987625,0.12798848748207092,0.12577185034751892,7.395513379146533,4.9254845849911515,3.6413959492165304e-07,3.0359754532582883e-07,6.445270992117003e-05,3.4532604331616312e-06,8.381766036791305e-08,6.159071119782311e-08,6.054204249039685e-08,0.0003641175505014391,0.00036410907615077134
2021-07-30_02h22m33s_C5H4N2O4_[M]-_-H2O_171,2021-07-30_02h22m33s,Orotic acid,C5H4N2O4,[M]-,-H2O,171,0.5181486054644081,6.499797543128511,0.005649717514124294,0.005649717514124294,0.0010457225497830683,0.0012621709340064912,0.0009036624909190779,0.0009036624909190779,0.5187962208814985,28,0.3401351571083069,0.28974491357803345,60.203922271728516,4.5124030113220215,0.0766185000538826,0.051330115646123886,0.05039023235440254,6.61867326776482,4.3821402999566565,1.5619805537880893e-07,1.3182263103317382e-07,2.764705459412653e-05,2.0722018234664574e-06,3.279810911749337e-08,2.4490329764148555e-08,2.437542612199195e-08,0.00015619424807745424,0.0001561929325459639
2021-07-30_02h22m33s_C5H4N2O4_[M]-_+HCl_171,2021-07-30_02h22m33s,Orotic acid,C5H4N2O4,[M]-,+HCl,171,0.0,0.0,0.0,0.0,0.005117365669151185,0.006010337780983291,0.004606906816450201,0.004606906816450201,0.0,118,0.0,-0.27181291580200195,0.0,0.0,0.35146334767341614,0.2670234143733978,0.27181291580200195,0.0,0.0,0.0,-1.263193496470194e-07,0.0,0.0,1.5393031560506643e-07,1.2400124660416623e-07,1.263193496470194e-07,0.0,0.0
2021-07-30_02h22m33s_C5H4N2O4_+Cl_-CH2O2_171,2021-07-30_02h22m33s,Orotic acid,C5H4N2O4,+Cl,-CH2O2,171,2.409069204113985,2.8854854880580274,0.1807909604519774,0.1807909604519774,0.06611413950383803,0.06731578314701286,0.06504598047380265,0.06504598047380265,2.43439200538157,189,16.085344314575195,10.615496635437012,2847.10595703125,36.78834533691406,5.773164749145508,5.57357120513916,5.469847679138184,2.940192317163745,2.7857439150754386,5.884505299036391e-06,3.7968286505929427e-06,0.0010415574070066214,1.3273697732074652e-05,2.179091779908049e-06,2.1221064798737643e-06,2.0876766484434484e-06,0.005872245948296217,0.005871710303380294
2021-07-30_02h22m33s_C5H4N2O4_[M]-_-H2_171,2021-07-30_02h22m33s,Orotic acid,C5H4N2O4,[M]-,-H2,171,0.6499347367614319,1.009593519466025,0.022598870056497175,0.022598870056497175,0.024096117476916232,0.022959490323356174,0.02477098357460531,0.02477098357460531,0.6511991924860321,180,1.566766381263733,0.018439650535583496,277.3176574707031,10.755040168762207,1.4387847185134888,1.5508784055709839,1.5483267307281494,1.0112562768005606,1.0881948954711416,6.975851079005224e-07,-4.781918505614158e-08,0.0001234725641552359,4.944558895658702e-06,6.792143949496676e-07,7.446863037330331e-07,7.45404292956664e-07,0.0006970655122752004,0.000697111619653567
2021-07-30_02h22m33s_C5H4N2O4_+Cl_-NH3_171,2021-07-30_02h22m33s,Orotic acid,C5H4N2O4,+Cl,-NH3,171,0.0,0.0,0.0,0.0,0.0008788519301368339,0.001322274311816324,0.0006201605329836809,0.0006201605329836809,0.0,29,0.0,-0.03484898433089256,0.0,0.0,0.08028090000152588,0.03489631041884422,0.03484898433089256,0.0,0.0,0.0,-1.4339510912009246e-08,0.0,0.0,3.3825415357569e-08,1.4283094706968313e-08,1.4339510912009246e-08,0.0,0.0
2021-07-30_02h22m33s_C5H4N2O4_[M]-_+H2_171,2021-07-30_02h22m33s,Orotic acid,C5H4N2O4,[M]-,+H2,171,2.2133098604391597,10.218654404993421,0.03389830508474576,0.03389830508474576,0.005428857492490822,0.005469407380694795,0.005315661711288694,0.005315661711288694,2.207140361466191,109,5.06214714050293,4.561034202575684,896.0000610351562,31.455646514892578,0.5796322822570801,0.49438294768333435,0.5011128187179565,10.0816927029031,8.718335675076398,2.024316017923411e-06,1.781108949217014e-06,0.0003583039506338537,1.1641652235994115e-05,2.7115760303786374e-07,2.3960359385455376e-07,2.4320712554981583e-07,0.0020238238095520705,0.002023767258044613
2021-07-30_02h22m33s_C5H4N2O4_+Cl_-CH2O3_171,2021-07-30_02h22m33s,Orotic acid,C5H4N2O4,+Cl,-CH2O3,171,0.5475094997074588,16.371156636442834,0.005649717514124294,0.005649717514124294,0.000467237735009456,0.0006911888448130785,0.0003189397026773216,0.0003189397026773216,0.5470844076919155,24,0.3118644058704376,0.29336100816726685,55.20000076293945,4.137348651885986,0.03836999833583832,0.01804962567985058,0.018503382802009583,15.99027250997216,7.921372086687364,9.816663748551946e-08,9.03667825014054e-08,1.737549428071361e-05,1.3023274050283362e-06,1.7474823366114833e-08,7.608581320539543e-09,7.799856760470902e-09,9.816587180578061e-05,9.816492207084552e-05
2021-07-30_02h22m33s_C5H4N2O4_-H_-CH2O3_171,2021-07-30_02h22m33s,Orotic acid,C5H4N2O4,-H,-CH2O3,171,0.0,0.0,0.0,0.0,0.00013349649571698743,0.0002103618223344152,8.859436185481156e-05,8.859436185481156e-05,0.0,7,0.0,-0.005235596559941769,0.0,0.0,0.01143378484994173,0.005107204429805279,0.005235596559941769,0.0,0.0,0.0,-2.20881490875513e-09,0.0,0.0,4.381473406311898e-09,2.1546482376066933e-09,2.20881490875513e-09,0.0,0.0
2021-07-30_02h22m33s_C5H4N2O4_+Cl_+H2_171,2021-07-30_02h22m33s,Orotic acid,C5H4N2O4,+Cl,+H2,171,0.0,0.0,0.0,0.0,0.0043720102347313385,0.005018632047121048,0.004004465155837482,0.004004465155837482,0.0,109,0.0,-0.2350354790687561,0.0,0.0,0.2958342432975769,0.23379510641098022,0.2350354790687561,0.0,0.0,0.0,-1.123953339288164e-07,0.0,0.0,1.359233010589378e-07,1.1139642452917542e-07,1.123953339288164e-07,0.0,0.0
2021-07-30_02h22m33s_C5H4N2O4_[M]-_-CO2_171,2021-07-30_02h22m33s,Orotic acid,C5H4N2O4,[M]-,-CO2,171,0.5580501379922516,71.4414491974047,0.005649717514124294,0.005649717514124294,0.00020024474357548114,0.00030051688904916455,0.00012403210659673618,0.00012403210659673618,0.5598867717406526,10,0.5310734510421753,0.5263327956199646,94.0,7.0454864501953125,0.01723717898130417,0.0064336881041526794,0.004740672651678324,92.5106661301986,29.120372815697255,2.1607245059840352e-07,2.139920383115168e-07,3.8244823372224346e-05,2.8665253921644762e-06,7.163087012429514e-09,2.661969311645862e-09,2.0804060696377746e-09,0.00021607200108090098,0.00021607090286372544
2021-07-30_02h22m33s_C5H4N2O4_[M]-_-CH2O3_171,2021-07-30_02h22m33s,Orotic acid,C5H4N2O4,[M]-,-CH2O3,171,0.0,0.0,0.0,0.0,0.00015574591166981868,0.00024041351123933166,0.00010631323422577388,0.00010631323422577388,0.0,8,0.0,-0.006307646632194519,0.0,0.0,0.013380661606788635,0.0061529651284217834,0.006307646632194519,0.0,0.0,0.0,-2.635452300836505e-09,0.0,0.0,5.819123849448715e-09,2.5708233319932106e-09,2.635452300836505e-09,0.0,0.0
2021-07-30_02h22m33s_C5H4N2O4_[M]-_-CH2O2_171,2021-07-30_02h22m33s,Orotic acid,C5H4N2O4,[M]-,-CH2O2,171,0.0,0.0,0.0,0.0,0.00032261653131605296,0.000330568577954081,0.0003189397026773216,0.0003189397026773216,0.0,11,0.0,-0.01698342151939869,0.0,0.0,0.01889025606215,0.01754404604434967,0.01698342151939869,0.0,0.0,0.0,-7.0380821171056596e-09,0.0,0.0,1.0564101593502073e-08,7.214701724933548e-09,7.0380821171056596e-09,0.0,0.0
2021-07-30_02h22m33s_C27H33N9O15P2_[M]-_+H2_108,2021-07-30_02h22m33s,Flavin adenine dinucleotide,C27H33N9O15P2,[M]-,+H2,108,54.65709709869085,79868.3300478677,0.5649717514124294,0.3954802259887006,0.0015018355768161085,0.0004808270224786633,0.00033665857504828393,0.00033665857504828393,56.49717514124294,2,3176.24755859375,3176.24755859375,562195.8125,6192.13232421875,0.06229184567928314,0.038768548518419266,0.0,3176247.55859375,50184.151283700165,0.0012144355569034815,0.0012144355569034815,0.21495509147644043,0.0022287978790700436,2.6751862947094196e-08,1.528002613326862e-08,0.0,1.2144355569034815,1.2144030693590073
2021-07-30_02h22m33s_C27H33N9O15P2_-H_+H2_108,2021-07-30_02h22m33s,Flavin adenine dinucleotide,C27H33N9O15P2,-H,+H2,108,51.70256777007282,480959.2411649549,0.519774011299435,0.4180790960451977,0.0010679719657358995,3.0051688904916458e-05,5.315661711288694e-05,5.315661711288694e-05,51.9774011299435,1,9750.75,9750.75,1725882.75,18926.546875,0.010896153748035431,0.01927354745566845,0.0,9750750.0,819655.6808632596,0.0037368310149759054,0.0037368310149759054,0.6614190936088562,0.006837474647909403,4.166994749255082e-09,8.200448320394571e-09,0.0,3.7368310149759054,3.7368154436855727
2021-07-30_02h22m33s_C27H33N9O15P2_-H__108,2021-07-30_02h22m33s,Flavin adenine dinucleotide,C27H33N9O15P2,-H,,108,57.12105827344704,281528.68162527925,0.576271186440678,0.4180790960451977,0.0011903437534764713,0.0,8.859436185481156e-05,8.859436185481156e-05,57.6271186440678,1,16361.7880859375,16361.7880859375,2896036.5,31710.33203125,0.0,0.057117659598588943,0.0,16361788.0859375,16361788.0859375,0.006279603112488985,0.006279603112488985,1.1114897727966309,0.011456763371825218,0.0,2.3167851637140302e-08,0.0,6.279603112488985,6.279603112488985
2021-07-30_02h22m33s_C27H33N9O15P2_-H_-H2_108,2021-07-30_02h22m33s,Flavin adenine dinucleotide,C27H33N9O15P2,-H,-H2,108,34.720643264252125,23835.722330412973,0.3502824858757062,0.3502824858757062,0.001457336744910446,0.0019233080899146533,8.859436185481156e-05,8.859436185481156e-05,34.71345583645562,38,144.8988494873047,144.89364624023438,25647.095703125,273.17584228515625,0.12012933939695358,0.005079062655568123,0.005198814906179905,23375.250218045367,1196.2324752094612,5.6166369176935405e-05,5.6164066336350515e-05,0.009941447526216507,0.00010112876771017909,4.577583467835211e-08,2.2491868367779944e-09,2.3022173056830297e-09,0.05616623987004598,0.05616379823219262
2021-07-30_02h22m33s_C27H33N9O15P2_[M]-_-H2O_108,2021-07-30_02h22m33s,Flavin adenine dinucleotide,C27H33N9O15P2,[M]-,-H2O,108,25.760477260574152,7547.447480672666,0.2598870056497175,0.2598870056497175,0.002069195683613305,0.004056978002163722,8.859436185481156e-05,8.859436185481156e-05,25.801519402395652,57,45.862525939941406,45.85842514038086,8117.6669921875,90.48056030273438,0.32635942101478577,0.005076561123132706,0.004100445657968521,8991.866400593746,140.09838420953812,1.761520434229169e-05,1.7613587260711938e-05,0.003117891028523445,3.366731834830716e-05,1.3298935641614662e-07,2.0039963022355778e-09,1.6174878103569768e-09,0.017615175849959475,0.017612862019107122
2021-07-30_02h22m33s_C27H33N9O15P2_+Cl_-NH3_108,2021-07-30_02h22m33s,Flavin adenine dinucleotide,C27H33N9O15P2,+Cl,-NH3,108,0.5173079600639758,7.014794531136449,0.005649717514124294,0.005649717514124294,0.0033262876849482702,0.007392715470609448,0.0009213813632900402,0.0009213813632900402,0.519726503789431,70,0.3844467103481293,0.3333839476108551,68.04706573486328,5.10026216506958,1.0799782276153564,0.05380512773990631,0.051062751561403275,7.384294890651513,0.355647043138159,1.4335044795643626e-07,1.2049731878960301e-07,2.537303043936845e-05,1.9017584236280527e-06,4.33796827792321e-07,2.3836443929781126e-08,2.285312916683324e-08,0.00014334717202499827,0.0001432882899507958
2021-07-30_02h22m33s_C27H33N9O15P2_+Cl__108,2021-07-30_02h22m33s,Flavin adenine dinucleotide,C27H33N9O15P2,+Cl,,108,10.547572191354044,834.1684787643495,0.10734463276836158,0.10734463276836158,0.0012904661252642119,0.002614496934727732,0.00017718872370962313,0.00017718872370962313,10.56205902698066,27,9.934972763061523,9.924890518188477,1758.490234375,30.148771286010742,0.24498040974140167,0.010910031385719776,0.010082336142659187,896.4691771817745,40.38928455118082,3.7723405057477066e-06,3.7678280477848602e-06,0.0006677042692899704,1.1498047570057679e-05,1.0313686971130664e-07,4.878152992660034e-09,4.512352269614439e-09,0.0037723234836952732,0.0037719514784795133
2021-07-30_02h22m33s_C27H33N9O15P2_-H_+HCl_108,2021-07-30_02h22m33s,Flavin adenine dinucleotide,C27H33N9O15P2,-H,+HCl,108,10.547572191354044,834.1684787643495,0.10734463276836158,0.10734463276836158,0.0012904661252642119,0.002614496934727732,0.00017718872370962313,0.00017718872370962313,10.56205902698066,27,9.934972763061523,9.924890518188477,1758.490234375,30.148771286010742,0.24498040974140167,0.010910031385719776,0.010082336142659187,896.4691771817745,40.38928455118082,3.7723405057477066e-06,3.7678280477848602e-06,0.0006677042692899704,1.1498047570057679e-05,1.0313686971130664e-07,4.878152992660034e-09,4.512352269614439e-09,0.0037723234836952732,0.0037719514784795133
2021-07-30_02h22m33s_C27H33N9O15P2_+Cl_-CO2_108,2021-07-30_02h22m33s,Flavin adenine dinucleotide,C27H33N9O15P2,+Cl,-CO2,108,0.0,0.0,0.0,0.0,0.001490710868839693,0.0033357374684457267,0.0004075340645321332,0.0004075340645321332,0.0,47,0.0,-0.02499300427734852,0.0,0.0,0.24892227351665497,0.024417303502559662,0.02499300427734852,0.0,0.0,0.0,-1.1302993208062162e-08,0.0,0.0,9.797720679216582e-08,1.1042635250646526e-08,1.1302993208062162e-08,0.0,0.0
2021-07-30_02h22m33s_C27H33N9O15P2_[M]-_-CO2_108,2021-07-30_02h22m33s,Flavin adenine dinucleotide,C27H33N9O15P2,[M]-,-CO2,108,1.0657389486258764,20.05056812820573,0.011299435028248588,0.011299435028248588,0.0021248192234953832,0.00465801178026205,0.0006024416606127186,0.0006024416606127186,1.0661343825873033,93,0.748687207698822,0.7126358151435852,132.51763916015625,7.00419282913208,0.35772964358329773,0.03633994981646538,0.036051373928785324,20.206732660922047,2.0870514079079037,2.9135631507415383e-07,2.7491049081618257e-07,5.157006671652198e-05,2.7261048671789467e-06,1.451448383704701e-07,1.657638826202401e-08,1.644583491611229e-08,0.00029135152355509486,0.0002913140323460139
2021-07-30_02h22m33s_C27H33N9O15P2_+Cl_-H3PO4_108,2021-07-30_02h22m33s,Flavin adenine dinucleotide,C27H33N9O15P2,+Cl,-H3PO4,108,4.987534918577082,196.55300891226554,0.05084745762711865,0.05084745762711865,0.001223717877405718,0.002704652001442481,0.00019490759608058544,0.00019490759608058544,4.994168322472596,48,4.648587703704834,4.626384258270264,822.800048828125,21.105817794799805,0.17240124940872192,0.02265055477619171,0.022203518077731133,200.33977986149324,26.808271102751434,1.630667384233675e-06,1.6207562794079422e-06,0.00028862812905572355,7.350703981501283e-06,6.873738556123499e-08,9.973973646992818e-09,9.911137688334293e-09,0.0016306512226248859,0.0016305553041250564
2021-07-30_02h22m33s_C27H33N9O15P2_+Cl_-H2_108,2021-07-30_02h22m33s,Flavin adenine dinucleotide,C27H33N9O15P2,+Cl,-H2,108,18.005976594234617,787.8829704506912,0.1864406779661017,0.1864406779661017,0.0016687061964623428,0.0029150138237768962,0.00035437744741924625,0.00035437744741924625,17.991458531279118,37,17.352033615112305,17.330514907836914,3071.31005859375,39.13844299316406,0.2251628190279007,0.021023618057370186,0.021519305184483528,770.5403640547654,76.72363516556477,6.953748197702225e-06,6.944736469449708e-06,0.0012308134464547038,1.5693300156272016e-05,8.85411637341349e-08,8.803966444759226e-09,9.011544399584182e-09,0.006953685534256292,0.0069531325592538315
2021-07-30_02h22m33s_C27H33N9O15P2_-H_-CH2O3_108,2021-07-30_02h22m33s,Flavin adenine dinucleotide,C27H33N9O15P2,-H,-CH2O3,108,4.987534918577082,196.55300891226554,0.05084745762711865,0.05084745762711865,0.001223717877405718,0.002704652001442481,0.00019490759608058544,0.00019490759608058544,4.994168322472596,48,4.648587703704834,4.626384258270264,822.800048828125,21.105817794799805,0.17240124940872192,0.02265055477619171,0.022203518077731133,200.33977986149324,26.808271102751434,1.630667384233675e-06,1.6207562794079422e-06,0.00028862812905572355,7.350703981501283e-06,6.873738556123499e-08,9.973973646992818e-09,9.911137688334293e-09,0.0016306512226248859,0.0016305553041250564
2021-07-30_02h22m33s_C27H33N9O15P2_[M]-_-CH2O2_108,2021-07-30_02h22m33s,Flavin adenine dinucleotide,C27H33N9O15P2,[M]-,-CH2O2,108,0.5355545414525972,9.640394668930828,0.005649717514124294,0.005649717514124294,0.0015797085326510179,0.00330568577954081,0.0005492850434998317,0.0005492850434998317,0.5348978734760912,65,0.3373878300189972,0.30258893966674805,59.717647552490234,4.475955009460449,0.22710202634334564,0.0339973047375679,0.03479888290166855,9.42453514389612,1.479109306601036,1.2760368406361522e-07,1.130886815303711e-07,2.2585851183976047e-05,1.6928537434068858e-06,9.2968335252408e-08,1.4180657537110619e-08,1.4515005197779374e-08,0.00012760183192236162,0.00012759182206432607
2021-07-30_02h22m33s_C27H33N9O15P2_-H_+C12H14N2_108,2021-07-30_02h22m33s,Flavin adenine dinucleotide,C27H33N9O15P2,-H,+C12H14N2,108,4.08459228884064,8.783830927465022,0.3050847457627119,0.3050847457627119,0.07164311936811658,0.08219136915494651,0.0646916030263834,0.0646916030263834,4.087471509759425,189,41.076416015625,36.4083137512207,7270.525390625,72.28219604492188,6.936999320983887,4.6753668785095215,4.668103218078613,8.797495813881019,5.920498707947394,1.5982364857336506e-05,1.3978495189803652e-05,0.0028288785833865404,2.8119802664150484e-05,2.9927764444437344e-06,2.00283147933078e-06,2.0038694401591783e-06,0.01595040233354208,0.015934675934549742
2021-07-30_02h22m33s_C27H33N9O15P2_+Cl_-CH2O2_108,2021-07-30_02h22m33s,Flavin adenine dinucleotide,C27H33N9O15P2,+Cl,-CH2O2,108,0.0,0.0,0.0,0.0,0.0012125931694293025,0.0025243418680129825,0.00044297180927405777,0.00044297180927405777,0.0,39,0.0,-0.026216337457299232,0.0,0.0,0.17968693375587463,0.026689762249588966,0.026216337457299232,0.0,0.0,0.0,-1.19095808770453e-08,0.0,0.0,7.392961975938306e-08,1.20293579541908e-08,1.19095808770453e-08,0.0,0.0
2021-07-30_02h22m33s_C27H33N9O15P2_+Cl_+HCl_108,2021-07-30_02h22m33s,Flavin adenine dinucleotide,C27H33N9O15P2,+Cl,+HCl,108,0.0,0.0,0.0,0.0,0.0010902213816887307,0.0027347036903473975,0.00012403210659673618,0.00012403210659673618,0.0,22,0.0,-0.0073357378132641315,0.0,0.0,0.4134733974933624,0.007166762836277485,0.0073357378132641315,0.0,0.0,0.0,-3.48056650167905e-09,0.0,0.0,1.6309191153141e-07,3.4003933002679787e-09,3.48056650167905e-09,0.0,0.0
2021-07-30_02h22m33s_C27H33N9O15P2_+Cl_-CH2O3_108,2021-07-30_02h22m33s,Flavin adenine dinucleotide,C27H33N9O15P2,+Cl,-CH2O3,108,0.5447035333970527,13.545198456913191,0.005649717514124294,0.005649717514124294,0.0014462120369340304,0.0032455824017309774,0.00037209631979020857,0.00037209631979020857,0.5442431898531914,44,0.3147889971733093,0.29202473163604736,55.7176513671875,4.176148414611816,0.24602504074573517,0.022239895537495613,0.022764259949326515,13.246320223922249,1.2743201912769813,1.491454213464749e-07,1.3931048670201562e-07,2.639873855514452e-05,1.978637783395243e-06,9.523932220645293e-08,9.608394968552147e-09,9.83493642081612e-09,0.0001491439545251646,0.00014913121819033463
2021-07-30_02h22m33s_C27H33N9O15P2_+Cl_-HPO3_108,2021-07-30_02h22m33s,Flavin adenine dinucleotide,C27H33N9O15P2,+Cl,-HPO3,108,1.1122071519076087,65.78803356782558,0.011299435028248588,0.011299435028248588,0.001079096673712315,0.002584445245822815,0.0001594698513386608,0.0001594698513386608,1.1117956870505958,54,0.7110224962234497,0.700983464717865,125.85098266601562,6.663900375366211,0.17646706104278564,0.009807778522372246,0.010039023123681545,64.40991093660483,4.006504035427898,2.4812831611598085e-07,2.439284116917406e-07,4.391871334519237e-05,2.3298737232835265e-06,7.122749678956097e-08,4.103166251212542e-09,4.199909309221539e-09,0.0002481272740039329,0.00024811064381589497
2021-07-30_02h22m33s_C27H33N9O15P2_[M]-_-H3PO4_108,2021-07-30_02h22m33s,Flavin adenine dinucleotide,C27H33N9O15P2,[M]-,-H3PO4,108,3.160246864013408,47.67770666589626,0.03389830508474576,0.03389830508474576,0.0029369229057737236,0.006521216492366871,0.0007264737672094548,0.0007264737672094548,3.155208480270147,102,2.1934642791748047,2.147397041320801,388.2431640625,11.781522750854492,0.427826464176178,0.045006077736616135,0.046067215502262115,46.60280528108538,5.115039444659011,7.770242405058525e-07,7.562565542684752e-07,0.00013753329403698444,4.194027496851049e-06,1.7161062260129256e-07,2.0289304458742663e-08,2.076767913194999e-08,0.0007770081038508688,0.0007768909177717604
2021-07-30_02h22m33s_C27H33N9O15P2_-H_-NH3_108,2021-07-30_02h22m33s,Flavin adenine dinucleotide,C27H33N9O15P2,-H,-NH3,108,2.099893688161304,27.7190922290684,0.022598870056497175,0.0,0.0023139392590944487,0.004838321913691549,0.0007619115119513794,0.0007619115119513794,2.099927361182879,14,1.2602194547653198,1.2157185077667236,223.058837890625,8.287799835205078,1.823296308517456,0.044463951140642166,0.0445009246468544,27.696568026831123,0.6907975688387253,5.564002663049905e-07,5.376926424105477e-07,9.848285117186606e-05,3.739391331691877e-06,7.402100550280011e-07,1.87319244560058e-08,1.8707613236301768e-08,0.0005563898575787264,0.0005559887178655443
2021-07-30_02h22m33s_C27H33N9O15P2_[M]-_+C12H14N2_108,2021-07-30_02h22m33s,Flavin adenine dinucleotide,C27H33N9O15P2,[M]-,+C12H14N2,108,12.982447860676958,86.43471742420647,0.1751412429378531,0.1751412429378531,0.005484481032372901,0.00796369755980286,0.0034906178570795754,0.0034906178570795754,13.008018524272812,120,18.51984214782715,18.309572219848633,3278.011962890625,42.79887008666992,0.5461321473121643,0.21326392889022827,0.21026960015296936,87.65975859479022,33.84893802860521,6.9793854891031515e-06,6.888667940074811e-06,0.001235351199284196,1.638322828512173e-05,2.2570148416889424e-07,9.136380896279661e-08,9.071733586552e-08,0.0069787523952781864,0.00697781058689744
2021-07-30_02h22m33s_C27H33N9O15P2_+Cl_+C12H14N2_108,2021-07-30_02h22m33s,Flavin adenine dinucleotide,C27H33N9O15P2,+Cl,+C12H14N2,108,0.4908611003756223,0.6054299271997068,0.062146892655367235,0.062146892655367235,0.11178106574702414,0.10385863685539128,0.11660789907330298,0.11660789907330298,0.4919470495234256,189,5.388656139373779,-3.490767002105713,953.7921752929688,22.281814575195312,8.058231353759766,8.899544715881348,8.879423141479492,0.6068017315755994,0.6686315236328191,2.354275920879445e-06,-1.4527734037983464e-06,0.00041670684004202485,9.591790330887306e-06,3.47073228113004e-06,3.808132987614954e-06,3.8070493246777914e-06,0.0023453470689046366,0.0023461331209208365
2021-07-30_02h22m33s_C27H33N9O15P2_+Cl_-H2O_108,2021-07-30_02h22m33s,Flavin adenine dinucleotide,C27H33N9O15P2,+Cl,-H2O,108,1.6654061354769545,80.87955995537196,0.01694915254237288,0.01694915254237288,0.0011235955056179776,0.002644548623632648,0.00017718872370962313,0.00017718872370962313,1.6647227741575317,32,0.9466711282730103,0.9357140064239502,167.560791015625,7.219503402709961,0.2305697500705719,0.010704701766371727,0.010957092978060246,79.17234816272082,4.088060413696124,3.261467043103039e-07,3.205994119070965e-07,5.772796430392191e-05,2.5072201879083877e-06,8.795535677563748e-08,5.419514170768025e-09,5.547293291385813e-09,0.00032614489508891537,0.0003261180204834613
2021-07-30_02h22m33s_C27H33N9O15P2_-H_-H3PO4_108,2021-07-30_02h22m33s,Flavin adenine dinucleotide,C27H33N9O15P2,-H,-H3PO4,108,13.571220327248275,483.0865461770048,0.14124293785310735,0.14124293785310735,0.002569807542552008,0.005499459069599711,0.0004075340645321332,0.0004075340645321332,13.58234972950587,62,12.595768928527832,12.571171760559082,2229.451171875,33.34369659423828,0.43406686186790466,0.025073524564504623,0.024596983566880226,492.0802052951824,28.95134066163874,4.946407443640055e-06,4.935586275678361e-06,0.0008755141170695424,1.321925356023712e-05,1.636681190575473e-07,1.1063705507297072e-08,1.0821215923328964e-08,0.004946353918076274,0.0049455980069166485
2021-07-30_02h22m33s_C27H33N9O15P2_[M]-_-NH3_108,2021-07-30_02h22m33s,Flavin adenine dinucleotide,C27H33N9O15P2,[M]-,-NH3,108,0.0,0.0,0.0,0.0,0.0021470686394482147,0.005409304002884962,0.00023034534082251004,0.00023034534082251004,0.0,4,0.0,-0.5443565845489502,0.0,0.0,30.246749877929688,0.531817615032196,0.5443565845489502,0.0,0.0,0.0,-1.7560172693720233e-07,0.0,0.0,1.0881683010666166e-05,1.7155683451619552e-07,1.7560172693720233e-07,0.0,0.0
2021-07-30_02h22m33s_C27H33N9O15P2_[M]-_-CH2O3_108,2021-07-30_02h22m33s,Flavin adenine dinucleotide,C27H33N9O15P2,[M]-,-CH2O3,108,0.0,0.0,0.0,0.0,0.0016464567805095115,0.003696357735304724,0.00044297180927405777,0.00044297180927405777,0.0,73,0.0,-0.029184842482209206,0.0,0.0,0.2393210530281067,0.028512585908174515,0.029184842482209206,0.0,0.0,0.0,-1.2026557527633486e-08,0.0,0.0,1.0048724163880252e-07,1.1749530237636918e-08,1.2026557527633486e-08,0.0,0.0
2021-07-30_02h22m33s_C27H33N9O15P2_[M]-_-HPO3_108,2021-07-30_02h22m33s,Flavin adenine dinucleotide,C27H33N9O15P2,[M]-,-HPO3,108,5.665394210781635,50.92729090528653,0.06779661016949153,0.06779661016949153,0.004739125597953054,0.009105661738189686,0.0019667948331768166,0.0019667948331768166,5.6778129242147335,135,6.15420389175415,6.035767555236816,1089.2940673828125,27.672603607177734,0.5896643996238708,0.11984294652938843,0.1184365451335907,51.52697513872848,10.419121070565765,2.234579369542189e-06,2.182027628805372e-06,0.00039552056114189327,9.329933163826354e-06,2.49683580477722e-07,5.308427830641449e-08,5.2551815343804265e-08,0.002234461944510688,0.002234021571037468
2021-07-30_02h22m33s_C27H33N9O15P2_[M]-__108,2021-07-30_02h22m33s,Flavin adenine dinucleotide,C27H33N9O15P2,[M]-,,108,65.26569959580182,93835.08071354781,0.672316384180791,0.4293785310734463,0.0015240849927689397,3.0051688904916458e-05,0.0003012208303063593,0.0003012208303063593,67.2316384180791,1,10743.6748046875,10743.6748046875,1901630.375,20009.59765625,0.011323005892336369,0.11349529027938843,0.0,10743674.8046875,871838.8109648597,0.004150334745645523,0.004150334745645523,0.7346092462539673,0.007285698316991329,3.312449425862951e-09,4.7812708459105124e-08,0.0,4.150334745645523,4.150320997917117
2021-07-30_02h22m33s_C5H9NO4_-H__147,2021-07-30_02h22m33s,Glutamic acid,C5H9NO4,-H,,147,83.02841424299935,8937.112065136831,0.9774011299435028,0.751412429378531,0.004271887862943598,0.0033357374684457267,0.001771887237096231,0.001771887237096231,97.74011299435028,5,30922.44921875,30922.44921875,5473273.5,54363.65625,10.516362190246582,3.4590046405792236,0.0,30922449.21875,2940.1335296246,0.014300234615802765,0.014300234615802765,2.531141519546509,0.02084801159799099,3.921087682101643e-06,1.770255380506569e-06,0.0,14.300234615802765,14.244381148342837
2021-07-30_02h22m33s_C5H9NO4_[M]-_-H2_147,2021-07-30_02h22m33s,Glutamic acid,C5H9NO4,[M]-,-H2,147,1.2248016835349713,2.1343331387443567,0.5706214689265536,0.5706214689265536,0.46184225164089443,0.4713607404736146,0.45588886723248934,0.45588886723248934,1.2313382386270706,189,131.7862548828125,70.40699768066406,23326.166015625,150.9004669189453,100.07514953613281,61.744869232177734,61.3792610168457,2.1470461790093074,1.3168597662246253,7.271124923136085e-05,4.380373138701543e-05,0.01286989077925682,9.385684825247154e-05,4.9405462050344795e-05,2.9095259378664196e-05,2.890751784434542e-05,0.07066840116369012,0.06928804152524276
2021-07-30_02h22m33s_C5H9NO4_[M]-_+HCl_147,2021-07-30_02h22m33s,Glutamic acid,C5H9NO4,[M]-,+HCl,147,3.017081912519071,3.9319579406339282,0.3672316384180791,0.3672316384180791,0.19140060073423074,0.32561004928476983,0.11171749029891738,0.11171749029891738,3.0576711512966046,189,27.667400360107422,20.757633209228516,4897.1298828125,39.24827575683594,28.167186737060547,7.035545349121094,6.909768104553223,4.003520294926189,0.9822215614505904,1.359530597255798e-05,1.024217090161983e-05,0.0024063691962510347,1.9857867300743237e-05,1.2588743629748933e-05,3.419202812438016e-06,3.3531350709381513e-06,0.013549871423481203,0.013426285901444977
2021-07-30_02h22m33s_C5H9NO4_-H_-H2O_147,2021-07-30_02h22m33s,Glutamic acid,C5H9NO4,-H,-H2O,147,74.56110451422524,4475.204604607352,0.9887005649717514,0.7853107344632768,0.01158082100344866,0.020495251833153025,0.0032602725162570656,0.0032602725162570656,87.29239508509015,18,11920.2255859375,11919.037109375,2109880.0,20600.27734375,62.67225646972656,2.6626157760620117,1.1887942552566528,10018.728476181932,190.19636536192112,0.0055333087220788,0.0055327448062598705,0.9793956279754639,0.007947098463773727,2.5107967303483747e-05,1.3159767604520312e-06,5.637436970573617e-07,5.530191111696059,5.397781403098452
2021-07-30_02h22m33s_C5H9NO4_-H_+C12H14N2_147,2021-07-30_02h22m33s,Glutamic acid,C5H9NO4,-H,+C12H14N2,147,7.7704883124821285,21.911318989148022,0.3954802259887006,0.3954802259887006,0.04260763154967182,0.04363505228993869,0.040895157432181015,0.040895157432181015,7.784019324280531,188,54.372352600097656,51.898040771484375,9623.90625,103.9304428100586,2.710282564163208,2.480473279953003,2.474313735961914,21.96584287889002,20.05410771963518,2.5777808332350105e-05,2.4552069589844905e-05,0.0045626722276210785,4.2838146327994764e-05,1.3284366104926448e-06,1.2293932059037616e-06,1.2257389698788757e-06,0.02574625015021274,0.025743609578899266
2021-07-30_02h22m33s_C5H9NO4_+Cl_+H2_147,2021-07-30_02h22m33s,Glutamic acid,C5H9NO4,+Cl,+H2,147,0.9568238949667158,1.0247819680936527,0.24293785310734464,0.24293785310734464,0.2618422516408944,0.2923728813559322,0.24390027818629623,0.24390027818629623,0.9607613085079288,189,17.621204376220703,0.5134906768798828,3118.953125,33.02230453491211,21.2789249420166,17.194076538085938,17.10771369934082,1.029954950786255,0.8280670361495561,9.099544513446745e-06,7.457792889908887e-07,0.0016106193652376533,1.7506063159089535e-05,1.042292296915548e-05,8.394305950787384e-06,8.353765224455856e-06,0.009024158809404772,0.009005679014790642
2021-07-30_02h22m33s_C5H9NO4_[M]-_-H2O_147,2021-07-30_02h22m33s,Glutamic acid,C5H9NO4,[M]-,-H2O,147,0.4611902560779796,2.1849378089717195,0.005649717514124294,0.005649717514124294,0.0034709088886416732,0.005529510758504628,0.0022502967911122137,0.0022502967911122137,0.4617767329631736,100,0.2811122238636017,0.15421141684055328,49.75686264038086,3.7293753623962402,0.341311514377594,0.1276591420173645,0.1269008070230484,2.197892495025022,0.8212175520146683,1.3698918621685152e-07,7.684580083378023e-08,2.4247085093520582e-05,1.8173667513110559e-06,1.560293014790659e-07,6.057621249055956e-08,6.014338538307129e-08,0.00013698094771892271,0.00013696781522431694
2021-07-30_02h22m33s_C5H9NO4_+Cl_-CO2_147,2021-07-30_02h22m33s,Glutamic acid,C5H9NO4,+Cl,-CO2,147,0.9592778733609431,0.8355964041806767,0.5141242937853108,0.5141242937853108,0.5453776838357993,0.5784950114196418,0.5259492885872743,0.5259492885872743,0.9586360077085311,189,48.1016960144043,-9.714393615722656,8514.0,50.748374938964844,65.1751480102539,57.56470489501953,57.81608963012695,0.8319632884001097,0.738026064486607,2.388227585470304e-05,-2.74615922535304e-06,0.004227162804454565,2.6580702979117632e-05,3.0368455554707907e-05,2.653504088812042e-05,2.662843508005608e-05,0.02326282327533691,0.023178384126526667
2021-07-30_02h22m33s_C5H9NO4_+Cl_-H2_147,2021-07-30_02h22m33s,Glutamic acid,C5H9NO4,+Cl,-H2,147,0.6883925587932096,1.8453294694003095,0.011299435028248588,0.011299435028248588,0.008054288574924908,0.010818608005769925,0.006414231798288357,0.006414231798288357,0.6861439805326592,149,0.6960452795028687,0.316815584897995,123.20001220703125,6.590391159057617,0.684024453163147,0.37619295716285706,0.37922969460487366,1.8305915855051342,1.0160882232580637,2.662306144429749e-07,8.600623857546452e-08,4.7122819523792714e-05,2.4954274522315245e-06,3.1139680345404486e-07,1.7890320691549277e-07,1.802243758675104e-07,0.00026618264184248206,0.0002661477368884613
2021-07-30_02h22m33s_C5H9NO4_[M]-__147,2021-07-30_02h22m33s,Glutamic acid,C5H9NO4,[M]-,,147,0.18864843152627594,0.3990995870514229,0.06779661016949153,0.06779661016949153,0.3581043497608188,0.374444043755259,0.34938072541063486,0.34938072541063486,0.19013754745018258,189,11.107743263244629,-16.18030548095703,1966.070556640625,42.79987716674805,34.93146514892578,27.831008911132812,27.288049697875977,0.40704031053559153,0.31797765247570015,5.387036253523547e-06,-7.409510544675868e-06,0.0009535053977742791,2.126605249941349e-05,1.6269837942672893e-05,1.3065496204944793e-05,1.2796546798199415e-05,0.005318971782194395,0.005300793207076786
2021-07-30_02h22m33s_C5H9NO4_+Cl__147,2021-07-30_02h22m33s,Glutamic acid,C5H9NO4,+Cl,,147,1.6361266281793063,2.0392077195828393,0.1751412429378531,0.1751412429378531,0.10253643341862276,0.11146171414833514,0.09704626397576058,0.09704626397576058,1.681043179983858,189,13.138340950012207,6.922479629516602,2325.486328125,30.842317581176758,7.58986234664917,6.44186544418335,6.2158613204956055,2.1133398788707134,1.7308100647895237,6.5575213739066385e-06,3.393864290046622e-06,0.0011606812477111816,1.610328399692662e-05,3.722783276316477e-06,3.2806551644171122e-06,3.1636570838600164e-06,0.006536841050411437,0.006533199687369663
2021-07-30_02h22m33s_C5H9NO4_-H_+HCl_147,2021-07-30_02h22m33s,Glutamic acid,C5H9NO4,-H,+HCl,147,1.6361266281793063,2.0392077195828393,0.1751412429378531,0.1751412429378531,0.10253643341862276,0.11146171414833514,0.09704626397576058,0.09704626397576058,1.681043179983858,189,13.138340950012207,6.922479629516602,2325.486328125,30.842317581176758,7.58986234664917,6.44186544418335,6.2158613204956055,2.1133398788707134,1.7308100647895237,6.5575213739066385e-06,3.393864290046622e-06,0.0011606812477111816,1.610328399692662e-05,3.722783276316477e-06,3.2806551644171122e-06,3.1636570838600164e-06,0.006536841050411437,0.006533199687369663
2021-07-30_02h22m33s_C5H9NO4_+Cl_+HCl_147,2021-07-30_02h22m33s,Glutamic acid,C5H9NO4,+Cl,+HCl,147,0.0,0.0,0.0,0.0,0.0018022026921793303,0.0026746003125375645,0.0012934776830802487,0.0012934776830802487,0.0,36,0.0,-0.07097583264112473,0.0,0.0,0.30921515822410583,0.07313238829374313,0.07097583264112473,0.0,0.0,0.0,-3.166181983260685e-08,0.0,0.0,1.2456628439849737e-07,3.2498526536528516e-08,3.166181983260685e-08,0.0,0.0
2021-07-30_02h22m33s_C5H9NO4_[M]-_+C12H14N2_147,2021-07-30_02h22m33s,Glutamic acid,C5H9NO4,[M]-,+C12H14N2,147,1.9688894053641408,2.6301991138110896,0.1694915254237288,0.1694915254237288,0.07641561908999889,0.07648154826301239,0.07608483796091217,0.07608483796091217,1.9800512712404024,189,12.724760055541992,7.912557601928711,2252.282470703125,30.569869995117188,4.9729180335998535,4.836945533752441,4.812202453613281,2.6437200965834062,2.5582970948824615,6.857983407826396e-06,4.476007234188728e-06,0.0012138630263507366,1.604461795068346e-05,2.434875796097913e-06,2.3933312149893027e-06,2.3819761736376677e-06,0.0068416866731833784,0.006841325629637567
2021-07-30_02h22m33s_C5H9NO4_-H_+H2_147,2021-07-30_02h22m33s,Glutamic acid,C5H9NO4,-H,+H2,147,2.010688203071,3.699567359412629,0.062146892655367235,0.062146892655367235,0.02427411280453888,0.02978122370477221,0.02090826939773553,0.02090826939773553,2.1453618739032945,181,4.534840106964111,3.4634737968444824,802.6666870117188,18.90526008605957,2.4713308811187744,1.224775791168213,1.071366310119629,4.228816276835686,1.8342367284236705,2.4279481749545084e-06,1.901236828416586e-06,0.0004297468112781644,1.0056415703729726e-05,1.131403905674233e-06,6.022921184012375e-07,5.267112896945036e-07,0.00242667002045837,0.0024252042893494804
2021-07-30_02h22m33s_C5H9NO4_+Cl_-H2O_147,2021-07-30_02h22m33s,Glutamic acid,C5H9NO4,+Cl,-H2O,147,0.24167072719906682,0.3875717531588655,0.005649717514124294,0.005649717514124294,0.015151852263878073,0.01821132347637937,0.013377748640076546,0.013377748640076546,0.2404209463254995,179,0.3115542232990265,-0.49858471751213074,55.14509963989258,4.13323450088501,1.116304636001587,0.8028620481491089,0.8101389408111572,0.3840947680152863,0.2788444737989828,1.3358389594486653e-07,-2.4960445443866774e-07,2.3644348402740434e-05,1.7721902167977532e-06,5.270899805509544e-07,3.801703485351027e-07,3.8318833617267956e-07,0.00013353272776109114,0.0001335135223049915
2021-07-30_02h22m33s_C5H9NO4_[M]-_-NH3_147,2021-07-30_02h22m33s,Glutamic acid,C5H9NO4,[M]-,-NH3,147,0.7040098636475962,0.9835586318918373,0.03954802259887006,0.03954802259887006,0.04476582489709645,0.04240293304483712,0.04617538139872779,0.04617538139872779,0.7043499753565261,189,2.892655372619629,-0.0463104248046875,512.0,15.922889709472656,2.6593141555786133,2.940009593963623,2.9389657974243164,0.9839078315652053,1.0873360074988896,1.2654082865992677e-06,-2.4397388642682927e-07,0.00022397725842893124,7.0294481702148914e-06,1.3606788797915215e-06,1.5102604038474965e-06,1.509382173026097e-06,0.0012635011804419112,0.0012636888119222562
2021-07-30_02h22m33s_C5H9NO4_+Cl_-CH2O3_147,2021-07-30_02h22m33s,Glutamic acid,C5H9NO4,+Cl,-CH2O3,147,0.0,0.0,0.0,0.0,0.002636555790410502,0.0027948070681572306,0.002551517621418573,0.002551517621418573,0.0,59,0.0,-0.14988616108894348,0.0,0.0,0.17096807062625885,0.14794549345970154,0.14988616108894348,0.0,0.0,0.0,-6.986835643374434e-08,0.0,0.0,8.142459506643718e-08,6.900196325432262e-08,6.986835643374434e-08,0.0,0.0
2021-07-30_02h22m33s_C5H9NO4_-H_-CH2O3_147,2021-07-30_02h22m33s,Glutamic acid,C5H9NO4,-H,-CH2O3,147,0.5629766889924127,125.5709031005693,0.005649717514124294,0.005649717514124294,7.787295583490934e-05,0.00012020675561966583,3.5437744741924624e-05,3.5437744741924624e-05,0.5629262345716892,5,0.37301430106163025,0.3709937334060669,66.02352905273438,4.948593616485596,0.007131442427635193,0.0019705472514033318,0.0020205627661198378,123.4916570003271,45.873079023952606,1.1300836177952078e-07,1.1214280704052726e-07,2.000248059630394e-05,1.4992253909440478e-06,3.427158778990247e-09,8.441308763096345e-10,8.655561822834557e-10,0.00011300826396451926,0.00011300797448324893
2021-07-30_02h22m33s_C5H9NO4_[M]-_-CH2O2_147,2021-07-30_02h22m33s,Glutamic acid,C5H9NO4,[M]-,-CH2O2,147,0.0,0.0,0.0,0.0,0.00014462120369340304,0.00018031013342949875,0.00012403210659673618,0.00012403210659673618,0.0,6,0.0,-0.006663602776825428,0.0,0.0,0.009775637648999691,0.007723344024270773,0.006663602776825428,0.0,0.0,0.0,-2.8751900860157775e-09,0.0,0.0,3.826644778825994e-09,3.311976248809856e-09,2.8751900860157775e-09,0.0,0.0
2021-07-30_02h22m33s_C5H9NO4_[M]-_-CH2O3_147,2021-07-30_02h22m33s,Glutamic acid,C5H9NO4,[M]-,-CH2O3,147,0.0,0.0,0.0,0.0,0.00013349649571698743,0.0002103618223344152,8.859436185481156e-05,8.859436185481156e-05,0.0,7,0.0,-0.005157318897545338,0.0,0.0,0.010959084145724773,0.005029658321291208,0.005157318897545338,0.0,0.0,0.0,-2.248548458538835e-09,0.0,0.0,5.516005874284247e-09,2.192889647645302e-09,2.248548458538835e-09,0.0,0.0
2021-07-30_02h22m33s_C5H9NO4_+Cl_-NH3_147,2021-07-30_02h22m33s,Glutamic acid,C5H9NO4,+Cl,-NH3,147,0.42549489216893227,1.6871811499236062,0.005649717514124294,0.005649717514124294,0.013193903660028924,0.030051688904916458,0.003277991388628028,0.003277991388628028,0.4251578506663948,92,0.32347404956817627,0.13165347278118134,57.254905700683594,4.29136848449707,4.398730278015137,0.19072455167770386,0.19182057678699493,1.6775909239474562,0.07352133633839619,1.3379920460465655e-07,4.523666063960263e-08,2.3682459868723527e-05,1.7750465985955088e-06,1.7801221474655904e-06,8.788839522821945e-08,8.856254396505392e-08,0.00013378735605605387,0.00013356144891140176
2021-07-30_02h22m33s_C5H9NO4_[M]-_-CO2_147,2021-07-30_02h22m33s,Glutamic acid,C5H9NO4,[M]-,-CO2,147,0.0,0.0,0.0,0.0,0.00022249415952831238,0.00027046520014424813,0.00019490759608058544,0.00019490759608058544,0.0,9,0.0,-0.010926811955869198,0.0,0.0,0.015010996721684933,0.010656338185071945,0.010926811955869198,0.0,0.0,0.0,-4.394453689826605e-09,0.0,0.0,6.338286340223931e-09,4.285676702409091e-09,4.394453689826605e-09,0.0,0.0
2021-07-30_02h22m33s_C5H9NO4_+Cl_-CH2O2_147,2021-07-30_02h22m33s,Glutamic acid,C5H9NO4,+Cl,-CH2O2,147,0.9787769249029498,0.7392975523967454,0.96045197740113,0.96045197740113,0.9741016798309045,0.9789638177665585,0.9712777078866701,0.9712777078866701,0.9789785778126424,189,264.6195373535156,-94.4439697265625,46837.66015625,108.20889282226562,312.4707946777344,357.9327392578125,359.0635070800781,0.736969352680967,0.8468589545063713,0.00013544484681915492,-4.003220237791538e-05,0.02397373877465725,7.405578071484342e-05,0.0001508397690486163,0.00017491904145572335,0.0001754770491970703,0.11522542861357679,0.11769218483918517
2021-07-30_02h22m33s_C5H9NO4_-H_-CO2_147,2021-07-30_02h22m33s,Glutamic acid,C5H9NO4,-H,-CO2,147,0.0,0.0,0.0,0.0,0.00011124707976415619,0.00012020675561966583,0.00010631323422577388,0.00010631323422577388,0.0,4,0.0,-0.0058195823803544044,0.0,0.0,0.006441196426749229,0.005675528664141893,0.0058195823803544044,0.0,0.0,0.0,-2.311750790795486e-09,0.0,0.0,2.4061406200814872e-09,2.2545274536156512e-09,2.311750790795486e-09,0.0,0.0
2021-07-30_02h22m33s_C5H9NO4_-H_-CH2O2_147,2021-07-30_02h22m33s,Glutamic acid,C5H9NO4,-H,-CH2O2,147,0.5561035759538043,30.27827688996846,0.005649717514124294,0.005649717514124294,0.00014462120369340304,9.015506671474937e-05,0.0001594698513386608,0.0001594698513386608,0.5558821093625332,4,0.29351943731307983,0.2846046984195709,51.95294189453125,3.8939757347106934,0.0048346687108278275,0.008694060146808624,0.00891472864896059,29.604384316039845,50.3061016589295,9.946712964392646e-08,9.538482004245452e-08,1.7605681932764128e-05,1.319580405834131e-06,1.8054333583705784e-09,3.981261098573441e-09,4.082311821917983e-09,9.946672358974486e-05,9.946695006297675e-05
2021-07-30_02h22m33s_C5H9NO4_-H_-H2_147,2021-07-30_02h22m33s,Glutamic acid,C5H9NO4,-H,-H2,147,10.50324308301549,54.42884325153566,0.1638418079096045,0.1638418079096045,0.015941706530203582,0.0326962375285491,0.005599163669224091,0.005599163669224091,10.554603355974521,182,17.263498306274414,16.95116424560547,3055.63916015625,50.512054443359375,3.0758578777313232,0.31617555022239685,0.31233441829681396,55.096080411827366,5.6107558399816,7.2472771535103675e-06,7.089495284162695e-06,0.001282768091186881,1.8684226233744994e-05,1.498933329457941e-06,1.5957824928136688e-07,1.5778196882365592e-07,0.007246133844246063,0.007236430227056735
2021-07-30_02h22m33s_C42H84NO7P_+Cl__45,2021-07-30_02h22m33s,PC (O) C16-18:1,C42H84NO7P,+Cl,,45,25.98870056497175,1828551.1474609375,0.2598870056497175,0.2033898305084746,0.0010568472577594838,0.0014725327563409063,0.0,0.0,25.98870056497175,2,1828.5511474609375,1828.5511474609375,323653.5625,6659.32421875,0.49706414341926575,0.0,0.0,1828551.1474609375,3671.316579643197,0.0006438698619604111,0.0006438698619604111,0.11396496742963791,0.002368851797655225,1.8950137814499612e-07,0.0,0.0,0.6438698619604111,0.6437478708517067
2021-07-30_02h22m33s_C42H84NO7P_-H_+HCl_45,2021-07-30_02h22m33s,PC (O) C16-18:1,C42H84NO7P,-H,+HCl,45,25.98870056497175,1828551.1474609375,0.2598870056497175,0.2033898305084746,0.0010568472577594838,0.0014725327563409063,0.0,0.0,25.98870056497175,2,1828.5511474609375,1828.5511474609375,323653.5625,6659.32421875,0.49706414341926575,0.0,0.0,1828551.1474609375,3671.316579643197,0.0006438698619604111,0.0006438698619604111,0.11396496742963791,0.002368851797655225,1.8950137814499612e-07,0.0,0.0,0.6438698619604111,0.6437478708517067
2021-07-30_02h22m33s_C42H84NO7P_-H_-H2_45,2021-07-30_02h22m33s,PC (O) C16-18:1,C42H84NO7P,-H,-H2,45,0.8939347248822708,5.539829680127465,0.011299435028248588,0.011299435028248588,0.010957837356769385,0.025063108546700325,0.0026401119832733847,0.0026401119832733847,0.9046913931004457,119,0.9317824244499207,0.7737799286842346,164.9254913330078,8.716026306152344,4.910266876220703,0.16719694435596466,0.15800248086452484,5.860175384583017,0.1897234355073251,3.131296750780166e-07,2.4308508272952167e-07,5.542395228985697e-05,2.932386450993363e-06,1.8656670590644353e-06,7.386318401358949e-08,7.00445781376402e-08,0.00031310774357820603,0.0003125465672430875
2021-07-30_02h22m33s_C42H84NO7P_[M]-_-H2_45,2021-07-30_02h22m33s,PC (O) C16-18:1,C42H84NO7P,[M]-,-H2,45,0.5503445248194293,20.77374426051156,0.005649717514124294,0.005649717514124294,0.003037045277561464,0.0077232840485635295,0.0002657830855644347,0.0002657830855644347,0.5509535950963689,56,0.37562867999076843,0.35940274596214294,66.48627471923828,4.983277797698975,1.276309847831726,0.01708189584314823,0.01622593216598034,21.806000184570628,0.2940779644253194,1.4402188242002012e-07,1.3754440431057446e-07,2.5491874112049118e-05,1.9106664694845676e-06,4.507205915160739e-07,6.993767787122351e-09,6.4774816621593345e-09,0.00014402094952696058,0.00014395699803671213
2021-07-30_02h22m33s_C42H84NO7P_+Cl_+HCl_45,2021-07-30_02h22m33s,PC (O) C16-18:1,C42H84NO7P,+Cl,+HCl,45,3.806837643504295,11.312815940115563,0.0847457627118644,0.0847457627118644,0.019256869507175436,0.030772929438634453,0.01226145968070592,0.01226145968070592,3.862571524682438,170,8.701339721679688,7.952691078186035,1540.13720703125,39.65254211425781,3.618215560913086,0.7681577205657959,0.748648464679718,11.607226762476294,2.404205987521904,3.444199819568894e-06,3.1293097890738863e-06,0.0006096233846619725,1.538371179776732e-05,1.507811930423486e-06,3.2117287673827377e-07,3.148900873384264e-07,0.003443115616591669,0.0034390144325785535
2021-07-30_02h22m33s_C42H84NO7P_[M]-_-H3PO4_45,2021-07-30_02h22m33s,PC (O) C16-18:1,C42H84NO7P,[M]-,-H3PO4,45,0.0,0.0,0.0,0.0,0.0016464567805095115,0.0037865128020194735,0.0003898151921611709,0.0003898151921611709,0.0,48,0.0,-0.025311239063739777,0.0,0.0,0.3874953091144562,0.025788256898522377,0.025311239063739777,0.0,0.0,0.0,-1.0282330542565887e-08,0.0,0.0,1.5258966357123427e-07,1.0345161172153894e-08,1.0282330542565887e-08,0.0,0.0
2021-07-30_02h22m33s_C42H84NO7P_-H_-H2O_45,2021-07-30_02h22m33s,PC (O) C16-18:1,C42H84NO7P,-H,-H2O,45,0.750799080129114,2.3477775758505577,0.011299435028248588,0.011299435028248588,0.015585715874958283,0.03347758144007693,0.005049878625724259,0.005049878625724259,0.7488679333618595,157,0.7133488655090332,0.40752992033958435,126.26274871826172,6.700598239898682,8.623656272888184,0.30284005403518677,0.30581894516944885,2.324983110528157,0.0827104110515642,2.229644309181822e-07,8.911102611364186e-08,3.9464703149860725e-05,2.086236463583191e-06,3.57823955710046e-06,1.324537066693665e-07,1.3385340480454033e-07,0.00022293459036421323,0.00022216945538454573
2021-07-30_02h22m33s_C42H84NO7P_[M]-_+C12H14N2_45,2021-07-30_02h22m33s,PC (O) C16-18:1,C42H84NO7P,[M]-,+C12H14N2,45,0.5034231292050977,4.73613920197425,0.005649717514124294,0.005649717514124294,0.004160640783179442,0.009135713427094603,0.0012226021935963995,0.0012226021935963995,0.5028307073259174,82,0.3546028733253479,0.27994024753570557,62.76470947265625,4.704338550567627,0.8864499926567078,0.07387171685695648,0.07466261833906174,4.68663233059541,0.39957504790077664,1.7010505359849049e-07,1.3739204973717278e-07,3.0108594728517346e-05,2.256698508062982e-06,3.6593158370124e-07,3.220493027811244e-08,3.271300741403138e-08,0.00017009948913264137,0.0001700428295565738
2021-07-30_02h22m33s_C42H84NO7P_-H_+C12H14N2_45,2021-07-30_02h22m33s,PC (O) C16-18:1,C42H84NO7P,-H,+C12H14N2,45,1.6514554385605145,4.357071582304051,0.02824858757062147,0.02824858757062147,0.012259428190010012,0.020915975477821855,0.007105267820755887,0.007105267820755887,1.654902136286653,161,1.927284836769104,1.4895991086959839,341.1294250488281,11.362414360046387,1.7072656154632568,0.44133490324020386,0.4376857578754425,4.393315265357496,1.128211455714662,7.259927770064678e-07,5.357753707357915e-07,0.00012850071652792394,4.302023626223672e-06,7.074090149217227e-07,1.9137580409278598e-07,1.902174062706763e-07,0.0007258547068068096,0.0007254795662211814
2021-07-30_02h22m33s_C42H84NO7P_[M]-_-CO2_45,2021-07-30_02h22m33s,PC (O) C16-18:1,C42H84NO7P,[M]-,-CO2,45,0.5447035333970527,13.277811924901027,0.005649717514124294,0.005649717514124294,0.002836800533985983,0.007002043514845535,0.00037209631979020857,0.00037209631979020857,0.5442021855913016,66,0.31445664167404175,0.2911912798881531,55.6588249206543,4.171738624572754,0.5762984156608582,0.02268286608159542,0.023265358060598373,12.959076923107533,0.5447038016102466,1.2590724907113326e-07,1.1577343173030386e-07,2.2285583327175118e-05,1.6703486380720278e-06,2.5741016429492447e-07,9.880102069814711e-09,1.0133820893543088e-08,0.0001259059731625518,0.00012587484760593042
2021-07-30_02h22m33s_C42H84NO7P_+Cl_-H2O_45,2021-07-30_02h22m33s,PC (O) C16-18:1,C42H84NO7P,+Cl,-H2O,45,0.0,0.0,0.0,0.0,0.0018355768161085772,0.0047481668469768,0.00012403210659673618,0.00012403210659673618,0.0,5,0.0,-0.038871098309755325,0.0,0.0,7.511092185974121,0.03789789229631424,0.038871098309755325,0.0,0.0,0.0,-2.2624471185395123e-08,0.0,0.0,3.79315929421864e-06,2.205802651644717e-08,2.2624471185395123e-08,0.0,0.0
2021-07-30_02h22m33s_C42H84NO7P_-H__45,2021-07-30_02h22m33s,PC (O) C16-18:1,C42H84NO7P,-H,,45,1.916846911310295,12.37037193898119,0.022598870056497175,0.022598870056497175,0.008121036822783402,0.018782305565572786,0.0017896061094671936,0.0017896061094671936,1.921204230252612,126,1.5991581678390503,1.4744725227355957,283.0509948730469,10.63204288482666,1.9351232051849365,0.12827324867248535,0.12468568980693817,12.723470510409474,0.8259588870979419,5.870265340490732e-07,5.312532493917388e-07,0.00010390369425294921,3.8927387322473805e-06,8.237565793933754e-07,5.697674154703236e-08,5.577326689376605e-08,0.0005869937954874526,0.0005865433650929783
2021-07-30_02h22m33s_C42H84NO7P_+Cl_-CH2O3_45,2021-07-30_02h22m33s,PC (O) C16-18:1,C42H84NO7P,+Cl,-CH2O3,45,0.910527599253631,5.079046955769651,0.011299435028248588,0.011299435028248588,0.008766269885415508,0.019533597788195696,0.0024097666424508744,0.0024097666424508744,0.9153467301606947,138,0.8348953127861023,0.6756298542022705,147.77647399902344,7.844804286956787,1.6884760856628418,0.16338030993938446,0.15926548838615417,5.209451649218769,0.4941740933009674,3.1048602977534756e-07,2.4023700007091975e-07,5.495602817973122e-05,3.003033953064005e-06,7.143178208934842e-07,7.162774551261464e-08,7.024903680985517e-08,0.0003104642199629312,0.00031026440238353614
2021-07-30_02h22m33s_C42H84NO7P_+Cl_-H3PO4_45,2021-07-30_02h22m33s,PC (O) C16-18:1,C42H84NO7P,+Cl,-H3PO4,45,1.4269124842011103,8.716454539732391,0.01694915254237288,0.01694915254237288,0.008054288574924908,0.01848178867652362,0.001878200471322005,0.001878200471322005,1.4276684977826302,129,1.0620583295822144,0.9413346648216248,187.98431396484375,8.108491897583008,1.7499992847442627,0.12084522098302841,0.12072364240884781,8.72516060614545,0.6065441253091833,3.4192711950709054e-07,2.890387236220704e-07,6.052110256860033e-05,2.62747130364005e-06,7.369852141891897e-07,5.269431824217463e-08,5.288838522687911e-08,0.00034190903649025607,0.0003416753098556734
2021-07-30_02h22m33s_C42H84NO7P_-H_-HPO3_45,2021-07-30_02h22m33s,PC (O) C16-18:1,C42H84NO7P,-H,-HPO3,45,0.9865962447039088,8.985176553459493,0.011299435028248588,0.011299435028248588,0.006685949493825787,0.015536723163841809,0.0014529475344189095,0.0014529475344189095,0.9865132536721729,119,0.9421734809875488,0.8380798697471619,166.76470947265625,9.295263290405273,1.4858969449996948,0.10385864973068237,0.10409361124038696,8.965088075929359,0.6336508284289617,4.3966275597995264e-07,3.9361324866149516e-07,7.782031025271863e-05,4.309409177949419e-06,6.498329980786366e-07,4.5681961324817166e-08,4.604951797659851e-08,0.00043964251065425496,0.00043937723415459444
2021-07-30_02h22m33s_C42H84NO7P_+Cl_+H2_45,2021-07-30_02h22m33s,PC (O) C16-18:1,C42H84NO7P,+Cl,+H2,45,2.4798208253787624,6.036480024082877,0.062146892655367235,0.062146892655367235,0.01977973078206697,0.02755739872580839,0.015061041515317964,0.015061041515317964,2.5010756132565803,178,5.95396089553833,4.983262062072754,1053.85107421875,24.599262237548828,2.349926233291626,0.9853299260139465,0.9706985950469971,6.127374193898429,2.532602176633144,2.154913090635091e-06,1.7374977687723003e-06,0.0003814196097664535,8.955016710388009e-06,1.0076703347294824e-06,4.2221853391311015e-07,4.1741526501937187e-07,0.0021540139723219788,0.0021527438345347585
2021-07-30_02h22m33s_C42H84NO7P_-H_-NH3_45,2021-07-30_02h22m33s,PC (O) C16-18:1,C42H84NO7P,-H,-NH3,45,0.0,0.0,0.0,0.0,0.0017465791522972521,0.00381656449092439,0.0005315661711288693,0.0005315661711288693,0.0,51,0.0,-0.036561019718647,0.0,0.0,0.31035879254341125,0.03781082481145859,0.036561019718647,0.0,0.0,0.0,-1.618063016906035e-08,0.0,0.0,1.329199648125723e-07,1.6614075448728727e-08,1.618063016906035e-08,0.0,0.0
2021-07-30_02h22m33s_C42H84NO7P_-H_-CH2O2_45,2021-07-30_02h22m33s,PC (O) C16-18:1,C42H84NO7P,-H,-CH2O2,45,0.3085565744550672,0.5650286308132051,0.005649717514124294,0.005649717514124294,0.014840360440538436,0.02596465921384782,0.008310151141981324,0.008310151141981324,0.31204333945352036,169,0.2999003231525421,-0.21606019139289856,53.08235549926758,3.9786267280578613,2.2773680686950684,0.5297701358795166,0.5159605145454407,0.5801223008612991,0.13162944445772082,1.4553505423009483e-07,-7.240693378207652e-08,2.5759705749806017e-05,1.9307408365420997e-06,9.64574383033323e-07,2.2275909827840223e-07,2.1794198801217135e-07,0.00014550334294227156,0.0001453948101208263
2021-07-30_02h22m33s_C42H84NO7P_-H_-H3PO4_45,2021-07-30_02h22m33s,PC (O) C16-18:1,C42H84NO7P,-H,-H3PO4,45,0.0,0.0,0.0,0.0,0.012537545889420403,0.025814400769323235,0.0047486577954179,0.0047486577954179,0.0,153,0.0,-0.3190324604511261,0.0,0.0,2.55938458442688,0.32561472058296204,0.3190324604511261,0.0,0.0,0.0,-1.3246214791706734e-07,0.0,0.0,1.092521983991901e-06,1.344796061175657e-07,1.3246214791706734e-07,0.0,0.0
2021-07-30_02h22m33s_C42H84NO7P_-H_-CH2O3_45,2021-07-30_02h22m33s,PC (O) C16-18:1,C42H84NO7P,-H,-CH2O3,45,1.4269124842011103,8.716454539732391,0.01694915254237288,0.01694915254237288,0.008054288574924908,0.01848178867652362,0.001878200471322005,0.001878200471322005,1.4276684977826302,129,1.0620583295822144,0.9413346648216248,187.98431396484375,8.108491897583008,1.7499992847442627,0.12084522098302841,0.12072364240884781,8.72516060614545,0.6065441253091833,3.4192711950709054e-07,2.890387236220704e-07,6.052110256860033e-05,2.62747130364005e-06,7.369852141891897e-07,5.269431824217463e-08,5.288838522687911e-08,0.00034190903649025607,0.0003416753098556734
2021-07-30_02h22m33s_C42H84NO7P_+Cl_-NH3_45,2021-07-30_02h22m33s,PC (O) C16-18:1,C42H84NO7P,+Cl,-NH3,45,0.0,0.0,0.0,0.0,0.0023918122149293583,0.006070441158793124,0.00023034534082251004,0.00023034534082251004,0.0,57,0.0,-0.013576535508036613,0.0,0.0,0.5102967619895935,0.014353537000715733,0.013576535508036613,0.0,0.0,0.0,-6.133244578876429e-09,0.0,0.0,2.1019988594161987e-07,6.301736465985641e-09,6.133244578876429e-09,0.0,0.0
2021-07-30_02h22m33s_C42H84NO7P_+Cl_+C12H14N2_45,2021-07-30_02h22m33s,PC (O) C16-18:1,C42H84NO7P,+Cl,+C12H14N2,45,3.3130791859881543,7.745707964906193,0.07909604519774012,0.07909604519774012,0.01769941039047725,0.023861040990503665,0.01387387706646349,0.01387387706646349,3.3267449328567027,182,6.814666748046875,5.942985534667969,1206.196044921875,25.498638153076172,1.6581038236618042,0.8787990808486938,0.8716809749603271,7.808886573190937,4.107438395872201,2.3268660243047634e-06,1.9487949884933187e-06,0.00041185528971254826,8.403218089370057e-06,7.023095918157196e-07,3.7977835631863854e-07,3.7807095054631645e-07,0.0023259866363262095,0.0023252329908720675
2021-07-30_02h22m33s_C42H84NO7P_[M]-_-CH2O2_45,2021-07-30_02h22m33s,PC (O) C16-18:1,C42H84NO7P,[M]-,-CH2O2,45,0.0,0.0,0.0,0.0,0.0022694404271887863,0.005018632047121048,0.0006555982777256055,0.0006555982777256055,0.0,53,0.0,-0.040238913148641586,0.0,0.0,0.4139613211154938,0.03923146054148674,0.040238913148641586,0.0,0.0,0.0,-1.7038219723986003e-08,0.0,0.0,1.8099525789239124e-07,1.661163828714507e-08,1.7038219723986003e-08,0.0,0.0
2021-07-30_02h22m33s_C42H84NO7P_[M]-_-CH2O3_45,2021-07-30_02h22m33s,PC (O) C16-18:1,C42H84NO7P,[M]-,-CH2O3,45,0.0,0.0,0.0,0.0,0.002013572143731227,0.005078735424930881,0.00021262646845154776,0.00021262646845154776,0.0,56,0.0,-0.013929534703493118,0.0,0.0,0.3889293074607849,0.013580786995589733,0.013929534703493118,0.0,0.0,0.0,-5.9643654459762274e-09,0.0,0.0,1.6478178110901354e-07,5.815036896450465e-09,5.9643654459762274e-09,0.0,0.0
2021-07-30_02h22m33s_C42H84NO7P_+Cl_-H2_45,2021-07-30_02h22m33s,PC (O) C16-18:1,C42H84NO7P,+Cl,-H2,45,11.925584060505757,120.65097709919232,0.1638418079096045,0.1638418079096045,0.009289131160307043,0.01788075489842529,0.003738682070273048,0.003738682070273048,12.295062514890182,134,29.1605167388916,28.949100494384766,5161.41162109375,92.68063354492188,1.8432364463806152,0.24069316685199738,0.21141576766967773,137.2803773410944,15.811701800016063,1.0381290849181823e-05,1.0291986654920038e-05,0.0018374884966760874,3.285035927547142e-05,8.118731216200104e-07,1.0036954023462386e-07,8.930403083695637e-08,0.010380363840849281,0.010372869395325683
2021-07-30_02h22m33s_C42H84NO7P_+Cl_-CH2O2_45,2021-07-30_02h22m33s,PC (O) C16-18:1,C42H84NO7P,+Cl,-CH2O2,45,1.3371532522106018,6.031201863156875,0.01694915254237288,0.01694915254237288,0.00906663700077873,0.019864166366149776,0.0026755497280153092,0.0026755497280153092,1.3433541275229393,127,1.0229313373565674,0.8572463989257812,181.058837890625,7.81483268737793,2.2433550357818604,0.16860654950141907,0.16568492352962494,6.136915779157205,0.4557796431704984,3.843452702767536e-07,3.108099804194353e-07,6.80291122989729e-05,2.940456852229545e-06,9.342064117845439e-07,7.426275061561682e-08,7.353529696274563e-08,0.0003843170094113387,0.0003839865475819635
2021-07-30_02h22m33s_C42H84NO7P_[M]-_-H2O_45,2021-07-30_02h22m33s,PC (O) C16-18:1,C42H84NO7P,[M]-,-H2O,45,0.0,0.0,0.0,0.0,0.002836800533985983,0.006821733381416036,0.0004961284263869447,0.0004961284263869447,0.0,44,0.0,-0.03224090859293938,0.0,0.0,0.6831561923027039,0.031433697789907455,0.03224090859293938,0.0,0.0,0.0,-1.3870317339126359e-08,0.0,0.0,2.847314704013115e-07,1.3523049346986227e-08,1.3870317339126359e-08,0.0,0.0
2021-07-30_02h22m33s_C6H9NO5_-H__89,2021-07-30_02h22m33s,N-Acetylaspartic acid,C6H9NO5,-H,,89,80.70829481364643,8561.77297297222,0.9887005649717514,0.8361581920903954,0.004305261986872844,0.002554393556917899,0.0022502967911122137,0.0022502967911122137,98.33413670262534,2,30893.841796875,30893.607421875,5468210.0,45684.62890625,4.841065883636475,3.607346296310425,0.23340067267417908,131799.28813522632,6380.30182556566,0.012693187221884727,0.01269310712814331,2.2466940879821777,0.017105504870414734,2.249734052384156e-06,1.666154048507451e-06,8.030800557889961e-08,12.692167939191059,12.664695026221176
2021-07-30_02h22m33s_C6H9NO5_-H_+H2_89,2021-07-30_02h22m33s,N-Acetylaspartic acid,C6H9NO5,-H,+H2,89,0.0,0.0,0.0,0.0,0.00683057069751919,0.008594783026806106,0.005811790137675638,0.005811790137675638,0.0,3,0.0,-3.1410043239593506,0.0,0.0,40.506744384765625,3.0635881423950195,3.1410043239593506,0.0,0.0,0.0,-1.5496364085265668e-06,0.0,0.0,1.678351873124484e-05,1.5114427469598013e-06,1.5496364085265668e-06,0.0,0.0
2021-07-30_02h22m33s_C6H9NO5_-H_+C12H14N2_89,2021-07-30_02h22m33s,N-Acetylaspartic acid,C6H9NO5,-H,+C12H14N2,89,1.6102324553658027,1.596067021765759,0.12429378531073447,0.0,0.07211035710312605,0.0801779059983171,0.06718996403068908,0.06718996403068908,1.608921825535029,8,6.789364337921143,2.522366523742676,1201.717529296875,18.02120018005371,14.832858085632324,4.252809047698975,4.266997814178467,1.5907609688474045,0.45769376373481274,2.896724936363171e-06,8.041622550081229e-07,0.0005127203185111284,7.832842129573692e-06,6.478286195488181e-06,2.0821512407565024e-06,2.092562681355048e-06,0.0028906760156090193,0.0028780799110061876
2021-07-30_02h22m33s_C6H9NO5_+Cl__89,2021-07-30_02h22m33s,N-Acetylaspartic acid,C6H9NO5,+Cl,,89,0.38491629023821816,1.065442849240921,0.005649717514124294,0.005649717514124294,0.011057959728557125,0.021907681211684096,0.004677782305934051,0.004677782305934051,0.3846749997309525,134,0.2833499610424042,0.017566263675689697,50.1529426574707,3.7590622901916504,2.402015447616577,0.26494571566581726,0.2657836973667145,1.0620962369110512,0.11791433189638623,9.456791616457849e-08,-3.1208152506678744e-08,1.6738520571379922e-05,1.2545850722744945e-06,1.014979716273956e-06,1.251517716127637e-07,1.2577606867125724e-07,9.455602327970119e-05,9.447202897141725e-05
2021-07-30_02h22m33s_C6H9NO5_-H_+HCl_89,2021-07-30_02h22m33s,N-Acetylaspartic acid,C6H9NO5,-H,+HCl,89,0.38491629023821816,1.065442849240921,0.005649717514124294,0.005649717514124294,0.011057959728557125,0.021907681211684096,0.004677782305934051,0.004677782305934051,0.3846749997309525,134,0.2833499610424042,0.017566263675689697,50.1529426574707,3.7590622901916504,2.402015447616577,0.26494571566581726,0.2657836973667145,1.0620962369110512,0.11791433189638623,9.456791616457849e-08,-3.1208152506678744e-08,1.6738520571379922e-05,1.2545850722744945e-06,1.014979716273956e-06,1.251517716127637e-07,1.2577606867125724e-07,9.455602327970119e-05,9.447202897141725e-05
2021-07-30_02h22m33s_C6H9NO5_+Cl_-NH3_89,2021-07-30_02h22m33s,N-Acetylaspartic acid,C6H9NO5,+Cl,-NH3,89,0.0,0.0,0.0,0.0,0.024641228167760595,0.0524101454501743,0.00834558888672325,0.00834558888672325,0.0,20,0.0,-1.0866578817367554,0.0,0.0,65.4605712890625,1.5516573190689087,1.0866578817367554,0.0,0.0,0.0,-5.154983000466018e-07,0.0,0.0,2.646674693096429e-05,7.401176276289334e-07,5.154983000466018e-07,0.0,0.0
2021-07-30_02h22m33s_C6H9NO5_-H_-CO2_89,2021-07-30_02h22m33s,N-Acetylaspartic acid,C6H9NO5,-H,-CO2,89,64.99895397414245,3596.4589208807774,0.9943502824858758,0.807909604519774,0.007698297919679608,0.006521216492366871,0.005297942838917731,0.005297942838917731,78.25323199284807,3,6687.591796875,6686.580078125,1183703.75,9897.1162109375,15.225496292114258,1.858493447303772,1.0116798877716064,6603.855648393482,439.2075280206437,0.0027487443294376135,0.002748227911069989,0.4865277409553528,0.0037033120170235634,7.642872333235573e-06,9.085356396099087e-07,5.163038281352783e-07,2.747325874571437,2.7278953733605946
2021-07-30_02h22m33s_C6H9NO5_[M]-_+HCl_89,2021-07-30_02h22m33s,N-Acetylaspartic acid,C6H9NO5,[M]-,+HCl,89,2.2386098881454535,2.855981581102114,0.096045197740113,0.096045197740113,0.07538102124819224,0.14731337901190047,0.032903945992877014,0.032903945992877014,2.2293877842351373,189,5.783804416656494,3.7460684776306152,1023.7333984375,17.985044479370117,11.061882972717285,2.0241546630859375,2.037735939025879,2.8369561285214964,0.5228116785579506,2.3583302208862733e-06,1.4184091696733958e-06,0.00041742445318959653,7.514186563639669e-06,4.690904461313039e-06,9.329055501439143e-07,9.399210512128775e-07,0.0023561156581800575,0.002347319170915301
2021-07-30_02h22m33s_C6H9NO5_-H_-CH2O2_89,2021-07-30_02h22m33s,N-Acetylaspartic acid,C6H9NO5,-H,-CH2O2,89,0.0,0.0,0.0,0.0,0.01158082100344866,0.025754297391513404,0.0032602725162570656,0.0032602725162570656,0.0,18,0.0,-2.7298991680145264,0.0,0.0,126.07771301269531,2.6626157760620117,2.7298991680145264,0.0,0.0,0.0,-1.3492311836671433e-06,0.0,0.0,5.454046549857594e-05,1.3159767604520312e-06,1.3492311836671433e-06,0.0,0.0
2021-07-30_02h22m33s_C6H9NO5_+Cl_+C12H14N2_89,2021-07-30_02h22m33s,N-Acetylaspartic acid,C6H9NO5,+Cl,+C12H14N2,89,1.357545207321691,1.5155420536966053,0.11864406779661017,0.11864406779661017,0.09511625319835354,0.12504507753335736,0.07739603451636339,0.07739603451636339,1.3565137847094384,188,7.5536723136901855,2.5608911514282227,1337.0,21.32528305053711,8.5474214553833,4.9831390380859375,4.992781162261963,1.5126158051885286,0.8836335869862055,3.126761612293194e-06,8.164195151039166e-07,0.0005534368101507425,8.99186579772504e-06,3.881881639244966e-06,2.302715301993885e-06,2.3103420971892774e-06,0.0031195543744973217,0.00311467082879062
2021-07-30_02h22m33s_C6H9NO5_[M]-_+H2_89,2021-07-30_02h22m33s,N-Acetylaspartic acid,C6H9NO5,[M]-,+H2,89,0.7015941351127815,0.6762533781142389,0.20903954802259886,0.20903954802259886,0.2509734119479364,0.188484192811636,0.2879493949005085,0.2879493949005085,0.7015283658946266,189,15.462124824523926,-7.396170616149902,2736.796142578125,31.162723541259766,14.364319801330566,22.86339569091797,22.858295440673828,0.6764042603435614,1.076350894958271,7.2896532401500735e-06,-4.222566985845333e-06,0.0012902686139568686,1.4844719771645032e-05,7.206838290585438e-06,1.1495978469611146e-05,1.1512220225995407e-05,0.007206688257825887,0.007237493792756561
2021-07-30_02h22m33s_C6H9NO5_+Cl_+H2_89,2021-07-30_02h22m33s,N-Acetylaspartic acid,C6H9NO5,+Cl,+H2,89,1.5333346510279409,2.06638128433521,0.06779661016949153,0.06779661016949153,0.04376460117921904,0.05983291260968866,0.03421514254832823,0.03421514254832823,1.5386492473138413,189,4.265691757202148,2.2099475860595703,755.0274658203125,16.469573974609375,3.984302282333374,2.0633294582366943,2.055744171142578,2.074002113171148,1.0703558864560225,1.9463695934973657e-06,9.939062692865264e-07,0.00034450742532499135,7.655221452296246e-06,1.780134994078253e-06,9.534489890938858e-07,9.524633810542582e-07,0.0019445175117735825,0.0019429109497253816
2021-07-30_02h22m33s_C6H9NO5_[M]-_-CH2O2_89,2021-07-30_02h22m33s,N-Acetylaspartic acid,C6H9NO5,[M]-,-CH2O2,89,0.0,0.0,0.0,0.0,0.0034709088886416732,0.005559562447409545,0.0022502967911122137,0.0022502967911122137,0.0,100,0.0,-0.12584398686885834,0.0,0.0,0.3428068459033966,0.1276591420173645,0.12584398686885834,0.0,0.0,0.0,-6.019151044256432e-08,0.0,0.0,1.567579772654426e-07,6.057621249055956e-08,6.019151044256432e-08,0.0,0.0
2021-07-30_02h22m33s_C6H9NO5_+Cl_-H2_89,2021-07-30_02h22m33s,N-Acetylaspartic acid,C6H9NO5,+Cl,-H2,89,0.3798719365055134,1.5197693731429491,0.005649717514124294,0.005649717514124294,0.006474580042273891,0.009195816804904436,0.004872689902014636,0.004872689902014636,0.3799750143959215,140,0.4362468421459198,0.15036672353744507,77.21569061279297,5.787468433380127,0.5974134206771851,0.2860480546951294,0.28588011860847473,1.5206590274082263,0.7290057794028884,1.6927268120525696e-07,3.853341468129656e-08,2.9961263862787746e-05,2.245655878141406e-06,2.6300438094040146e-07,1.3041191948559572e-07,1.307392665239604e-07,0.00016925055351203202,0.00016922817345425993
2021-07-30_02h22m33s_C6H9NO5_+Cl_-H2O_89,2021-07-30_02h22m33s,N-Acetylaspartic acid,C6H9NO5,+Cl,-H2O,89,0.4448999314128701,0.7619724714023345,0.011299435028248588,0.011299435028248588,0.019790855490043387,0.027286933525664143,0.01539770009036625,0.01539770009036625,0.4479701976037997,187,0.6969093084335327,-0.2080020308494568,123.35295104980469,6.613989353179932,1.7054781913757324,0.9136121869087219,0.9049113392829895,0.7692908546493328,0.40839039839805796,3.315925880542636e-07,-9.091175456887868e-08,5.869189044460654e-05,3.462829681666335e-06,7.640563239874609e-07,4.256589534179511e-07,4.225043426231423e-07,0.0003314525479133967,0.00033133942607038817
2021-07-30_02h22m33s_C6H9NO5_[M]-_-CO2_89,2021-07-30_02h22m33s,N-Acetylaspartic acid,C6H9NO5,[M]-,-CO2,89,1.9111024310030884,12.420365960192552,0.022598870056497175,0.022598870056497175,0.0026143063744576704,0.0038466161798293066,0.001825043854209118,0.001825043854209118,1.9242913732171265,73,1.3133710622787476,1.213441252708435,232.4666748046875,8.64345932006836,0.2543394863605499,0.1047433465719223,0.09992975741624832,13.012723857664922,5.14362694543927,6.190580847942329e-07,5.721473712583247e-07,0.00010957328049698845,4.086037279193988e-06,1.1245561637451829e-07,4.8965929977384803e-08,4.691073129947654e-08,0.0006190290456890039,0.0006189884760636284
2021-07-30_02h22m33s_C6H9NO5_+Cl_-CO2_89,2021-07-30_02h22m33s,N-Acetylaspartic acid,C6H9NO5,+Cl,-CO2,89,1.0875789343713702,1.1142095181198186,0.8418079096045198,0.8418079096045198,0.7690176882856825,0.7771066233922347,0.7640200577635239,0.7640200577635239,1.0902721504647226,189,141.25845336914062,15.230316162109375,25002.74609375,78.74516296386719,124.10768127441406,126.778076171875,126.02813720703125,1.1208396447013025,1.1381835010945534,6.435595423681661e-05,1.7091952031478286e-06,0.011391003616154194,4.058059130329639e-05,6.139628385426477e-05,6.287769792834297e-05,6.264675903366879e-05,0.0605619446817299,0.06063329523174873
2021-07-30_02h22m33s_C6H9NO5_-H_-H2O_89,2021-07-30_02h22m33s,N-Acetylaspartic acid,C6H9NO5,-H,-H2O,89,3.5796751917506144,99.70512043508911,0.9548022598870056,0.8587570621468926,0.2581154744687952,0.2567616300036062,0.2567287417828729,0.2567287417828729,3.63284537836912,48,2269.837646484375,2247.6962890625,401761.25,3330.06005859375,22.193668365478516,22.764507293701172,22.141292572021484,102.5114106455486,102.26950045421133,0.0009336397633887827,0.0009224903769791126,0.16525423526763916,0.0012414735974743962,1.0794151421578135e-05,1.1411048035370186e-05,1.114936367230257e-05,0.923345053591272,0.9236695345691448
2021-07-30_02h22m33s_C6H9NO5_+Cl_-CH2O2_89,2021-07-30_02h22m33s,N-Acetylaspartic acid,C6H9NO5,+Cl,-CH2O2,89,0.9666829087962673,1.8004918235377294,0.022598870056497175,0.022598870056497175,0.015151852263878073,0.01812116840966462,0.013377748640076546,0.013377748640076546,0.9692373748538665,179,1.4473470449447632,0.6500154137611389,256.180419921875,9.78353500366211,1.1102632284164429,0.8028620481491089,0.7973316311836243,1.8129646733386904,1.3024340299707766,6.152572495921049e-07,2.36678062037754e-07,0.00010890053090406582,4.326128419052111e-06,5.245278202892223e-07,3.801703485351027e-07,3.7857918755435094e-07,0.0006150244141490702,0.0006149346992346951
2021-07-30_02h22m33s_C6H9NO5_-H_-H2_89,2021-07-30_02h22m33s,N-Acetylaspartic acid,C6H9NO5,-H,-H2,89,1.002516091850155,1.6667878868750559,0.03954802259887006,0.03954802259887006,0.04621203693403048,0.07467844692871739,0.029448765880539362,0.029448765880539362,1.0048468247636244,187,3.026918888092041,1.2173672914505005,535.7646484375,15.570401191711426,5.223880290985107,1.8150192499160767,1.8095515966415405,1.6718213906230486,0.5793278926054286,1.3798071449855343e-06,4.6770009021201986e-07,0.0002442258701194078,7.143965831346577e-06,2.6591578716761433e-06,9.123852464654192e-07,9.121070547735144e-07,0.00137854976002406,0.0013761477508612422
2021-07-30_02h22m33s_C6H9NO5_[M]-_-H2O_89,2021-07-30_02h22m33s,N-Acetylaspartic acid,C6H9NO5,[M]-,-H2O,89,0.9770505139374517,1.4458425425261507,0.022598870056497175,0.022598870056497175,0.014951607520302591,0.018000961654044956,0.013129684426883073,0.013129684426883073,0.9822476834088273,165,1.3461393117904663,0.41703927516937256,238.26666259765625,8.899737358093262,1.1822943687438965,0.9300414323806763,0.9291000366210938,1.447305944294742,1.1376199763541806,6.527812388412713e-07,1.240031792804075e-07,0.00011554227967280895,4.378804987936746e-06,5.378135483624646e-07,5.271629106573528e-07,5.287780595608638e-07,0.0006524362448697219,0.0006524303529580875
2021-07-30_02h22m33s_C6H9NO5_+Cl_-CH2O3_89,2021-07-30_02h22m33s,N-Acetylaspartic acid,C6H9NO5,+Cl,-CH2O3,89,0.7106030319415247,0.7934081490494702,0.05084745762711865,0.05084745762711865,0.06476804983869174,0.0702909003485996,0.06155536261672307,0.06155536261672307,0.7135698394737928,189,3.10710072517395,-0.7928245067596436,549.9568481445312,13.603046417236328,4.505818843841553,3.915144205093384,3.8999252319335938,0.7965035319669114,0.6894221473800128,1.2791836070391582e-06,-5.556211135626654e-07,0.00022641549003310502,5.764947673014831e-06,2.0827380922128214e-06,1.8398816337139579e-06,1.8348047206018236e-06,0.0012768408534138572,0.0012765249399211249
2021-07-30_02h22m33s_C6H9NO5_[M]-__89,2021-07-30_02h22m33s,N-Acetylaspartic acid,C6H9NO5,[M]-,,89,0.0,0.0,0.0,0.0,0.007842919123373012,0.008624834715711023,0.007406488651062247,0.007406488651062247,0.0,2,0.0,-3.3165836334228516,0.0,0.0,34.295284271240234,3.234840154647827,3.3165836334228516,0.0,0.0,0.0,-1.641375092731323e-06,0.0,0.0,1.3794174265058246e-05,1.600920086275437e-06,1.641375092731323e-06,0.0,0.0
2021-07-30_02h22m33s_C6H9NO5_[M]-_-CH2O3_89,2021-07-30_02h22m33s,N-Acetylaspartic acid,C6H9NO5,[M]-,-CH2O3,89,0.0,0.0,0.0,0.0,0.0008232283902547558,0.0012321192451015747,0.0005847227882417563,0.0005847227882417563,0.0,19,0.0,-0.034734584391117096,0.0,0.0,0.09246928244829178,0.03502437472343445,0.034734584391117096,0.0,0.0,0.0,-1.6936912317078168e-08,0.0,0.0,4.0790112620925356e-08,1.6928037638308524e-08,1.6936912317078168e-08,0.0,0.0
2021-07-30_02h22m33s_C37H66N7O17P3S_-H__52,2021-07-30_02h22m33s,Palmitoyl-CoA,C37H66N7O17P3S,-H,,52,51.79385538730197,847437.2397095502,0.519774011299435,0.4971751412429379,0.0011347202135943931,0.00024041351123933166,3.5437744741924624e-05,3.5437744741924624e-05,51.88316747185231,1,14235.3759765625,14235.3681640625,2519661.5,22515.416015625,0.12057338654994965,0.01579814776778221,0.008096916601061821,1564857.258876145,117092.86366481001,0.005414136685431004,0.005414131563156843,0.9583021998405457,0.007836459204554558,4.249148588542084e-08,7.568729643026018e-09,5.204038533435096e-09,5.414108510201692,5.413906640493404
2021-07-30_02h22m33s_C37H66N7O17P3S_[M]-_-H2_52,2021-07-30_02h22m33s,Palmitoyl-CoA,C37H66N7O17P3S,[M]-,-H2,52,36.72886516454229,1399.1118172894385,0.4011299435028249,0.4011299435028249,0.004761375013905885,0.009165765115999518,0.0009213813632900402,0.0009213813632900402,36.712344874129016,97,81.20917510986328,81.15166473388672,14374.0244140625,128.33351135253906,0.7583698630332947,0.05704337731003761,0.05750855803489685,1387.9879770994676,106.94284704093222,3.090135578531772e-05,3.0876792152412236e-05,0.005469540134072304,4.595281643560156e-05,3.160505741561792e-07,2.4311203716820273e-08,2.4564521083902946e-08,0.030900596726957913,0.030891592479777887
2021-07-30_02h22m33s_C37H66N7O17P3S_-H_-H2_52,2021-07-30_02h22m33s,Palmitoyl-CoA,C37H66N7O17P3S,-H,-H2,52,28.91159630488712,490.5632125199942,0.4689265536723164,0.4689265536723164,0.014829235732562021,0.027016468325519894,0.006219324202207771,0.006219324202207771,28.92531559310134,175,188.12521362304688,187.74497985839844,33298.1640625,301.768798828125,2.3767776489257812,0.3824882209300995,0.3802374601364136,493.4594138669697,79.11808478309021,7.147415453800932e-05,7.130990707082674e-05,0.012650925666093826,0.00010446065425639972,1.0045913541034679e-06,1.6495410193329008e-07,1.6424883142462932e-07,0.0714624169195395,0.07140242427991568
2021-07-30_02h22m33s_C37H66N7O17P3S_+Cl_-H2O_52,2021-07-30_02h22m33s,Palmitoyl-CoA,C37H66N7O17P3S,+Cl,-H2O,52,1.672957264029974,6.870435428166334,0.022598870056497175,0.022598870056497175,0.011536322171542997,0.02509316023560524,0.0035083367294505377,0.0035083367294505377,1.6733217509489517,161,1.5571287870407104,1.3317779302597046,275.6117858886719,10.276719093322754,2.207094669342041,0.22564193606376648,0.22535081207752228,6.879271926391029,0.7051911354437975,6.542198320858006e-07,5.553598612095811e-07,0.00011579690908547491,4.402637841849355e-06,9.384571058035363e-07,9.836836767362911e-08,9.885996377079209e-08,0.0006541551623301522,0.0006536064504679599
2021-07-30_02h22m33s_C37H66N7O17P3S_[M]-_-H3PO4_52,2021-07-30_02h22m33s,Palmitoyl-CoA,C37H66N7O17P3S,[M]-,-H3PO4,52,21.468920701286688,100.57583044452844,0.3672316384180791,0.3672316384180791,0.011525197463566582,0.01712946267580238,0.007105267820755887,0.007105267820755887,21.450741102105496,162,43.780662536621094,43.345027923583984,7749.17724609375,71.23851776123047,1.2490047216415405,0.434300035238266,0.4356347322463989,100.26839209830672,35.02439773117587,1.697172956482973e-05,1.6779935322119854e-05,0.0030039960984140635,2.745326310105156e-05,5.676274668076076e-07,1.9107653770333854e-07,1.9179346111286577e-07,0.016968475122256223,0.016962101410174537
2021-07-30_02h22m33s_C37H66N7O17P3S_+Cl_-CH2O2_52,2021-07-30_02h22m33s,Palmitoyl-CoA,C37H66N7O17P3S,+Cl,-CH2O2,52,2.290145257871119,6.11439925001191,0.03389830508474576,0.03389830508474576,0.014417621537434642,0.03062267099410987,0.004801814412530786,0.004801814412530786,2.30535942260917,174,1.9625568389892578,1.6491483449935913,347.37255859375,10.490467071533203,2.7171640396118164,0.319972962141037,0.3134085237979889,6.2420599011820155,0.7220155996433285,6.826427920714195e-07,5.473615374285146e-07,0.00012082777539035305,3.722375367942732e-06,1.164921400231833e-06,1.373730071918544e-07,1.3528126885375968e-07,0.000682550455779705,0.0006818484921711735
2021-07-30_02h22m33s_C37H66N7O17P3S_+Cl__52,2021-07-30_02h22m33s,Palmitoyl-CoA,C37H66N7O17P3S,+Cl,,52,2.35788683839407,10.156410815199289,0.03389830508474576,0.03389830508474576,0.010701969073311826,0.021306647433585766,0.004376561475627691,0.004376561475627691,2.3548069360265615,159,2.810967206954956,2.534482955932617,497.54119873046875,15.51204776763916,1.744629979133606,0.2757677733898163,0.27648428082466125,10.130185387802815,1.6102881140653302,1.153873540715722e-06,1.0376418231317075e-06,0.00020423562091309577,6.260225291043753e-06,7.419008625220158e-07,1.155628197579972e-07,1.1623168916230497e-07,0.0011537394396318003,0.0011530181155812685
2021-07-30_02h22m33s_C37H66N7O17P3S_-H_+HCl_52,2021-07-30_02h22m33s,Palmitoyl-CoA,C37H66N7O17P3S,-H,+HCl,52,2.35788683839407,10.156410815199289,0.03389830508474576,0.03389830508474576,0.010701969073311826,0.021306647433585766,0.004376561475627691,0.004376561475627691,2.3548069360265615,159,2.810967206954956,2.534482955932617,497.54119873046875,15.51204776763916,1.744629979133606,0.2757677733898163,0.27648428082466125,10.130185387802815,1.6102881140653302,1.153873540715722e-06,1.0376418231317075e-06,0.00020423562091309577,6.260225291043753e-06,7.419008625220158e-07,1.155628197579972e-07,1.1623168916230497e-07,0.0011537394396318003,0.0011530181155812685
2021-07-30_02h22m33s_C37H66N7O17P3S_+Cl_-HPO3_52,2021-07-30_02h22m33s,Palmitoyl-CoA,C37H66N7O17P3S,+Cl,-HPO3,52,1.005454578170321,2.0918468029776562,0.01694915254237288,0.01694915254237288,0.015040605184113917,0.02890972472652963,0.0068572036075624145,0.0068572036075624145,1.0125940674471734,174,0.9441674947738647,0.5007436275482178,167.11764526367188,7.223001480102539,2.184084892272949,0.4503559470176697,0.443423867225647,2.124475223772092,0.4320964819777466,3.4509002944105305e-07,1.4992779995282035e-07,6.108093657530844e-05,2.6382424493931467e-06,9.2448198074635e-07,1.9760550173941738e-07,1.951622294882327e-07,0.0003450226940428596,0.0003447712945917244
2021-07-30_02h22m33s_C37H66N7O17P3S_+Cl_-CH2O3_52,2021-07-30_02h22m33s,Palmitoyl-CoA,C37H66N7O17P3S,+Cl,-CH2O3,52,2.017467085391983,3.8570684903409007,0.04519774011299435,0.04519774011299435,0.02064745800422739,0.03449933886284409,0.012403210659673619,0.012403210659673619,2.0337837943912476,186,3.078099250793457,2.293240547180176,544.8235473632812,14.368682861328125,2.728364944458008,0.797041118144989,0.7848588228225708,3.916860333434753,1.127771226432565,1.2716683386315708e-06,9.29619830003503e-07,0.00022508529946208,6.024394679116085e-06,1.1634645034064306e-06,3.455498074345087e-07,3.420485086280678e-07,0.0012712335151036115,0.0012701905170524168
2021-07-30_02h22m33s_C37H66N7O17P3S_+Cl_-NH3_52,2021-07-30_02h22m33s,Palmitoyl-CoA,C37H66N7O17P3S,+Cl,-NH3,52,1.5853610919235266,23.915945806752937,0.01694915254237288,0.01694915254237288,0.003270664145066192,0.007573025604038947,0.0006910360224675301,0.0006910360224675301,1.5827986713897453,85,1.1173590421676636,1.0704936981201172,197.77255249023438,8.563799858093262,0.6026514172554016,0.04572025313973427,0.046865373849868774,23.343785962526788,1.851000445336344,3.2534225624658575e-07,3.0419855079344416e-07,5.7585577451391146e-05,2.487721985744429e-06,2.7071050112681405e-07,2.062708404082514e-08,2.114371433492579e-08,0.00032533537744830194,0.00032525420651734584
2021-07-30_02h22m33s_C37H66N7O17P3S_-H_-CO2_52,2021-07-30_02h22m33s,Palmitoyl-CoA,C37H66N7O17P3S,-H,-CO2,52,1.005454578170321,2.0918468029776562,0.01694915254237288,0.01694915254237288,0.015040605184113917,0.02890972472652963,0.0068572036075624145,0.0068572036075624145,1.0125940674471734,174,0.9441674947738647,0.5007436275482178,167.11764526367188,7.223001480102539,2.184084892272949,0.4503559470176697,0.443423867225647,2.124475223772092,0.4320964819777466,3.4509002944105305e-07,1.4992779995282035e-07,6.108093657530844e-05,2.6382424493931467e-06,9.2448198074635e-07,1.9760550173941738e-07,1.951622294882327e-07,0.0003450226940428596,0.0003447712945917244
2021-07-30_02h22m33s_C37H66N7O17P3S_+Cl_+HCl_52,2021-07-30_02h22m33s,Palmitoyl-CoA,C37H66N7O17P3S,+Cl,+HCl,52,1.2850589384766962,5.0197766209208,0.01694915254237288,0.01694915254237288,0.009111135832684391,0.019112874143526866,0.003189397026773216,0.003189397026773216,1.2932543039967377,141,1.0479671955108643,0.8456903100013733,185.49020385742188,8.009296417236328,1.5323150157928467,0.20776769518852234,0.20227687060832977,5.155368598378655,0.6834650314625539,4.197059411126247e-07,3.323326609461219e-07,7.42879492463544e-05,3.218755182388122e-06,6.583150593542086e-07,8.943305118691569e-08,8.737327306107545e-08,0.000419669273234619,0.000419429824143049
2021-07-30_02h22m33s_C37H66N7O17P3S_[M]-_+H2_52,2021-07-30_02h22m33s,Palmitoyl-CoA,C37H66N7O17P3S,[M]-,+H2,52,0.0,0.0,0.0,0.0,0.0069418177772833465,0.013703570140641904,0.0029767705583216685,0.0029767705583216685,0.0,133,0.0,-0.17464934289455414,0.0,0.0,1.9272985458374023,0.17890100181102753,0.17464934289455414,0.0,0.0,0.0,-7.529524026494983e-08,0.0,0.0,7.076820338625112e-07,7.708833038577723e-08,7.529524026494983e-08,0.0,0.0
2021-07-30_02h22m33s_C37H66N7O17P3S_-H_-CH2O2_52,2021-07-30_02h22m33s,Palmitoyl-CoA,C37H66N7O17P3S,-H,-CH2O2,52,1.2342262978202687,2.414840675482297,0.022598870056497175,0.022598870056497175,0.01714317499165647,0.032095203750450774,0.008310151141981324,0.008310151141981324,1.230005128186225,178,1.3412208557128906,0.7820062041282654,237.39608764648438,8.851607322692871,2.514944076538086,0.5544075965881348,0.5592146515846252,2.394119560991681,0.5330885007421935,4.4789265984945814e-07,2.029805443726218e-07,7.927700062282383e-05,3.0197609248716617e-06,1.0793374940476497e-06,2.422836189452937e-07,2.4491211547683633e-07,0.00044778299236952236,0.0004474097537270579
2021-07-30_02h22m33s_C37H66N7O17P3S_+Cl_+C12H14N2_52,2021-07-30_02h22m33s,Palmitoyl-CoA,C37H66N7O17P3S,+Cl,+C12H14N2,52,1.1417650270758763,1.4900813023693402,0.05084745762711865,0.05084745762711865,0.03835799310268106,0.04477701646832552,0.03453408225100554,0.03453408225100554,1.1456794220094693,189,3.3458733558654785,1.1107709407806396,592.2196044921875,14.53581714630127,3.121077537536621,2.2444300651550293,2.235102415084839,1.4962970091593657,1.071681697727929,1.4236285323931952e-06,4.5614967802976025e-07,0.0002519822446629405,6.200961252034176e-06,1.3452938674163306e-06,9.698443363959086e-07,9.67478854363435e-07,0.0014222525331418156,0.0014217159067026997
2021-07-30_02h22m33s_C37H66N7O17P3S_+Cl_-CO2_52,2021-07-30_02h22m33s,Palmitoyl-CoA,C37H66N7O17P3S,+Cl,-CO2,52,1.1028273078777204,3.3900146254854038,0.01694915254237288,0.01694915254237288,0.012114806986316609,0.023530472412549585,0.00536881832840158,0.00536881832840158,1.0997035526149168,173,1.1719508171081543,0.8242943286895752,207.43528747558594,8.998557090759277,1.8628795146942139,0.3447067141532898,0.3476564884185791,3.3613337368934038,0.6287696215709648,4.238084159169375e-07,2.765552267192106e-07,7.501408981624991e-05,3.286309265604359e-06,7.91187119375536e-07,1.4596480468753725e-07,1.472532034085816e-07,0.0004237460179583615,0.00042347336924179486
2021-07-30_02h22m33s_C37H66N7O17P3S_[M]-_-CH2O2_52,2021-07-30_02h22m33s,Palmitoyl-CoA,C37H66N7O17P3S,[M]-,-CH2O2,52,0.0,0.0,0.0,0.0,0.004605629102236066,0.00982690227190768,0.001541541896273721,0.001541541896273721,0.0,117,0.0,-0.09585300087928772,0.0,0.0,0.9333407282829285,0.09351089596748352,0.09585300087928772,0.0,0.0,0.0,-4.0822996538736334e-08,0.0,0.0,3.9726327827338537e-07,3.982551888270791e-08,4.0822996538736334e-08,0.0,0.0
2021-07-30_02h22m33s_C37H66N7O17P3S_-H_+C12H14N2_52,2021-07-30_02h22m33s,Palmitoyl-CoA,C37H66N7O17P3S,-H,+C12H14N2,52,7.12264477370455,18.779715626360243,0.3050847457627119,0.3050847457627119,0.03603292913561019,0.04002884962134872,0.032833070503393166,0.032833070503393166,7.130878990398709,188,39.8932991027832,37.776580810546875,7061.11376953125,72.84963989257812,2.718170166015625,2.1232759952545166,2.1167187690734863,18.837864444218315,14.671130038631782,1.4963704416004475e-05,1.4040670976100955e-05,0.002648575697094202,2.5657167498138733e-05,1.1716554126905976e-06,9.229682405020867e-07,9.230336104337766e-07,0.014949905151077234,0.014946192628512163
2021-07-30_02h22m33s_C37H66N7O17P3S_[M]-_-CH2O3_52,2021-07-30_02h22m33s,Palmitoyl-CoA,C37H66N7O17P3S,[M]-,-CH2O3,52,0.9715651457093796,7.90936109679057,0.011299435028248588,0.011299435028248588,0.004027144287462454,0.00805385262651761,0.0016301362581285328,0.0016301362581285328,0.9711890689458159,99,0.7856874465942383,0.6871167421340942,139.06668090820312,7.511679172515869,0.5888089537620544,0.09833639860153198,0.09857070446014404,7.890749099889432,1.3321049834574175,2.5912109435921593e-07,2.176141151721822e-07,4.5864435378462076e-05,2.524402816561633e-06,2.4963566147562233e-07,4.135936393367956e-08,4.150697563432004e-08,0.00025911033947266884,0.0002590564246372921
2021-07-30_02h22m33s_C37H66N7O17P3S_+Cl_-H2_52,2021-07-30_02h22m33s,Palmitoyl-CoA,C37H66N7O17P3S,+Cl,-H2,52,14.594263730409853,87.79548400012018,0.20903954802259886,0.20903954802259886,0.010835465569028813,0.020825820411107105,0.004323404858514804,0.004323404858514804,14.650703219313435,154,23.750749588012695,23.485820770263672,4203.8828125,51.788169860839844,1.6539276838302612,0.26952359080314636,0.2649295926094055,89.31217227447694,14.351533193911274,8.820885341265239e-06,8.706202606845181e-06,0.0015612966381013393,1.8699631255003624e-05,7.025295758467109e-07,1.160238625175225e-07,1.1468317495655356e-07,0.00881987385012939,0.00881469275890011
2021-07-30_02h22m33s_C37H66N7O17P3S_[M]-_-HPO3_52,2021-07-30_02h22m33s,Palmitoyl-CoA,C37H66N7O17P3S,[M]-,-HPO3,52,30.307647793811782,1487.6632085764072,0.5141242937853108,0.4971751412429379,0.012003559906552453,0.01788075489842529,0.006963516841788189,0.006963516841788189,30.483809006474015,140,522.1695556640625,521.8244018554688,92424.015625,850.0646362304688,1.0690902471542358,0.3499998450279236,0.345132976770401,1508.5807787982915,487.96777379543806,0.0001989777374546975,0.00019882232300005853,0.03521905839443207,0.0002954759693238884,4.550757068955136e-07,1.5743161441150733e-07,1.554206505716138e-07,0.1989468170109685,0.19888722870850048
2021-07-30_02h22m33s_C37H66N7O17P3S_[M]-_-NH3_52,2021-07-30_02h22m33s,Palmitoyl-CoA,C37H66N7O17P3S,[M]-,-NH3,52,3.0877669454595,7.369331841319992,0.05084745762711865,0.05084745762711865,0.014996106352208254,0.02927034499338863,0.006467388415401244,0.006467388415401244,3.1017298433755442,177,3.1959235668182373,2.766798496246338,565.678466796875,13.912163734436035,2.350135564804077,0.43267887830734253,0.42912495136260986,7.430221280336666,1.359310630429155,1.4598128927900689e-06,1.2769933164236136e-06,0.00025838689180091023,6.49285993858939e-06,1.0047936029877746e-06,1.8384682221039839e-07,1.8281954794474586e-07,0.0014595460592393141,0.001458347554496378
2021-07-30_02h22m33s_C37H66N7O17P3S_+Cl_+H2_52,2021-07-30_02h22m33s,Palmitoyl-CoA,C37H66N7O17P3S,+Cl,+H2,52,0.3026981092537596,0.9289367161854466,0.005649717514124294,0.005649717514124294,0.015963955946156412,0.02839884601514605,0.008664528589400571,0.008664528589400571,0.30449122623059904,171,0.49418410658836365,-0.028286069631576538,87.47058868408203,6.556092739105225,3.361503839492798,0.5309889912605286,0.5224701762199402,0.9440539863358486,0.14696908321237984,3.2077443279376894e-07,9.465713901590789e-08,5.677707304130308e-05,4.255553449183935e-06,1.286321776206023e-06,2.284556472886834e-07,2.2611729377786105e-07,0.00032070191654429055,0.00032036234373474654
2021-07-30_02h22m33s_C37H66N7O17P3S_[M]-_-CO2_52,2021-07-30_02h22m33s,Palmitoyl-CoA,C37H66N7O17P3S,[M]-,-CO2,52,0.4605241523240937,2.150218676927877,0.005649717514124294,0.005649717514124294,0.005428857492490822,0.010788556316865008,0.002268015663483176,0.002268015663483176,0.4631795867843822,113,0.3032679855823517,0.16740383207798004,53.67843246459961,4.023304462432861,0.785237729549408,0.1400405317544937,0.13586415350437164,2.21583210663459,0.3857204687393395,1.1699097512973822e-07,5.729454954916946e-08,2.0707402654807083e-05,1.5520607803409803e-06,3.400085972771194e-07,6.113133821372685e-08,5.969642558056876e-08,0.00011698399160358933,0.00011695121071263394
2021-07-30_02h22m33s_C37H66N7O17P3S_[M]-_+HCl_52,2021-07-30_02h22m33s,Palmitoyl-CoA,C37H66N7O17P3S,[M]-,+HCl,52,4.145188843715265,48.858907827299795,0.04519774011299435,0.04519774011299435,0.004060518411391701,0.009195816804904436,0.0009036624909190779,0.0009036624909190779,4.1573343164510055,101,2.7462944984436035,2.692838430404663,486.0941467285156,12.697468757629395,0.7052851915359497,0.05520867556333542,0.0534561462700367,50.43130457350582,3.8883648296112097,1.084624273062218e-06,1.062494106918166e-06,0.0001919784990604967,5.077437435829779e-06,2.9740095897068386e-07,2.2759669704441876e-08,2.2130134169628946e-08,0.0010846002707127066,0.001084301800666886
2021-07-30_02h22m33s_C5H5N5_-H__90,2021-07-30_02h22m33s,Adenine,C5H5N5,-H,,90,62.408452968794336,3384.4439480639653,0.847457627118644,0.576271186440678,0.014962732228279008,0.029841327082582043,0.003579212218934387,0.003579212218934387,63.02458083263463,13,16065.9208984375,16061.3056640625,2843668.0,32512.578125,188.8573455810547,4.745989799499512,4.615664482116699,3479.984512773477,85.06863093080675,0.00669445563107729,0.006692245602607727,1.1849186420440674,0.011987423524260521,7.68555182730779e-05,2.280475655425107e-06,2.210083039244637e-06,6.679692954970148,6.216670219430174
2021-07-30_02h22m33s_C5H5N5_-H_+H2_90,2021-07-30_02h22m33s,Adenine,C5H5N5,-H,+H2,90,22.466903817760397,355.37606928227575,0.4519774011299435,0.4519774011299435,0.016375570141283793,0.02467243659093641,0.010117476123819481,0.010117476123819481,22.728531818125365,129,197.5709228515625,197.03038024902344,34970.0546875,447.77532958984375,4.800802230834961,0.5549488663673401,0.540547251701355,364.8267482308565,41.14516036975723,7.730885408818722e-05,7.704585004830733e-05,0.013683667406439781,0.0001586512225912884,1.912533889480983e-06,2.6891092375080916e-07,2.630015956128773e-07,0.07728852708224201,0.07716128052422888
2021-07-30_02h22m33s_C5H5N5_+Cl_+HCl_90,2021-07-30_02h22m33s,Adenine,C5H5N5,+Cl,+HCl,90,0.0,0.0,0.0,0.0,0.0036600289242407387,0.005138838802740714,0.0027995818346120455,0.0027995818346120455,0.0,63,0.0,-0.27784299850463867,0.0,0.0,0.44552987813949585,0.2714036703109741,0.27784299850463867,0.0,0.0,0.0,-1.2001788718407624e-07,0.0,0.0,1.8367701670740644e-07,1.1723631132554146e-07,1.2001788718407624e-07,0.0,0.0
2021-07-30_02h22m33s_C5H5N5_[M]-_+H2_90,2021-07-30_02h22m33s,Adenine,C5H5N5,[M]-,+H2,90,0.39788500610783134,1.2030077619877555,0.005649717514124294,0.005649717514124294,0.006329958838580487,0.009947109027527348,0.004199372751918068,0.004199372751918068,0.39916348644242294,114,0.2925002872943878,0.05400553345680237,51.77254867553711,3.8804543018341064,0.8315693140029907,0.24214081466197968,0.23849475383758545,1.221322315447245,0.3513224453205551,1.142675571941254e-07,-3.191097164290113e-09,2.0225357729941607e-05,1.5159303075051866e-06,3.4987920116691384e-07,1.1818623590897914e-07,1.1745865435841552e-07,0.00011425413705693181,0.00011422759133571763
2021-07-30_02h22m33s_C5H5N5_[M]-_+C12H14N2_90,2021-07-30_02h22m33s,Adenine,C5H5N5,[M]-,+C12H14N2,90,1.2578683111093336,1.5225042693635529,0.2711864406779661,0.2711864406779661,0.2059183446434531,0.20612453419882198,0.20559207612027572,0.20559207612027572,1.2585126963089202,189,20.615665435791016,7.082846641540527,3648.97265625,36.131690979003906,14.183629035949707,13.539628982543945,13.532818794250488,1.523270390213077,1.453380654759628,9.287197826779447e-06,2.850489181582816e-06,0.0016438339371234179,1.6356087144231424e-05,6.694142030028161e-06,6.426174422813347e-06,6.4367086451966316e-06,0.009227801159281346,0.009225441411679958
2021-07-30_02h22m33s_C5H5N5_+Cl_+H2_90,2021-07-30_02h22m33s,Adenine,C5H5N5,+Cl,+H2,90,1.0348998177898605,1.5837652193767993,0.864406779661017,0.4576271186440678,0.8322394037156524,0.8439115278278639,0.8252564806775696,0.8252564806775696,1.032714586266951,189,180.21270751953125,66.11518096923828,31897.6484375,233.29627990722656,135.82749938964844,113.78651428222656,114.09752655029297,1.5794481573791062,1.3267665352214393,7.858895696699619e-05,2.194606713601388e-05,0.013910245150327682,7.075546454871073e-05,6.589995609829202e-05,5.6403001508442685e-05,5.664288983098231e-05,0.07437608081531412,0.07373014373194055
2021-07-30_02h22m33s_C5H5N5_[M]-_-NH3_90,2021-07-30_02h22m33s,Adenine,C5H5N5,[M]-,-NH3,90,0.8353095470736492,0.9934916058621421,0.11299435028248588,0.11299435028248588,0.11803315162976973,0.10578194494530592,0.12527242766270355,0.12527242766270355,0.840396899841097,189,8.472183227539062,0.006716728210449219,1499.576416015625,25.40120506286621,7.093392372131348,8.526684761047363,8.465466499328613,1.0006752200827704,1.1942084371904833,4.449215339263901e-06,3.230861693737097e-07,0.0007875111186876893,1.3707361176784616e-05,3.515598791636876e-06,4.151725988776889e-06,4.126129169890191e-06,0.0044309327384419945,0.004433628480335865
2021-07-30_02h22m33s_C5H5N5_+Cl__90,2021-07-30_02h22m33s,Adenine,C5H5N5,+Cl,,90,3.721294385625857,10.063862316675651,0.3502824858757062,0.3502824858757062,0.0871732117031928,0.09093641062627719,0.08412920601732905,0.08412920601732905,3.7450808941781415,189,57.75380325317383,52.03652572631836,10222.4228515625,146.9020538330078,5.900954246520996,5.737731456756592,5.717278003692627,10.099859296081585,9.785538965710849,2.4152677724487148e-05,2.1468833438120782e-05,0.004275023937225342,5.3640062105841935e-05,2.7962198601017008e-06,2.691532472454128e-06,2.6838447411137167e-06,0.02408802919401101,0.024085329846832336
2021-07-30_02h22m33s_C5H5N5_-H_+HCl_90,2021-07-30_02h22m33s,Adenine,C5H5N5,-H,+HCl,90,3.721294385625857,10.063862316675651,0.3502824858757062,0.3502824858757062,0.0871732117031928,0.09093641062627719,0.08412920601732905,0.08412920601732905,3.7450808941781415,189,57.75380325317383,52.03652572631836,10222.4228515625,146.9020538330078,5.900954246520996,5.737731456756592,5.717278003692627,10.099859296081585,9.785538965710849,2.4152677724487148e-05,2.1468833438120782e-05,0.004275023937225342,5.3640062105841935e-05,2.7962198601017008e-06,2.691532472454128e-06,2.6838447411137167e-06,0.02408802919401101,0.024085329846832336
2021-07-30_02h22m33s_C5H5N5_+Cl_-H2_90,2021-07-30_02h22m33s,Adenine,C5H5N5,+Cl,-H2,90,0.6081544686703991,0.6878559727232505,0.04519774011299435,0.04519774011299435,0.0670263655579041,0.07173338141603558,0.0643195067065932,0.0643195067065932,0.6091759299925593,189,5.299656391143799,-2.354084014892578,938.0391845703125,26.54970932006836,8.3665189743042,7.703601837158203,7.653740406036377,0.6923365274365927,0.6333605465871671,2.4642911284900038e-06,-1.1842344065371435e-06,0.0004361795145086944,1.2725601663987618e-05,3.9171927710413e-06,3.664907808342832e-06,3.6485255350271473e-06,0.0024553327841301156,0.0024546756906194582
2021-07-30_02h22m33s_C5H5N5_[M]-_+HCl_90,2021-07-30_02h22m33s,Adenine,C5H5N5,[M]-,+HCl,90,4.730785975669873,8.052860850812916,0.4293785310734463,0.4293785310734463,0.14285237512515297,0.24663421084264936,0.08076262026684622,0.08076262026684622,4.74250324856861,188,42.882354736328125,37.563228607177734,7590.1767578125,58.688453674316406,24.051284790039062,5.324108123779297,5.319126129150391,8.060401895617522,1.782880716350377,1.8496919437893666e-05,1.6051946658990346e-05,0.0032739548478275537,2.4627192033221945e-05,1.0762074452941306e-05,2.443698349452461e-06,2.4449734610243468e-06,0.01845180526371589,0.01829997375782508
2021-07-30_02h22m33s_C5H5N5_-H_-NH3_90,2021-07-30_02h22m33s,Adenine,C5H5N5,-H,-NH3,90,1.9429890751313488,3.1598221820680683,0.3446327683615819,0.3446327683615819,0.1728668372455223,0.18127178747445608,0.16737246841611,0.16737246841611,1.950784901877411,189,43.75828170776367,29.972368240356445,7745.2158203125,83.30986785888672,15.154329299926758,13.847336769104004,13.785913467407227,3.1738997862871825,2.8873197567521776,1.8488548448658548e-05,1.2127571608289145e-05,0.0032724731136113405,3.2787469535833225e-05,6.892711098771542e-06,6.374008989951108e-06,6.3609763856220525e-06,0.01837168658413283,0.018361984593654394
2021-07-30_02h22m33s_C5H5N5_-H_+C12H14N2_90,2021-07-30_02h22m33s,Adenine,C5H5N5,-H,+C12H14N2,90,2.4309674890087356,3.5335462515327336,0.4632768361581921,0.4632768361581921,0.18480364890421627,0.19049765596826543,0.18057302833247693,0.18057302833247693,2.426535392427665,189,46.78294372558594,33.518211364746094,8280.5810546875,62.62853240966797,14.001355171203613,13.23865795135498,13.264732360839844,3.526600903217992,3.341076779840357,2.066592605842743e-05,1.4265637219068594e-05,0.0036578690633177757,2.6959127353620715e-05,6.697853677906096e-06,6.376956662279554e-06,6.4002883846114855e-06,0.020534499340812615,0.020528429640458448
2021-07-30_02h22m33s_C5H5N5_[M]-_-H2_90,2021-07-30_02h22m33s,Adenine,C5H5N5,[M]-,-H2,90,4.147774988265394,12.56655448892139,0.4293785310734463,0.4293785310734463,0.09241294916008455,0.08874263733621829,0.09352020837393908,0.09352020837393908,4.17019021923616,189,76.55958557128906,70.50370025634766,13551.046875,149.0455322265625,6.513088703155518,6.091329097747803,6.0558857917785645,12.640090667585106,11.752923403422876,3.190099596395157e-05,2.8904312785016373e-05,0.005646476522088051,5.627595601254143e-05,3.0947851428209106e-06,3.0119845177978277e-06,2.9966840884299017e-06,0.031805684375661405,0.03180257383095606
2021-07-30_02h22m33s_C5H5N5_-H_-H2_90,2021-07-30_02h22m33s,Adenine,C5H5N5,-H,-H2,90,3.9923534101707854,8.702261733413375,0.23728813559322035,0.23728813559322035,0.05329847591500723,0.05887125856473134,0.04943565391498485,0.04943565391498485,4.029663901598022,184,29.85922622680664,26.4622859954834,5285.0830078125,73.91728973388672,4.123161315917969,3.4302029609680176,3.3969404697418213,8.787448306613616,7.240072329750874,1.2832089851144701e-05,1.1160635949636344e-05,0.002271279925480485,2.8901147743454203e-05,2.0153975128778256e-06,1.6862298934938735e-06,1.6714535604478442e-06,0.012810677398794736,0.012806280106069712
2021-07-30_02h22m33s_C5H5N5_[M]-__90,2021-07-30_02h22m33s,Adenine,C5H5N5,[M]-,,90,0.32294072962992354,0.5272501924277834,0.022598870056497175,0.022598870056497175,0.05606852820113472,0.04961533838201707,0.05997838297570743,0.05997838297570743,0.3232380301805606,188,2.0045199394226074,-1.7856695652008057,354.8000183105469,13.798332214355469,4.143050670623779,3.8008382320404053,3.790189504623413,0.5287311375435243,0.48371028704648505,1.0390424449724378e-06,-8.765598522586515e-07,0.0001839105098042637,7.675557753827889e-06,1.9243484530306887e-06,1.9166313904861454e-06,1.9156022972310893e-06,0.0010370558583877533,0.001037046805556445
2021-07-30_02h22m33s_C5H5N5_+Cl_-NH3_90,2021-07-30_02h22m33s,Adenine,C5H5N5,+Cl,-NH3,90,0.9153649383340647,0.6356915347799823,0.192090395480226,0.096045197740113,0.19791967960841028,0.1946748407260488,0.19985116147208393,0.19985116147208393,0.9112371700929396,187,12.517448425292969,-7.374027252197266,2215.58837890625,27.516942977905273,21.59982681274414,19.690073013305664,19.891475677490234,0.629255434478543,0.5794893192656808,5.488234364747768e-06,-4.1439884626015555e-06,0.0009714174666441977,1.2533700100902934e-05,1.0354789992561564e-05,9.52592381509021e-06,9.632222827349324e-06,0.005435874807341877,0.005431987277249583
2021-07-30_02h22m33s_C5H5N5_+Cl_+C12H14N2_90,2021-07-30_02h22m33s,Adenine,C5H5N5,+Cl,+C12H14N2,90,1.0659437192229284,1.1239757488006736,0.5480225988700564,0.5480225988700564,0.5016130826565802,0.497115037865128,0.5041196378262487,0.5041196378262487,1.0633778984730133,189,54.84812545776367,5.800086975097656,9708.1181640625,58.897945404052734,50.110870361328125,48.79731750488281,49.048038482666016,1.1182303905334874,1.0945136364355414,2.390012923569884e-05,1.434400473954156e-07,0.004230322781950235,2.488864993210882e-05,2.3897433493402787e-05,2.3598511688760482e-05,2.3756689188303426e-05,0.02334551704335951,0.023342307983090414
2021-07-30_02h22m33s_C10H9NO3_-H_-H2_157,2021-07-30_02h22m33s,5-Hydroxyindoleacetic acid,C10H9NO3,-H,-H2,157,0.608100825976595,0.1254212127053513,0.022598870056497175,0.0,0.026576927355656914,0.02560403894698882,0.027163031344685225,0.027163031344685225,0.6068894105737537,44,39.399139404296875,-274.120361328125,6973.6474609375,259.10736083984375,401.535888671875,314.1335754394531,313.5195007324219,0.1256668680748331,0.09812084646721657,1.5655081369914114e-05,-0.0001276935072382912,0.002770949387922883,0.00010365328489569947,0.00016494076407980174,0.0001432386925444007,0.00014334858860820532,0.013692308300280492,0.013438521384630418
2021-07-30_02h22m33s_C10H9NO3_-H_-CH2O2_157,2021-07-30_02h22m33s,5-Hydroxyindoleacetic acid,C10H9NO3,-H,-CH2O2,157,9.310149740915259,8.073212231127888,0.3502824858757062,0.12429378531073447,0.027177661586383357,0.02470248827984133,0.027623722026330243,0.027623722026330243,9.257712012951469,45,2136.6484375,1872.256103515625,378186.78125,5394.466796875,715.6106567382812,264.65802001953125,264.3923034667969,8.081325848588769,2.985765278389576,0.0009031991357915103,0.0007845450309105217,0.15986624360084534,0.0022266642190515995,0.00028500950429588556,0.00011846244888147339,0.0001186541048809886,0.8073980436406658,0.702873506205243
2021-07-30_02h22m33s_C10H9NO3_-H_-CO2_157,2021-07-30_02h22m33s,5-Hydroxyindoleacetic acid,C10H9NO3,-H,-CO2,157,7.086451360317208,18.275674050891308,0.6779661016949152,0.3672316384180791,0.09351429524974969,0.10370837841086669,0.08567074791360278,0.08567074791360278,7.0461564215358115,83,771.61572265625,728.9097290039062,136575.984375,1771.0399169921875,40.16420364379883,42.21991729736328,42.70597457885742,18.067674665913874,19.211049681192918,0.0003386679454706609,0.0003194535383954644,0.05994422733783722,0.000745968020055443,1.830562177929096e-05,1.897791116789449e-05,1.9214392523281276e-05,0.33228332326844073,0.3325798642640356
2021-07-30_02h22m33s_C10H9NO3_+Cl_-H2_157,2021-07-30_02h22m33s,5-Hydroxyindoleacetic acid,C10H9NO3,+Cl,-H2,157,50.95201971019888,1474.63583508209,0.6214689265536724,0.6214689265536724,0.004216264323061519,0.004357494891212886,0.002197140173999327,0.002197140173999327,52.59097773949621,81,172.245849609375,172.15203857421875,30487.515625,311.5067138671875,0.24021317064762115,0.11580568552017212,0.09380854666233063,1816.775551078158,714.0814456645163,7.596928480779752e-05,7.592738256789744e-05,0.013446562923491001,0.00013119334471412003,1.0433923591790517e-07,5.2459320443176694e-08,4.190454205854621e-08,0.0759661014831029,0.07596135905763417
2021-07-30_02h22m33s_C10H9NO3_-H_-H2O_157,2021-07-30_02h22m33s,5-Hydroxyindoleacetic acid,C10H9NO3,-H,-H2O,157,1.0551919710798576,1.3136916264921246,0.8813559322033898,0.3785310734463277,0.8322394037156524,0.8438213727611492,0.8252564806775696,0.8252564806775696,1.0558118933991611,189,149.48170471191406,35.901893615722656,26458.26171875,86.9816665649414,135.990966796875,113.78651428222656,113.5798110961914,1.3160823845967982,1.099195108599231,7.239531259983778e-05,1.602966949576512e-05,0.012813970446586609,5.0585287681315094e-05,6.593288708245382e-05,5.6403001508442685e-05,5.636564310407266e-05,0.06853243767670077,0.06791732713866228
2021-07-30_02h22m33s_C10H9NO3_-H_-CH2O3_157,2021-07-30_02h22m33s,5-Hydroxyindoleacetic acid,C10H9NO3,-H,-CH2O3,157,0.903804266970812,1.958540237827061,0.01694915254237288,0.01694915254237288,0.011213705640226944,0.01535641303041231,0.008753122951255382,0.008753122951255382,0.903566242233246,145,0.9192866086959839,0.4497326910495758,162.71372985839844,7.2326788902282715,1.5949712991714478,0.4683733582496643,0.4695539176464081,1.9536265116950327,0.5760044739985197,5.282517463456315e-07,3.0289908181657665e-07,9.35005591600202e-05,4.383472969493596e-06,7.802453865224379e-07,2.2473662397715088e-07,2.2535265031820018e-07,0.0005281327302351532,0.0005278399016975096
2021-07-30_02h22m33s_C10H9NO3_[M]-_+HCl_157,2021-07-30_02h22m33s,5-Hydroxyindoleacetic acid,C10H9NO3,[M]-,+HCl,157,0.5100140076051612,0.7724315379689852,0.011299435028248588,0.0,0.018912003559906552,0.030412309171775453,0.012155146446480147,0.012155146446480147,0.5202362544691187,7,1.0940512418746948,-0.269412636756897,193.64706420898438,10.233912467956543,17.117828369140625,1.4153730869293213,1.3634638786315918,0.8018176655375507,0.06390923597592074,4.526668249127397e-07,-1.6894932741706725e-07,8.01220303401351e-05,4.274279035598738e-06,6.921090061950963e-06,6.415185112018662e-07,6.216161523298069e-07,0.0004523856147075558,0.0004495554114224475
2021-07-30_02h22m33s_C10H9NO3_[M]-_-CH2O2_157,2021-07-30_02h22m33s,5-Hydroxyindoleacetic acid,C10H9NO3,[M]-,-CH2O2,157,74.6435495276696,5826.993263832043,0.943502824858757,0.6497175141242938,0.00782066970742018,0.011630003606202668,0.0026401119832733847,0.0026401119832733847,83.56912845594543,1,3201.2294921875,3200.978271484375,566617.625,6450.50048828125,2.2695956230163574,0.5483793020248413,0.25111183524131775,12697.656534542815,1409.8633238510556,0.0013747599441558123,0.0013746650656685233,0.24333252012729645,0.0026418191846460104,9.215469276568911e-07,2.3511726965352864e-07,9.49105753988988e-08,1.3746294772811631,1.3734942047912324
2021-07-30_02h22m33s_C10H9NO3_+Cl_-CH2O2_157,2021-07-30_02h22m33s,5-Hydroxyindoleacetic acid,C10H9NO3,+Cl,-CH2O2,157,4.86863056706688,90.25342375674452,0.0847457627118644,0.0847457627118644,0.009378128824118367,0.012321192451015747,0.007406488651062247,0.007406488651062247,4.841421135462144,150,50.56703567504883,50.00089645385742,8950.365234375,212.69046020507812,0.9671868085861206,0.5592783093452454,0.5661391615867615,89.16160106731236,52.22859393105527,2.0274947019061074e-05,2.0042203686898574e-05,0.0035886657424271107,8.90146620804444e-05,3.707003486397298e-07,2.2997262760782178e-07,2.3274276372831082e-07,0.020270229269879394,0.02026743387425785
2021-07-30_02h22m33s_C10H9NO3_[M]-_-H2_157,2021-07-30_02h22m33s,5-Hydroxyindoleacetic acid,C10H9NO3,[M]-,-H2,157,2.2370946982714717,13.623611650371023,0.7288135593220338,0.6271186440677966,0.33597730559572814,0.3681331890852266,0.3157857433952903,0.3157857433952903,2.242130331023102,188,288.4494934082031,267.3312072753906,51055.5625,547.08544921875,39.03783416748047,21.171762466430664,21.118289947509766,13.658105652468443,7.3887834910931565,0.00012232868175487965,0.00011211881064809859,0.02165217697620392,0.00022708978212904185,1.7965718143386766e-05,1.0225841833744198e-05,1.0209872016275767e-05,0.12109234441623906,0.12016974596943047
2021-07-30_02h22m33s_C10H9NO3_+Cl_+C12H14N2_157,2021-07-30_02h22m33s,5-Hydroxyindoleacetic acid,C10H9NO3,+Cl,+C12H14N2,157,2.163830380733584,2.8760269580406903,0.2598870056497175,0.2598870056497175,0.11580821003448659,0.1247145089554033,0.11010507291315981,0.11010507291315981,2.1702764429707377,189,20.024192810058594,13.08311939239502,3544.2822265625,36.54500961303711,8.154054641723633,6.96144962310791,6.941073417663574,2.8844686025804003,2.4554333097425243,8.837759196467232e-06,5.5673222050245386e-06,0.0015642833895981312,1.5874211385380477e-05,3.742955641428125e-06,3.278136318840552e-06,3.2704369914426934e-06,0.008808950080268949,0.00880480320862584
2021-07-30_02h22m33s_C10H9NO3_+Cl_-NH3_157,2021-07-30_02h22m33s,5-Hydroxyindoleacetic acid,C10H9NO3,+Cl,-NH3,157,0.7194582563593821,2.211774918521755,0.011299435028248588,0.011299435028248588,0.007909667371231506,0.011630003606202668,0.0057054769034498645,0.0057054769034498645,0.717798126368859,152,0.7451202273368835,0.40698572993278503,131.8862762451172,6.976006031036377,0.7323856353759766,0.3358879089355469,0.3381344974040985,2.197123067810555,1.0160005751338328,3.1721066307e-07,1.6199054186927242e-07,5.614628753392026e-05,3.016037226188928e-06,3.189860535712796e-07,1.5414133258673246e-07,1.552201212007276e-07,0.00031716143323389325,0.00031710950955899584
2021-07-30_02h22m33s_C10H9NO3_-H_+H2_157,2021-07-30_02h22m33s,5-Hydroxyindoleacetic acid,C10H9NO3,-H,+H2,157,0.7124998707659644,0.7170525228893364,0.15819209039548024,0.15819209039548024,0.20339303593280678,0.1889950715230196,0.21202402679093502,0.21202402679093502,0.7140626454223554,189,13.775162696838379,-5.351901054382324,2438.203857421875,33.135623931884766,17.46033477783203,19.209814071655273,19.127063751220703,0.7201545789473481,0.7888951716524318,6.14929467701586e-06,-3.417248990444932e-06,0.0010884251678362489,1.5317596989916638e-05,8.470884495181963e-06,9.594145012670197e-06,9.566543667460792e-06,0.006091024623971061,0.0060976422537910545
2021-07-30_02h22m33s_C10H9NO3_[M]-__157,2021-07-30_02h22m33s,5-Hydroxyindoleacetic acid,C10H9NO3,[M]-,,157,1.3809662447111657,1.946661196077882,0.3446327683615819,0.3446327683615819,0.25788185560129046,0.288496213487198,0.23955915445541046,0.23955915445541046,1.3843062476894366,189,54.949066162109375,26.93050765991211,9725.984375,82.64106750488281,38.50936508178711,28.22633934020996,28.018558502197266,1.961096787367307,1.4268643271859478,2.4734561520745046e-05,1.080509628081927e-05,0.004378017503768206,3.870708678732626e-05,1.8263097445014864e-05,1.4005529919813853e-05,1.3929465239925776e-05,0.024394755620295652,0.0242909338291921
2021-07-30_02h22m33s_C10H9NO3_+Cl_-H2O_157,2021-07-30_02h22m33s,5-Hydroxyindoleacetic acid,C10H9NO3,+Cl,-H2O,157,0.6745572788318496,1.6110518443527126,0.011299435028248588,0.011299435028248588,0.010757592613193903,0.01755018632047121,0.006750890373336641,0.006750890373336641,0.6742173868701263,151,0.6440678238868713,0.24441668391227722,114.0,6.041222095489502,1.351316213607788,0.3987809419631958,0.3996511399745941,1.6075527051482061,0.47627013372012283,3.2605353794679104e-07,1.4869803521833092e-07,5.771147698396817e-05,3.0787634841544786e-06,5.900654969082098e-07,1.768434998439261e-07,1.7735550272846012e-07,0.00032599572081183913,0.0003258612584613939
2021-07-30_02h22m33s_C10H9NO3_-H__157,2021-07-30_02h22m33s,5-Hydroxyindoleacetic acid,C10H9NO3,-H,,157,13.59769105245179,67.84854235611945,0.1807909604519774,0.04519774011299435,0.005606852820113472,0.008594783026806106,0.00329571026099899,0.00329571026099899,13.53074115519763,16,126.85643768310547,124.97309875488281,22453.58984375,465.5054626464844,13.767998695373535,1.8687002658843994,1.883336067199707,67.32155685563328,9.213192657628037,5.60022090212442e-05,5.522056017071009e-05,0.009912391193211079,0.0002031967305811122,6.734409907949157e-06,7.731734967819648e-07,7.816472589183832e-07,0.05595846923715171,0.05562759002780561
2021-07-30_02h22m33s_C10H9NO3_[M]-_-H2O_157,2021-07-30_02h22m33s,5-Hydroxyindoleacetic acid,C10H9NO3,[M]-,-H2O,157,0.790246399594209,1.2219791760164334,0.24858757062146894,0.24858757062146894,0.2841027923017021,0.24957927635533117,0.3045696971844712,0.3045696971844712,0.7910228442415183,189,30.990894317626953,5.671510696411133,5485.38818359375,62.45258331298828,28.330524444580078,25.3602294921875,25.31938362121582,1.2239504259192913,1.0938661058725918,1.3940771168563515e-05,1.6664789654896595e-06,0.002467516576871276,2.7880350899067707e-05,1.363280534860678e-05,1.2275990229682066e-05,1.2274292203073855e-05,0.013771732894869207,0.013753275441562914
2021-07-30_02h22m33s_C10H9NO3_[M]-_-NH3_157,2021-07-30_02h22m33s,5-Hydroxyindoleacetic acid,C10H9NO3,[M]-,-NH3,157,0.8973833381059123,1.0346539586757915,0.5819209039548022,0.5819209039548022,0.6470352653242852,0.6619184998196899,0.638464128142885,0.638464128142885,0.8974807429349991,188,230.18943786621094,7.356689453125,40743.53125,216.35919189453125,247.4351806640625,222.4786376953125,222.83274841308594,1.0330097640303977,0.930298217699751,0.000110281391243916,1.0561780072748661e-07,0.019519805908203125,0.00010988865687977523,0.00012087916547898203,0.00010984054824803025,0.00011017577344318852,0.09933687428782599,0.09838829611645943
2021-07-30_02h22m33s_C10H9NO3_+Cl_-CO2_157,2021-07-30_02h22m33s,5-Hydroxyindoleacetic acid,C10H9NO3,+Cl,-CO2,157,0.827993464783158,0.946988273486795,0.0847457627118644,0.0847457627118644,0.08434753587718323,0.07077172737107826,0.09235076279745558,0.09235076279745558,0.8277765937237583,188,10.686341285705566,-0.5779256820678711,1891.482421875,36.89570236206055,8.087456703186035,11.283555030822754,11.264266967773438,0.9486096793157229,1.3211842107649816,5.327487542672316e-06,-6.372119969455525e-07,0.0009429652709513903,1.916135079227388e-05,4.166190592513885e-06,5.959593636362115e-06,5.964699539617868e-06,0.00529589909577389,0.005305384300509861
2021-07-30_02h22m33s_C10H9NO3_[M]-_-CH2O3_157,2021-07-30_02h22m33s,5-Hydroxyindoleacetic acid,C10H9NO3,[M]-,-CH2O3,157,0.8355853622506544,1.7580338651175471,0.022598870056497175,0.022598870056497175,0.020269217933029257,0.025724245702608485,0.017045555220865743,0.017045555220865743,0.8390250707048417,187,1.822975516319275,0.7929521799087524,322.6666564941406,12.585478782653809,1.7456225156784058,1.0359399318695068,1.0300233364105225,1.768122458475005,1.043714654972951,8.745992090553045e-07,3.844247657980304e-07,0.0001548040600027889,6.005630893923808e-06,8.300747822431731e-07,4.923134042655875e-07,4.901744432572741e-07,0.0008741707129127907,0.0008738738284274646
2021-07-30_02h22m33s_C10H9NO3_[M]-_+H2_157,2021-07-30_02h22m33s,5-Hydroxyindoleacetic acid,C10H9NO3,[M]-,+H2,157,1.0906623323427154,1.2421063198542799,0.3954802259887006,0.096045197740113,0.35730337078651686,0.36506791681692513,0.35260556018215,0.35260556018215,1.0933824753050225,181,43.707881927490234,8.646488189697266,7736.294921875,63.310176849365234,40.935237884521484,35.18751907348633,35.06139373779297,1.2465743854897873,1.067706369373448,2.1986143110552803e-05,4.8815636546351016e-06,0.0038915472105145454,3.4957858588313684e-05,1.9726694517885335e-05,1.7144953744718805e-05,1.71045794559177e-05,0.02161640361732901,0.021560819412448147
2021-07-30_02h22m33s_C10H9NO3_[M]-_-CO2_157,2021-07-30_02h22m33s,5-Hydroxyindoleacetic acid,C10H9NO3,[M]-,-CO2,157,0.7629814923573459,0.926860161663783,0.096045197740113,0.096045197740113,0.1195906107464679,0.1260067315783147,0.11588142530609352,0.11588142530609352,0.7672490812089846,189,7.529234886169434,-0.5325613021850586,1332.674560546875,24.31003189086914,9.172745704650879,8.122377395629883,8.061796188354492,0.933824285059356,0.8207372570129434,3.3475646432634676e-06,8.971505849331152e-08,0.0005925189470872283,1.0791745808091946e-05,3.7111155961611075e-06,3.2789203032734804e-06,3.257849584770156e-06,0.003336694195464269,0.003335187377371186
2021-07-30_02h22m33s_C10H7NO3_-H__72,2021-07-30_02h22m33s,Kynurenic acid,C10H7NO3,-H,,72,26.300360723487735,138.05739626664862,0.9774011299435028,0.8248587570621468,0.026576927355656914,0.02052530352205794,0.027163031344685225,0.027163031344685225,29.072467617257153,44,43368.6015625,43078.296875,7676242.5,61295.74609375,171.06143188476562,314.1335754394531,290.3050842285156,149.38922715916016,253.5249913418441,0.01601128652691841,0.015877660363912582,2.8339977264404297,0.01877901330590248,7.985760021256283e-05,0.0001432386925444007,0.0001336255663773045,14.123963857030176,14.82722029623785
2021-07-30_02h22m33s_C10H7NO3_-H_-CO2_72,2021-07-30_02h22m33s,Kynurenic acid,C10H7NO3,-H,-CO2,72,26.578975873258077,406.45825614430737,1.0,0.9717514124293786,0.027177661586383357,0.021246544055775935,0.027623722026330243,0.027623722026330243,34.51203325736896,45,107572.84375,107354.796875,19040394.0,118937.390625,154.7798614501953,264.65802001953125,218.0465850830078,493.34572409526317,695.0009370804174,0.04118960350751877,0.04109105467796326,7.290559768676758,0.0395214818418026,7.072011067066342e-05,0.00011846244888147339,9.854784002527595e-05,37.49459241262634,38.469066842985676
2021-07-30_02h22m33s_C10H7NO3_-H_-NH3_72,2021-07-30_02h22m33s,Kynurenic acid,C10H7NO3,-H,-NH3,72,0.0,0.0,0.0,0.0,0.01793302925798198,0.01956364947710061,0.017027836348494783,0.017027836348494783,0.0,7,0.0,-134.09188842773438,0.0,0.0,824.5125122070312,130.97227478027344,134.09188842773438,0.0,0.0,0.0,-5.856921779923141e-05,0.0,0.0,0.0003191705618519336,5.720661283703521e-05,5.856921779923141e-05,0.0,0.0
2021-07-30_02h22m33s_C10H7NO3_+Cl_-CH2O2_72,2021-07-30_02h22m33s,Kynurenic acid,C10H7NO3,+Cl,-CH2O2,72,21.308052066752282,275.6988508309206,0.4124293785310734,0.4124293785310734,0.01653131605295361,0.026595744680851064,0.009355564611868102,0.009355564611868102,21.544631611905245,182,347.4324645996094,346.2075500488281,61495.546875,571.6774291992188,3.7250702381134033,1.2591882944107056,1.224923849105835,283.40460531298083,93.24367024694698,0.00012355543731246144,0.00012314520427025855,0.021869312971830368,0.0001864459627540782,1.2992445590498392e-06,4.214710145333811e-07,4.102323600818636e-07,0.1235047716585026,0.12339511687824406
2021-07-30_02h22m33s_C10H7NO3_+Cl__72,2021-07-30_02h22m33s,Kynurenic acid,C10H7NO3,+Cl,,72,3.7056014334690093,21.832977976988396,0.04519774011299435,0.04519774011299435,0.004216264323061519,0.007422767159514365,0.002197140173999327,0.002197140173999327,3.7062362043149775,81,2.55021595954895,2.434210777282715,451.38824462890625,11.848474502563477,1.1428495645523071,0.11580568552017212,0.11600513011217117,21.795761921755858,2.2295029334098517,8.339285955116793e-07,7.810713782419043e-07,0.00014760535850655288,3.925569217244629e-06,5.03995352119091e-07,5.2459320443176694e-08,5.285719240077924e-08,0.0008338845187172335,0.0008335085110961351
2021-07-30_02h22m33s_C10H7NO3_-H_+HCl_72,2021-07-30_02h22m33s,Kynurenic acid,C10H7NO3,-H,+HCl,72,3.7056014334690093,21.832977976988396,0.04519774011299435,0.04519774011299435,0.004216264323061519,0.007422767159514365,0.002197140173999327,0.002197140173999327,3.7062362043149775,81,2.55021595954895,2.434210777282715,451.38824462890625,11.848474502563477,1.1428495645523071,0.11580568552017212,0.11600513011217117,21.795761921755858,2.2295029334098517,8.339285955116793e-07,7.810713782419043e-07,0.00014760535850655288,3.925569217244629e-06,5.03995352119091e-07,5.2459320443176694e-08,5.285719240077924e-08,0.0008338845187172335,0.0008335085110961351
2021-07-30_02h22m33s_C10H7NO3_[M]-_-H2_72,2021-07-30_02h22m33s,Kynurenic acid,C10H7NO3,[M]-,-H2,72,5.540081711268038,10.29600028531788,0.24858757062146894,0.24858757062146894,0.10004449883190566,0.2097908402452218,0.03487074082605383,0.03487074082605383,5.583456077212437,189,21.732803344726562,19.648513793945312,3846.7060546875,41.11509704589844,18.882068634033203,2.1098005771636963,2.084289789199829,10.421958356716411,1.150914809765466,8.077454367594328e-06,7.079004717525095e-06,0.0014297093730419874,1.5198346773104277e-05,8.250397513620555e-06,1.0057769941340666e-06,9.984497637560708e-07,0.00806939747958718,0.008011357483729838
2021-07-30_02h22m33s_C10H7NO3_[M]-_-CO2_72,2021-07-30_02h22m33s,Kynurenic acid,C10H7NO3,[M]-,-CO2,72,0.0,0.0,0.0,0.0,0.00782066970742018,0.016648635653323716,0.0026401119832733847,0.0026401119832733847,0.0,1,0.0,-0.5367236137390137,0.0,0.0,19.297412872314453,0.5483793020248413,0.5367236137390137,0.0,0.0,0.0,-2.309763402763565e-07,0.0,0.0,8.234099368564785e-06,2.3511726965352864e-07,2.309763402763565e-07,0.0,0.0
2021-07-30_02h22m33s_C10H7NO3_+Cl_-CO2_72,2021-07-30_02h22m33s,Kynurenic acid,C10H7NO3,+Cl,-CO2,72,3.5703290825157126,7.851143926287902,0.062146892655367235,0.062146892655367235,0.009378128824118367,0.012441399206635412,0.007406488651062247,0.007406488651062247,3.68665286764933,150,4.398825645446777,3.8828485012054443,778.5921630859375,17.72136688232422,1.2127623558044434,0.5592783093452454,0.5159772038459778,8.508741996208624,3.6241242978172403,1.4889626527292421e-06,1.2768115311700967e-06,0.00026354638976044953,6.095641765568871e-06,4.7062582098078565e-07,2.2997262760782178e-07,2.1215110734829068e-07,0.0014886468346548196,0.0014882622380916054
2021-07-30_02h22m33s_C10H7NO3_+Cl_+C12H14N2_72,2021-07-30_02h22m33s,Kynurenic acid,C10H7NO3,+Cl,+C12H14N2,72,1.3138809161120457,1.4083099554505454,0.15254237288135594,0.15254237288135594,0.11377238847480253,0.1265777136675081,0.10610060775732233,0.10610060775732233,1.3162851994777691,189,9.566855430603027,2.7854771614074707,1693.3333740234375,23.0321044921875,8.469017028808594,6.7921462059021,6.781378269195557,1.410545836709537,1.1294965993650095,4.091250957571901e-06,9.581790436641313e-07,0.00072415143949911,1.0134271178685594e-05,3.8413227230194025e-06,3.1306860819313442e-06,3.13307191390777e-06,0.004078472808962504,0.004075595280809896
2021-07-30_02h22m33s_C10H7NO3_[M]-__72,2021-07-30_02h22m33s,Kynurenic acid,C10H7NO3,[M]-,,72,0.0,0.0,0.0,0.0,0.33597730559572814,0.3720098569539608,0.3157857433952903,0.3157857433952903,0.0,188,0.0,-21.07369613647461,0.0,0.0,40.572139739990234,21.171762466430664,21.07369613647461,0.0,0.0,0.0,-1.021062234940473e-05,0.0,0.0,1.8616403394844383e-05,1.0225841833744198e-05,1.021062234940473e-05,0.0,0.0
2021-07-30_02h22m33s_C10H7NO3_-H_-H2O_72,2021-07-30_02h22m33s,Kynurenic acid,C10H7NO3,-H,-H2O,72,1.320459298125304,1.229093780301453,0.12429378531073447,0.12429378531073447,0.0871732117031928,0.09213847818247385,0.08412920601732905,0.08412920601732905,1.3407531977889349,189,7.053439140319824,1.4701762199401855,1248.458740234375,19.176572799682617,6.170637130737305,5.737731456756592,5.583262920379639,1.2630922363233401,1.1428797563600719,3.2468051358591765e-06,6.14237478657742e-07,0.0005746845272369683,9.085497367777862e-06,2.907421276177047e-06,2.691532472454128e-06,2.6325676572014345e-06,0.0032382801442863707,0.0032373926715266402
2021-07-30_02h22m33s_C10H7NO3_[M]-_+C12H14N2_72,2021-07-30_02h22m33s,Kynurenic acid,C10H7NO3,[M]-,+C12H14N2,72,1.3079347458559643,1.3942123634051373,0.3559322033898305,0.3559322033898305,0.26968517076426746,0.28203510037264096,0.26213299785601646,0.26213299785601646,1.3082678399266143,189,31.148710250854492,8.78388786315918,5513.32177734375,44.62617111206055,24.40013313293457,22.340438842773438,22.364822387695312,1.3926923728049962,1.2765272039277806,1.3147525351087097e-05,2.4236733224825002e-06,0.002327112015336752,2.042632877419237e-05,1.1647442079265602e-05,1.0687138455978129e-05,1.0723852028604597e-05,0.01300802917107274,0.012996153407025517
2021-07-30_02h22m33s_C10H7NO3_[M]-_+H2_72,2021-07-30_02h22m33s,Kynurenic acid,C10H7NO3,[M]-,+H2,72,1.0413843812576002,1.860718898627867,0.2598870056497175,0.2598870056497175,0.25788185560129046,0.28894698882077174,0.23955915445541046,0.23955915445541046,1.028041949721356,189,52.52314376831055,23.987741470336914,9296.5966796875,92.46485137939453,38.52227020263672,28.22633934020996,28.535402297973633,1.8405664182846275,1.3634134249774987,1.9797364075202495e-05,5.6183180277002975e-06,0.003504133317619562,3.5757071600528434e-05,1.828936001402326e-05,1.4005529919813853e-05,1.4179046047502197e-05,0.019520580860310166,0.019441786247211556
2021-07-30_02h22m33s_C10H7NO3_[M]-_+HCl_72,2021-07-30_02h22m33s,Kynurenic acid,C10H7NO3,[M]-,+HCl,72,0.7042868063657235,0.7906067853303557,0.11864406779661017,0.11864406779661017,0.1688063188341306,0.1866209880995312,0.15845987561351596,0.15845987561351596,0.7023914745211528,189,8.573347091674805,-2.2993602752685547,1517.482421875,24.87432098388672,13.484162330627441,10.843008995056152,10.87270736694336,0.7884474726382862,0.6357615044946887,3.586542334232945e-06,-1.4910738173057325e-06,0.0006348179886117578,1.0592329999781214e-05,6.2629701460537035e-06,5.052943834016332e-06,5.0776161515386775e-06,0.003568423250699666,0.003564219732454606
2021-07-30_02h22m33s_C10H7NO3_[M]-_-H2O_72,2021-07-30_02h22m33s,Kynurenic acid,C10H7NO3,[M]-,-H2O,72,3.6725838495331904,6.078317644837195,0.3333333333333333,0.3333333333333333,0.14285237512515297,0.24714508955403294,0.08076262026684622,0.08076262026684622,3.699915160497008,188,32.367698669433594,27.091602325439453,5729.08251953125,52.193260192871094,24.107215881347656,5.324108123779297,5.276096820831299,6.133618496757981,1.3426003329626826,1.2204028280393686e-05,9.77397576207295e-06,0.0021601130720227957,1.9115703253191896e-05,1.0795547495945357e-05,2.443698349452461e-06,2.43005229094706e-06,0.012174443745478979,0.012073686227275986
2021-07-30_02h22m33s_C10H7NO3_+Cl_+HCl_72,2021-07-30_02h22m33s,Kynurenic acid,C10H7NO3,+Cl,+HCl,72,0.3878409654812126,0.5069210769557664,0.01694915254237288,0.01694915254237288,0.036344420958949825,0.04093040028849621,0.033701295249570315,0.033701295249570315,0.3873184611588245,189,0.9800154566764832,-0.9544724822044373,173.46273803710938,7.464534282684326,2.4239745140075684,1.9322702884674072,1.9344879388809204,0.5063402550796149,0.4041343325529996,3.850937844163127e-07,-4.6389433805416047e-07,6.816160021116957e-05,3.1087938623386435e-06,1.0380913408880588e-06,8.463410381409631e-07,8.489881224704732e-07,0.00038476712170007216,0.00038469443645294305
2021-07-30_02h22m33s_C10H7NO3_+Cl_-NH3_72,2021-07-30_02h22m33s,Kynurenic acid,C10H7NO3,+Cl,-NH3,72,2.1364538147031618,2.711208515280778,0.12429378531073447,0.12429378531073447,0.05325397708310157,0.06148575549945907,0.04817761397664653,0.04817761397664653,2.164629102838624,188,8.051578521728516,5.133837699890137,1425.12939453125,21.867839813232422,3.86678409576416,2.968737840652466,2.917740821838379,2.758579474232728,2.081703198104123,3.398186208869447e-06,2.0362047052913113e-06,0.0006014789687469602,9.648448212828953e-06,1.7702302557154326e-06,1.3813712484989082e-06,1.3619815035781357e-06,0.003393564237147248,0.003392181266957807
2021-07-30_02h22m33s_C10H7NO3_-H_+H2_72,2021-07-30_02h22m33s,Kynurenic acid,C10H7NO3,-H,+H2,72,28.47016564107093,108.28354007646735,0.3785310734463277,0.13559322033898305,0.005606852820113472,0.007542973915134031,0.00329571026099899,0.00329571026099899,28.574368553702026,16,202.457763671875,200.57334899902344,35835.0234375,336.2146911621094,13.365864753723145,1.8687002658843994,1.8844099044799805,107.38129845971896,15.146241650682024,8.247582445619628e-05,8.169568900484592e-05,0.014598221518099308,0.0001312028762185946,6.5935932980210055e-06,7.731734967819648e-07,7.801345986990782e-07,0.08241153236846382,0.08193557460064
2021-07-30_02h22m33s_C10H7NO3_+Cl_-CH2O3_72,2021-07-30_02h22m33s,Kynurenic acid,C10H7NO3,+Cl,-CH2O3,72,0.0,0.0,0.0,0.0,0.0023806875069529426,0.0032155307128260606,0.0018959193436929673,0.0018959193436929673,0.0,78,0.0,-0.1273270547389984,0.0,0.0,0.20731964707374573,0.12436480075120926,0.1273270547389984,0.0,0.0,0.0,-6.054440149227958e-08,0.0,0.0,9.126859623620476e-08,5.913583223104979e-08,6.054440149227958e-08,0.0,0.0
2021-07-30_02h22m33s_C10H7NO3_[M]-_-CH2O3_72,2021-07-30_02h22m33s,Kynurenic acid,C10H7NO3,[M]-,-CH2O3,72,1.9233412025593994,2.9948748188338445,0.06779661016949153,0.06779661016949153,0.033707865168539325,0.047872340425531915,0.025249393128621296,0.025249393128621296,1.9472397089384603,188,4.686739921569824,3.1531553268432617,829.552978515625,18.141096115112305,3.5343587398529053,1.5639201402664185,1.5335845947265625,3.0540772647368613,1.3256759119627064,1.8694952359510353e-06,1.1478325632197084e-06,0.0003309006569907069,7.36754373065196e-06,1.6639056639178307e-06,7.343381298596796e-07,7.216626727313269e-07,0.0018681470639478116,0.0018663897394924156
2021-07-30_02h22m33s_C10H7NO3_-H_-H2_72,2021-07-30_02h22m33s,Kynurenic acid,C10H7NO3,-H,-H2,72,1.0169552791046441,1.107133335330704,0.05649717514124294,0.05649717514124294,0.048281232617643784,0.052860920783748044,0.0455552208657441,0.0455552208657441,1.0325273461282511,189,3.290395736694336,0.4406728744506836,582.4000244140625,13.741786003112793,3.1991100311279297,2.9709959030151367,2.8497228622436523,1.1542320652329707,1.0282133128824273,1.560113787490991e-06,1.5058401459100423e-07,0.0002761401410680264,6.591521923837718e-06,1.5759299003548222e-06,1.4548522813129239e-06,1.4095297728999867e-06,0.0015579178558893824,0.0015576590260572697
2021-07-30_02h22m33s_C10H7NO3_[M]-_-NH3_72,2021-07-30_02h22m33s,Kynurenic acid,C10H7NO3,[M]-,-NH3,72,0.5162066544349188,0.35439481685422924,0.011299435028248588,0.011299435028248588,0.013694515518967627,0.01676884240894338,0.01188936336091571,0.01188936336091571,0.5155184868049189,133,0.641143262386322,-1.1965177059173584,113.48236083984375,6.058927059173584,1.958263874053955,1.8081214427947998,1.8376609086990356,0.348701198439015,0.327236811170166,3.0653581006845343e-07,-5.096185873298964e-07,5.425683775683865e-05,3.1380523068946786e-06,8.709355938663066e-07,8.026963200791215e-07,8.161543973983498e-07,0.00030628583353855014,0.00030626906943458256
2021-07-30_02h22m33s_C26H49O12P_[M]-__42,2021-07-30_02h22m33s,Lyso PI 17:1,C26H49O12P,[M]-,,42,56.49717514124294,5966960.44921875,0.5649717514124294,0.4632768361581921,0.001112470797641562,0.0,0.0,0.0,56.49717514124294,1,5966.96044921875,5966.96044921875,1056152.0,12218.9560546875,0.0,0.0,0.0,5966960.44921875,5966960.44921875,0.002463664161041379,0.002463664161041379,0.4360685646533966,0.004753200802952051,0.0,0.0,0.0,2.463664161041379,2.463664161041379
2021-07-30_02h22m33s_C26H49O12P_-H__42,2021-07-30_02h22m33s,Lyso PI 17:1,C26H49O12P,-H,,42,57.06214689265536,20858810.546875,0.5706214689265536,0.4745762711864407,0.0011235955056179776,0.0,0.0,0.0,57.06214689265536,1,20858.810546875,20858.810546875,3692009.5,41774.76953125,0.0,0.0,0.0,20858810.546875,20858810.546875,0.008642163127660751,0.008642163127660751,1.529662847518921,0.016325918957591057,0.0,0.0,0.0,8.642163127660751,8.642163127660751
2021-07-30_02h22m33s_C26H49O12P_-H_-H2_42,2021-07-30_02h22m33s,Lyso PI 17:1,C26H49O12P,-H,-H2,42,20.181011850318754,490.7291151439125,0.4971751412429379,0.4689265536723164,0.01663143842474135,0.01746003125375646,0.01463578857841487,0.01463578857841487,20.23665888541849,94,384.677978515625,383.89849853515625,68088.0,816.8587036132812,1.0140641927719116,0.7828906774520874,0.7794812321662903,492.87281059650775,378.9691147169285,0.00015931855887174606,0.00015894754324108362,0.028199385851621628,0.00031388012575916946,4.384316696359747e-07,3.717200343089644e-07,3.710087526087591e-07,0.15925947221361897,0.15924873918113944
2021-07-30_02h22m33s_C26H49O12P_[M]-_-H2_42,2021-07-30_02h22m33s,Lyso PI 17:1,C26H49O12P,[M]-,-H2,42,17.763133188456838,184.74336061519375,0.4124293785310734,0.4124293785310734,0.013772388474802536,0.012591657651159995,0.013218278788737884,0.013218278788737884,17.800632014309972,164,145.6532745361328,144.8682861328125,25780.62890625,315.2803039550781,0.7515390515327454,0.787408709526062,0.7849879860877991,185.31234206404596,193.54912444672644,5.9593185142148286e-05,5.92007563682273e-05,0.010547993704676628,0.00011871015885844827,3.4206016152893426e-07,3.920128222034691e-07,3.9242715388354554e-07,0.05956980833180724,0.05957280765793808
2021-07-30_02h22m33s_C26H49O12P_[M]-_-CO2_42,2021-07-30_02h22m33s,Lyso PI 17:1,C26H49O12P,[M]-,-CO2,42,0.0,0.0,0.0,0.0,0.0009900990099009901,0.00144248106743599,0.0007264737672094548,0.0007264737672094548,0.0,29,0.0,-0.0410858616232872,0.0,0.0,0.11504954099655151,0.04007758945226669,0.0410858616232872,0.0,0.0,0.0,-1.7543511532380762e-08,0.0,0.0,4.399568709345658e-08,1.711298303064268e-08,1.7543511532380762e-08,0.0,0.0
2021-07-30_02h22m33s_C26H49O12P_-H_+C12H14N2_42,2021-07-30_02h22m33s,Lyso PI 17:1,C26H49O12P,-H,+C12H14N2,42,14.811043840273936,222.59223764069554,0.1751412429378531,0.1751412429378531,0.004939370341528535,0.0093160235605241,0.001825043854209118,0.001825043854209118,14.82179749464227,93,26.024927139282227,25.909643173217773,4606.412109375,70.1661605834961,1.1630957126617432,0.11591749638319016,0.11528395861387253,223.80496372418375,22.356346523925748,1.0694311640691012e-05,1.0640749678714201e-05,0.0018928932258859277,2.866222166630905e-05,4.218692311042105e-07,5.343293807413829e-08,5.35619264496745e-08,0.010693738863436537,0.010689801942165015
2021-07-30_02h22m33s_C26H49O12P_+Cl_-H2_42,2021-07-30_02h22m33s,Lyso PI 17:1,C26H49O12P,+Cl,-H2,42,3.0888961215364565,9.3889381404796,0.4350282485875706,0.4350282485875706,0.12990321504060517,0.12669792042312777,0.1308361535871857,0.1308361535871857,3.0956004949567677,189,90.40213012695312,80.78529357910156,16001.1767578125,176.86431884765625,9.227346420288086,9.627578735351562,9.616838455200195,9.399422806698764,9.796135299841833,3.7496673030545935e-05,3.3071912184823304e-05,0.006636911071836948,6.913155084475875e-05,4.124613951717038e-06,4.425227871251991e-06,4.424762664712034e-06,0.03733149004716716,0.03734264901940642
2021-07-30_02h22m33s_C26H49O12P_+Cl_-HPO3_42,2021-07-30_02h22m33s,Lyso PI 17:1,C26H49O12P,+Cl,-HPO3,42,0.0,0.0,0.0,0.0,0.005795972855712537,0.0077232840485635295,0.004677782305934051,0.004677782305934051,0.0,113,0.0,-0.2627282738685608,0.0,0.0,0.5370344519615173,0.26204439997673035,0.2627282738685608,0.0,0.0,0.0,-1.1527300358693537e-07,0.0,0.0,2.247606545324743e-07,1.1468510763279482e-07,1.1527300358693537e-07,0.0,0.0
2021-07-30_02h22m33s_C26H49O12P_-H_-CO2_42,2021-07-30_02h22m33s,Lyso PI 17:1,C26H49O12P,-H,-CO2,42,0.0,0.0,0.0,0.0,0.005795972855712537,0.0077232840485635295,0.004677782305934051,0.004677782305934051,0.0,113,0.0,-0.2627282738685608,0.0,0.0,0.5370344519615173,0.26204439997673035,0.2627282738685608,0.0,0.0,0.0,-1.1527300358693537e-07,0.0,0.0,2.247606545324743e-07,1.1468510763279482e-07,1.1527300358693537e-07,0.0,0.0
2021-07-30_02h22m33s_C26H49O12P_[M]-_+H2_42,2021-07-30_02h22m33s,Lyso PI 17:1,C26H49O12P,[M]-,+H2,42,1.4553355653189077,4.410655047960316,0.022598870056497175,0.022598870056497175,0.006719323617755034,0.00865488640461594,0.005528288179740241,0.005528288179740241,1.454218480398217,103,1.5314058065414429,1.1842037439346313,271.058837890625,10.152338981628418,0.8734534382820129,0.3462059795856476,0.34720203280448914,4.398038099339033,1.7512719825884675,8.520818823853915e-07,6.874095674902492e-07,0.00015081849414855242,5.786905148852384e-06,3.335509006774373e-07,1.6382362844069576e-07,1.6467232910599705e-07,0.0008519415911793098,0.0008517977644738562
2021-07-30_02h22m33s_C26H49O12P_[M]-_+C12H14N2_42,2021-07-30_02h22m33s,Lyso PI 17:1,C26H49O12P,[M]-,+C12H14N2,42,2.9573166129673303,4.665300107945709,0.1751412429378531,0.1751412429378531,0.06036266548003115,0.07864526986416637,0.049223027446533306,0.049223027446533306,2.9617006518819387,189,15.743260383605957,12.375033378601074,2786.55712890625,38.052459716796875,6.465160846710205,3.3735439777374268,3.368227243423462,4.672662081293536,2.4347152439945368,6.4246046349580865e-06,4.924301265418762e-06,0.0011371549917384982,1.5201132555375807e-05,2.7913361009268556e-06,1.4984165090936585e-06,1.500303483226162e-06,0.006414980217792505,0.006406721322442176
2021-07-30_02h22m33s_C26H49O12P_+Cl__42,2021-07-30_02h22m33s,Lyso PI 17:1,C26H49O12P,+Cl,,42,1.810581991072148,2.865264691280876,0.1807909604519774,0.1807909604519774,0.09018800756480143,0.09027527347036904,0.08985240179314988,0.08985240179314988,1.8134039695222501,189,18.413227081298828,11.992889404296875,3259.14111328125,45.13755416870117,6.6429524421691895,6.425361633300781,6.420338153839111,2.8675062175771187,2.7714266833744943,7.720925168541726e-06,4.756183898280142e-06,0.0013666037702932954,1.8165259461966343e-05,2.9535424346249783e-06,2.9622171950904885e-06,2.964741270261584e-06,0.007698102286988795,0.0076981882428965994
2021-07-30_02h22m33s_C26H49O12P_-H_+HCl_42,2021-07-30_02h22m33s,Lyso PI 17:1,C26H49O12P,-H,+HCl,42,1.810581991072148,2.865264691280876,0.1807909604519774,0.1807909604519774,0.09018800756480143,0.09027527347036904,0.08985240179314988,0.08985240179314988,1.8134039695222501,189,18.413227081298828,11.992889404296875,3259.14111328125,45.13755416870117,6.6429524421691895,6.425361633300781,6.420338153839111,2.8675062175771187,2.7714266833744943,7.720925168541726e-06,4.756183898280142e-06,0.0013666037702932954,1.8165259461966343e-05,2.9535424346249783e-06,2.9622171950904885e-06,2.964741270261584e-06,0.007698102286988795,0.0076981882428965994
2021-07-30_02h22m33s_C26H49O12P_-H_-CH2O2_42,2021-07-30_02h22m33s,Lyso PI 17:1,C26H49O12P,-H,-CH2O2,42,0.5615625452697738,0.6359207260161893,0.04519774011299435,0.04519774011299435,0.07460229168984314,0.08174059382137276,0.07048567429168807,0.07048567429168807,0.5626262829112283,189,2.7694029808044434,-1.5749783515930176,490.184326171875,12.794707298278809,5.369123458862305,4.353950023651123,4.344381332397461,0.637321047098182,0.5157056447620589,1.1228521543671377e-06,-8.100573722913396e-07,0.00019874483405146748,5.201573458180064e-06,2.372466042288579e-06,1.935305135702947e-06,1.9329095266584773e-06,0.001120685969779758,0.0011201945308818631
2021-07-30_02h22m33s_C26H49O12P_+Cl_-H2O_42,2021-07-30_02h22m33s,Lyso PI 17:1,C26H49O12P,+Cl,-H2O,42,2.7676276279516108,5.168328081091621,0.11864406779661017,0.11864406779661017,0.03381911224830348,0.03498016588532275,0.03286850824813509,0.03286850824813509,2.769360963798901,189,11.627518653869629,9.380075454711914,2058.07080078125,34.123504638671875,2.4074344635009766,2.2487640380859375,2.247443437576294,5.171363646311465,4.827832697995651,5.073265583632747e-06,4.0237646317109466e-06,0.000897968013305217,1.5428155165864155e-05,1.086213728740404e-06,1.0485775874258252e-06,1.0495007245481247e-06,0.005067946769825843,0.005067760912155989
2021-07-30_02h22m33s_C26H49O12P_-H_-H2O_42,2021-07-30_02h22m33s,Lyso PI 17:1,C26H49O12P,-H,-H2O,42,9.699825579321917,47.722807127236734,0.24858757062146894,0.24858757062146894,0.016842807876293248,0.017670393076090876,0.01562804543118876,0.01562804543118876,9.667996875955907,177,43.508872985839844,42.5932502746582,7701.0703125,93.86284637451172,1.0419857501983643,0.9106997847557068,0.9156218767166138,47.46654437453625,41.715692642555226,1.5797499145264737e-05,1.539864024380222e-05,0.00279615749605,3.391830614418723e-05,4.3334537735972845e-07,3.961909840199951e-07,3.9885802038952534e-07,0.015791200698214672,0.015790656337335476
2021-07-30_02h22m33s_C26H49O12P_[M]-_+HCl_42,2021-07-30_02h22m33s,Lyso PI 17:1,C26H49O12P,[M]-,+HCl,42,2.090321564979336,2.745891450405833,0.12994350282485875,0.12994350282485875,0.05290911113583269,0.05376247145089554,0.05216436026011305,0.05216436026011305,2.095067452383973,189,9.670543670654297,6.159710884094238,1711.686279296875,26.089170455932617,3.6697208881378174,3.5208230018615723,3.5108325481414795,2.7537029565296645,2.6345080340772604,4.116292075195815e-06,2.4928656330303056e-06,0.000728583661839366,1.112142581405351e-05,1.6315966604452115e-06,1.6266651527985232e-06,1.6234264421655098e-06,0.004109620408756977,0.00410958688695525
2021-07-30_02h22m33s_C26H49O12P_+Cl_+HCl_42,2021-07-30_02h22m33s,Lyso PI 17:1,C26H49O12P,+Cl,+HCl,42,2.3709824526088887,6.683979303929493,0.03954802259887006,0.03954802259887006,0.009300255868283458,0.013583363385022237,0.006680014883852792,0.006680014883852792,2.3703324261997505,155,2.8173258304595947,2.396862745285034,498.6666564941406,14.014158248901367,0.8969828486442566,0.42050427198410034,0.42046308517456055,6.684632485174168,3.137393809595691,9.906207196763717e-07,8.006191478671099e-07,0.00017533986829221249,4.991791684005875e-06,3.80017695533752e-07,1.8943579505048547e-07,1.9000158602011652e-07,0.0009904325359237002,0.0009902444092779426
2021-07-30_02h22m33s_C26H49O12P_+Cl_+H2_42,2021-07-30_02h22m33s,Lyso PI 17:1,C26H49O12P,+Cl,+H2,42,1.3996317463401422,1.4876908196872907,0.07909604519774012,0.07909604519774012,0.04778062075870508,0.04976559682654165,0.04651203997377607,0.04651203997377607,1.3976464539550346,189,4.580325603485107,1.497957706451416,810.7176513671875,15.678823471069336,3.416630983352661,3.077815532684326,3.0823678970336914,1.4854943543686572,1.3402048453434416,2.078882744172006e-06,6.493518185379799e-07,0.00036796226049773395,7.259966878336854e-06,1.5159193935687654e-06,1.4255748510549893e-06,1.429530925634026e-06,0.0020759151592528616,0.0020757360955688023
2021-07-30_02h22m33s_C26H49O12P_+Cl_-CH2O2_42,2021-07-30_02h22m33s,Lyso PI 17:1,C26H49O12P,+Cl,-CH2O2,42,0.676289906430965,0.7742048926245437,0.02824858757062147,0.02824858757062147,0.03493158304594504,0.04032936651039788,0.03176993816113542,0.03176993816113542,0.67306980374022,189,1.4815773963928223,-0.44373273849487305,262.23919677734375,8.70139217376709,2.472764730453491,1.9126760959625244,1.9253101348876953,0.7691271356360272,0.5989160481406084,5.473604005601374e-07,-2.6737501457319013e-07,9.688278805697337e-05,3.215920287402696e-06,1.0244916666124482e-06,8.085182230388455e-07,8.147354151333275e-07,0.0005469148096956174,0.0005468002083034285
2021-07-30_02h22m33s_C26H49O12P_[M]-_-CH2O2_42,2021-07-30_02h22m33s,Lyso PI 17:1,C26H49O12P,[M]-,-CH2O2,42,0.2683113065330098,0.4962780823341155,0.005649717514124294,0.005649717514124294,0.012404049393703416,0.014725327563409064,0.011056576359480482,0.011056576359480482,0.2670870818771431,173,0.32023927569389343,-0.3287566006183624,56.68235397338867,4.2484540939331055,0.8911117911338806,0.6442819237709045,0.6489958763122559,0.49267893438150295,0.35896765279479936,1.1229263918721699e-07,-1.7607513314032985e-07,1.987579707929399e-05,1.489730038883863e-06,3.9082817693270044e-07,2.860426775441738e-07,2.8836777232754685e-07,0.00011226026694411742,0.0001122487692053855
2021-07-30_02h22m33s_C26H49O12P_[M]-_-H2O_42,2021-07-30_02h22m33s,Lyso PI 17:1,C26H49O12P,[M]-,-H2O,42,4.349031848374685,12.52809369742959,0.096045197740113,0.096045197740113,0.012426298809656247,0.01256160596225508,0.012084270956996298,0.012084270956996298,4.3321536934984275,169,8.754447937011719,8.051887512207031,1549.5372314453125,28.12982177734375,0.7484846115112305,0.6977853178977966,0.7025607824325562,12.443058447264898,11.680623994880433,3.230175252610934e-06,2.9222146622487344e-06,0.0005717410240322351,1.0412410119897686e-05,3.106180770373612e-07,3.053835655464354e-07,3.0796047667536186e-07,0.0032291807925547878,0.0032291722133476015
2021-07-30_02h22m33s_C26H49O12P_+Cl_-CH2O3_42,2021-07-30_02h22m33s,Lyso PI 17:1,C26H49O12P,+Cl,-CH2O3,42,0.8914355014737346,4.145541433748928,0.011299435028248588,0.011299435028248588,0.004238513739014351,0.006851785070320952,0.0026755497280153092,0.0026755497280153092,0.8930920823165756,110,0.6380857229232788,0.48621049523353577,112.94117736816406,5.971462249755859,0.4195244312286377,0.15292096138000488,0.15187522768974304,4.173898757608132,1.5173570797277978,2.2244108777158544e-07,1.581721278398618e-07,3.9372072933474556e-05,2.0907464204356074e-06,1.6593158136402053e-07,6.463018564772938e-08,6.42689528262963e-08,0.0002224267926345423,0.00022240418389365
2021-07-30_02h22m33s_C26H49O12P_-H_-H3PO4_42,2021-07-30_02h22m33s,Lyso PI 17:1,C26H49O12P,-H,-H3PO4,42,0.0,0.0,0.0,0.0,0.0011792190455000556,0.001712946267580238,0.0008682247461771533,0.0008682247461771533,0.0,24,0.0,-0.050929393619298935,0.0,0.0,0.11639972776174545,0.049679551273584366,0.050929393619298935,0.0,0.0,0.0,-2.3449032937605807e-08,0.0,0.0,5.084968535129519e-08,2.287357503405474e-08,2.3449032937605807e-08,0.0,0.0
2021-07-30_02h22m33s_C26H49O12P_-H_+H2_42,2021-07-30_02h22m33s,Lyso PI 17:1,C26H49O12P,-H,+H2,42,26.11163750763204,1772.4609993519227,0.4915254237288136,0.4011299435028249,0.008744020469462677,0.0060403894698882075,0.008823998440739231,0.008823998440739231,26.055788648382936,2,1232.8203125,1232.12255859375,218209.1875,2687.724853515625,0.5407807230949402,0.6945415735244751,0.6978031396865845,1764.1882849194467,2275.4968199264704,0.0005113821825943887,0.0005110372439958155,0.0905146449804306,0.0010392580879852176,2.3773330326548603e-07,3.4264093073943513e-07,3.4494962619646685e-07,0.5112058423301675,0.5112606389138701
2021-07-30_02h22m33s_C26H49O12P_+Cl_-H3PO4_42,2021-07-30_02h22m33s,Lyso PI 17:1,C26H49O12P,+Cl,-H3PO4,42,0.0,0.0,0.0,0.0,0.011447324507731673,0.009285971871619185,0.012757588107092864,0.012757588107092864,0.0,148,0.0,-0.745933473110199,0.0,0.0,0.5438768863677979,0.7440350651741028,0.745933473110199,0.0,0.0,0.0,-3.4129146797567955e-07,0.0,0.0,2.3693152684245433e-07,3.4006367854999553e-07,3.4129146797567955e-07,0.0,0.0
2021-07-30_02h22m33s_C26H49O12P_-H_-CH2O3_42,2021-07-30_02h22m33s,Lyso PI 17:1,C26H49O12P,-H,-CH2O3,42,0.0,0.0,0.0,0.0,0.011447324507731673,0.009285971871619185,0.012757588107092864,0.012757588107092864,0.0,148,0.0,-0.745933473110199,0.0,0.0,0.5438768863677979,0.7440350651741028,0.745933473110199,0.0,0.0,0.0,-3.4129146797567955e-07,0.0,0.0,2.3693152684245433e-07,3.4006367854999553e-07,3.4129146797567955e-07,0.0,0.0
2021-07-30_02h22m33s_C26H49O12P_+Cl_-CO2_42,2021-07-30_02h22m33s,Lyso PI 17:1,C26H49O12P,+Cl,-CO2,42,0.6205903332969359,0.9427324297745096,0.01694915254237288,0.01694915254237288,0.019134497719434866,0.02223824978963818,0.01731133830643018,0.01731133830643018,0.6169073769356517,178,0.9510136246681213,-0.0655168890953064,168.32940673828125,7.246937274932861,1.3238242864608765,1.0077842473983765,1.0165305137634277,0.9346290964294647,0.7178413276289269,3.255431977322587e-07,-1.0407120498712175e-07,5.762114597018808e-05,2.5128597371804062e-06,5.392261641645746e-07,4.258263572864962e-07,4.2961440271938045e-07,0.00032540339974503437,0.00032536775092798295
2021-07-30_02h22m33s_C26H49O12P_[M]-_-H3PO4_42,2021-07-30_02h22m33s,Lyso PI 17:1,C26H49O12P,[M]-,-H3PO4,42,0.5475094997074588,21.982445558529843,0.005649717514124294,0.005649717514124294,0.00032261653131605296,0.00030051688904916455,0.0003189397026773216,0.0003189397026773216,0.5470840930619338,8,0.3956131637096405,0.3781887888908386,70.02352905273438,5.248402118682861,0.020500199869275093,0.016996776685118675,0.017424382269382477,21.47226202351804,18.400441210548575,1.382495611323975e-07,1.2987612763026846e-07,2.447017322992906e-05,1.8340875840294757e-06,8.284800401270331e-09,8.167948983839324e-09,8.373437943021145e-09,0.00013824840351796993,0.00013824841577186704
2021-07-30_02h22m33s_C21H36N7O16P3S_-H_+H2_189,2021-07-30_02h22m33s,Coenzyme A,C21H36N7O16P3S,-H,+H2,189,48.59807999433237,10291.829350309006,0.4971751412429379,0.4406779661016949,0.0021470686394482147,0.002764755379252314,0.00023034534082251004,0.00023034534082251004,49.17832734662409,4,5483.66796875,5483.15234375,970609.25,10581.9140625,1.0783034563064575,0.531817615032196,0.5154650211334229,10617.694798992703,5080.747158464549,0.0019676159135997295,0.001967453397810459,0.3482680022716522,0.003600295400246978,4.156405566391186e-07,1.7155683451619552e-07,1.62566834660538e-07,1.9672960965004813,1.966798432404488
2021-07-30_02h22m33s_C21H36N7O16P3S_-H_-HPO3_189,2021-07-30_02h22m33s,Coenzyme A,C21H36N7O16P3S,-H,-HPO3,189,66.13508748941592,15529.674073366747,0.6836158192090396,0.4971751412429379,0.0032372900211369454,0.004537805024642385,0.00033665857504828393,0.00033665857504828393,67.62020010160812,6,5266.53759765625,5266.24560546875,932177.1875,10014.521484375,2.547287940979004,0.33812737464904785,0.29193925857543945,17978.258097830134,2066.6964329128937,0.0019090212881565094,0.0019089302513748407,0.33789676427841187,0.0034633916802704334,9.508516995992977e-07,1.1142360278881824e-07,9.103793274789496e-08,1.9088475106252112,1.9072078163628317
2021-07-30_02h22m33s_C21H36N7O16P3S_-H__189,2021-07-30_02h22m33s,Coenzyme A,C21H36N7O16P3S,-H,,189,60.29978781089399,13241.257850051044,0.615819209039548,0.4858757062146893,0.00215819334742463,0.0021937732900589014,0.00021262646845154776,0.00021262646845154776,60.914064554341195,3,39568.1015625,39565.2265625,7003554.0,72491.6328125,6.459718704223633,2.987243413925171,2.8753161430358887,13756.520352709469,6124.411752617048,0.014270688407123089,0.014269775710999966,2.525911808013916,0.024730058386921883,2.4102721454255516e-06,9.744095450514578e-07,9.12907239580818e-07,14.257672474701362,14.236374869323722
2021-07-30_02h22m33s_C21H36N7O16P3S_[M]-_-HPO3_189,2021-07-30_02h22m33s,Coenzyme A,C21H36N7O16P3S,[M]-,-HPO3,189,62.73793513972192,9973.711270149477,0.711864406779661,0.4971751412429379,0.0047836244298587165,0.006851785070320952,0.0013466343001931357,0.0013466343001931357,68.31526464009987,6,1311.36279296875,1311.2864990234375,232111.21875,2560.213623046875,0.726633608341217,0.13048192858695984,0.07628818601369858,16967.18296294758,1802.2295533575718,0.0004763064789585769,0.0004762805765494704,0.0843062475323677,0.0008874841150827706,2.9091361852806585e-07,4.948793730363832e-08,2.590189751572325e-08,0.47629414203652254,0.476167955215698
2021-07-30_02h22m33s_C21H36N7O16P3S_-H_-H2O_189,2021-07-30_02h22m33s,Coenzyme A,C21H36N7O16P3S,-H,-H2O,189,63.52178406687945,12219.16677200242,0.6836158192090396,0.4745762711864407,0.003126042941372789,0.0035160476018752254,0.0007619115119513794,0.0007619115119513794,67.62020010160812,6,1400.3802490234375,1400.3116455078125,247867.3125,2748.604736328125,0.3300115168094635,0.11360521614551544,0.06855060160160065,20134.696419235705,4230.60883959975,0.0005076262168586254,0.0005076041561551392,0.08984984457492828,0.0009480795124545693,1.3721177083425573e-07,4.0457738492705175e-08,2.2056598325548293e-08,0.507615020598012,0.5075565741222915
2021-07-30_02h22m33s_C21H36N7O16P3S_[M]-_+HCl_189,2021-07-30_02h22m33s,Coenzyme A,C21H36N7O16P3S,[M]-,+HCl,189,5.690387560703734,66.64054124845731,0.062146892655367235,0.062146892655367235,0.0033262876849482702,0.0070921985815602835,0.0009213813632900402,0.0009213813632900402,5.675408761893988,70,3.6522433757781982,3.596755027770996,646.4470825195312,14.401042938232422,1.0625962018966675,0.05380512773990631,0.05548835173249245,64.65480517246895,3.4338627472205174,1.323730771218834e-06,1.2991486073588021e-06,0.000234300343436189,5.269930625217967e-06,4.2751821638375986e-07,2.3836443929781126e-08,2.458213543832244e-08,0.001323698231889618,0.0013231650940378496
2021-07-30_02h22m33s_C21H36N7O16P3S_-H_-H3PO4_189,2021-07-30_02h22m33s,Coenzyme A,C21H36N7O16P3S,-H,-H3PO4,189,47.188796504102825,8466.043903557427,0.5028248587570622,0.5028248587570622,0.004616753810212482,0.008684938093520856,0.0006555982777256055,0.0006555982777256055,48.00190212905404,52,422.885498046875,422.84552001953125,74850.734375,803.3141479492188,1.3729251623153687,0.04895078018307686,0.03997914865612984,10319.528636269459,307.7936918588922,0.0001545483391964808,0.00015453329251613468,0.027355056256055832,0.00028186410781927407,5.210268341215851e-07,1.8928535183704298e-08,1.5044069101577406e-08,0.15454601419556388,0.15446785729781937
2021-07-30_02h22m33s_C21H36N7O16P3S_[M]-_-H2O_189,2021-07-30_02h22m33s,Coenzyme A,C21H36N7O16P3S,[M]-,-H2O,189,52.926658473962355,9348.476695428173,0.5480225988700564,0.536723163841808,0.0026031816664812547,0.0035160476018752254,0.00035437744741924625,0.00035437744741924625,53.24551570912355,52,310.2367858886719,310.20758056640625,54911.91015625,624.2572631835938,0.2582013010978699,0.032185811549425125,0.029209578409790993,10269.484124549166,1196.8951721100038,0.00011302118218736723,0.00011300973710604012,0.020004749298095703,0.00021561284665949643,1.1080120287942918e-07,1.2626530931925117e-08,1.144599792723966e-08,0.11301988856195701,0.11300866069182679
2021-07-30_02h22m33s_C21H36N7O16P3S_-H_-CH2O3_189,2021-07-30_02h22m33s,Coenzyme A,C21H36N7O16P3S,-H,-CH2O3,189,1.6369069631122377,59.12693347121898,0.01694915254237288,0.01694915254237288,0.0024029369229057736,0.005799975958648876,0.00035437744741924625,0.00035437744741924625,1.6380439256182884,41,1.310734510421753,1.2899761199951172,232.0,10.138005256652832,0.8365589380264282,0.021168146282434464,0.020758336409926414,60.24056645359064,1.564946000708065,4.617566844444809e-07,4.534803110800567e-07,8.173093374352902e-05,3.6388169064593967e-06,3.2235107028100174e-07,8.379984706152754e-09,8.276380469851574e-09,0.0004617528628021053,0.0004616078846488142
2021-07-30_02h22m33s_C21H36N7O16P3S_[M]-_-H2_189,2021-07-30_02h22m33s,Coenzyme A,C21H36N7O16P3S,[M]-,-H2,189,36.322738638082335,4561.92291399713,0.3728813559322034,0.3728813559322034,0.0027366781621982425,0.004958528669311215,0.0002657830855644347,0.0002657830855644347,36.3580083802046,59,96.34918212890625,96.32962799072266,17053.8046875,168.3854217529297,0.39417919516563416,0.020120300352573395,0.019551590085029602,4688.161924711115,243.81137293556853,3.510290116537362e-05,3.5095217754133046e-05,0.006213213782757521,5.902252087253146e-05,1.606383221997021e-07,8.051964428545944e-09,7.683458314033942e-09,0.03510263145576812,0.03509726319989939
2021-07-30_02h22m33s_C21H36N7O16P3S_-H_-NH3_189,2021-07-30_02h22m33s,Coenzyme A,C21H36N7O16P3S,-H,-NH3,189,1.1045018180530084,79.05499699070873,0.011299435028248588,0.011299435028248588,0.0018800756480142396,0.004627960091357134,0.00023034534082251004,0.00023034534082251004,1.1056979560498954,53,1.0838817358016968,1.071840524673462,191.84707641601562,10.895626068115234,0.9384951591491699,0.012710477225482464,0.012041168287396431,83.11231876742275,1.1536852800639088,4.1214147472601326e-07,4.070251407028991e-07,7.29490420781076e-05,4.169161002209876e-06,3.4510546242927376e-07,5.290941018643025e-09,5.116346457612053e-09,0.0004121393660782276,0.0004119992915199927
2021-07-30_02h22m33s_C21H36N7O16P3S_-H_-CH2O2_189,2021-07-30_02h22m33s,Coenzyme A,C21H36N7O16P3S,-H,-CH2O2,189,3.8927250316766306,215.59539413548927,0.03954802259887006,0.03954802259887006,0.0013794637890755367,0.0032455824017309774,0.0001594698513386608,0.0001594698513386608,3.890814448041643,36,2.645663022994995,2.6340389251708984,468.2823486328125,13.349717140197754,0.33259937167167664,0.01127142645418644,0.011624038219451904,209.57343260561368,7.930659490566475,9.099438216253475e-07,9.05403226170165e-07,0.00016106005932670087,4.626856480172137e-06,1.2959387163391511e-07,4.402854081320129e-09,4.540591458379595e-09,0.0009099396899609636,0.0009098259137626701
2021-07-30_02h22m33s_C21H36N7O16P3S_-H_+C12H14N2_189,2021-07-30_02h22m33s,Coenzyme A,C21H36N7O16P3S,-H,+C12H14N2,189,5.206999932570923,29.07154014138289,0.536723163841808,0.536723163841808,0.10266992991433975,0.11663060463998076,0.09307723656466503,0.09307723656466503,5.210372990597,189,210.3892822265625,203.15611267089844,37238.90234375,350.62750244140625,10.813865661621094,7.235949993133545,7.233170509338379,29.082709891199983,19.453712030208077,7.686368189752102e-05,7.350330997724086e-05,0.013604871928691864,0.0001202868515974842,4.903590252069989e-06,3.3501235066069057e-06,3.360369191796053e-06,0.07660625659296719,0.07648861308002744
2021-07-30_02h22m33s_C21H36N7O16P3S_+Cl_+H2_189,2021-07-30_02h22m33s,Coenzyme A,C21H36N7O16P3S,+Cl,+H2,189,0.5337615001500456,8.650606046017275,0.005649717514124294,0.005649717514124294,0.0024696851707642674,0.005649717514124294,0.0005847227882417563,0.0005847227882417563,0.5365393335539297,37,0.3182452917098999,0.28577277064323425,56.32941436767578,4.222000598907471,0.5830466151237488,0.03578878566622734,0.03247252479195595,9.50765721103835,0.5448970740845225,1.2616645506113855e-07,1.1175941949659318e-07,2.233146187791135e-05,1.6737872101657558e-06,2.3560082240692282e-07,1.589043563399173e-08,1.4407032900010108e-08,0.00012616463740305667,0.00012613673714213214
2021-07-30_02h22m33s_C21H36N7O16P3S_+Cl_-H3PO4_189,2021-07-30_02h22m33s,Coenzyme A,C21H36N7O16P3S,+Cl,-H3PO4,189,1.6369069631122377,59.12693347121898,0.01694915254237288,0.01694915254237288,0.0024029369229057736,0.005799975958648876,0.00035437744741924625,0.00035437744741924625,1.6380439256182884,41,1.310734510421753,1.2899761199951172,232.0,10.138005256652832,0.8365589380264282,0.021168146282434464,0.020758336409926414,60.24056645359064,1.564946000708065,4.617566844444809e-07,4.534803110800567e-07,8.173093374352902e-05,3.6388169064593967e-06,3.2235107028100174e-07,8.379984706152754e-09,8.276380469851574e-09,0.0004617528628021053,0.0004616078846488142
2021-07-30_02h22m33s_C21H36N7O16P3S_[M]-_-CH2O3_189,2021-07-30_02h22m33s,Coenzyme A,C21H36N7O16P3S,[M]-,-CH2O3,189,0.5373596699270822,11.433499553194265,0.005649717514124294,0.005649717514124294,0.0021136945155189675,0.004808270224786633,0.0005138472987579071,0.0005138472987579071,0.5393472149331915,65,0.38218680024147034,0.35222306847572327,67.64706420898438,5.0702805519104,0.3869302272796631,0.03242693096399307,0.029963726177811623,12.343049348994132,0.9851946906059159,1.1069808181218832e-07,9.753271257295637e-08,1.959356086445041e-05,1.4685757605548133e-06,1.541745433542019e-07,1.4365195255550134e-08,1.316537012741037e-08,0.00011069662445015558,0.00011068101761683927
2021-07-30_02h22m33s_C21H36N7O16P3S_+Cl_-CH2O2_189,2021-07-30_02h22m33s,Coenzyme A,C21H36N7O16P3S,+Cl,-CH2O2,189,24.181185146718697,978.4851826645083,0.2542372881355932,0.2542372881355932,0.002503059294693514,0.004537805024642385,0.0005138472987579071,0.0005138472987579071,24.313037297021125,51,33.405338287353516,33.375484466552734,5912.7451171875,65.43250274658203,0.3620038330554962,0.033139850944280624,0.029854800552129745,1082.6625902479775,92.0247535850303,1.2354646059975494e-05,1.2342838090262376e-05,0.0021867724135518074,2.3587524992763065e-05,1.412669092815122e-07,1.3005345245176159e-08,1.1807957278620052e-08,0.012354500178565186,0.012352901003830023
2021-07-30_02h22m33s_C21H36N7O16P3S_[M]-_-CH2O2_189,2021-07-30_02h22m33s,Coenzyme A,C21H36N7O16P3S,[M]-,-CH2O2,189,2.709630906951687,72.43211705530261,0.02824858757062147,0.02824858757062147,0.0017020803203915897,0.0037264094242096405,0.0004252529369030955,0.0004252529369030955,2.706177601404394,70,2.040678024291992,2.0126543045043945,361.20001220703125,12.106857299804688,0.25971871614456177,0.027173662558197975,0.02802375517785549,70.31061321275843,7.827125165653582,7.854230261727935e-07,7.724690931354417e-07,0.00013901987404096872,4.6616278268629685e-06,1.0494694890894607e-07,1.256097714730231e-08,1.2953931260994977e-08,0.0007854128519886972,0.000785340607072227
2021-07-30_02h22m33s_C21H36N7O16P3S_+Cl_-H2O_189,2021-07-30_02h22m33s,Coenzyme A,C21H36N7O16P3S,+Cl,-H2O,189,3.296377559260121,59.63801711175666,0.03389830508474576,0.03389830508474576,0.0016575814884859273,0.00381656449092439,0.000283501957935397,0.000283501957935397,3.293537054172591,43,2.2128281593322754,2.1755943298339844,391.67059326171875,12.232152938842773,0.2962207794189453,0.03610432147979736,0.03723379969596863,57.8762293292444,7.445065461635171,8.024491648939147e-07,7.841243245820806e-07,0.00014203350292518735,4.604361492965836e-06,1.2028662865759543e-07,1.776894187344169e-08,1.832482077190889e-08,0.0008024344604262462,0.0008023526525983392
2021-07-30_02h22m33s_C21H36N7O16P3S_[M]-_-CO2_189,2021-07-30_02h22m33s,Coenzyme A,C21H36N7O16P3S,[M]-,-CO2,189,1.6369069631122377,53.94774853559114,0.01694915254237288,0.01694915254237288,0.0015240849927689397,0.003425892535160476,0.00035437744741924625,0.00035437744741924625,1.635156232492474,62,1.1906059980392456,1.1688772439956665,210.7372589111328,9.10493278503418,0.23829953372478485,0.021069614216685295,0.021728750318288803,52.38325826832716,4.975379514982865,4.610433848029061e-07,4.51668398682159e-07,8.160468132700771e-05,3.5578689221438253e-06,1.0089291890835739e-07,9.090606489792208e-09,9.37499411435283e-09,0.00046103906256440803,0.0004609968734827328
2021-07-30_02h22m33s_C21H36N7O16P3S_+Cl_-NH3_189,2021-07-30_02h22m33s,Coenzyme A,C21H36N7O16P3S,+Cl,-NH3,189,4.979201201565232,44.24605710014389,0.05649717514124294,0.05649717514124294,0.002770052286127489,0.004898425291501383,0.0013466343001931357,0.0013466343001931357,4.968755178151097,90,3.831970453262329,3.744704008102417,678.2587890625,15.938349723815918,0.34229087829589844,0.0856059193611145,0.08726642280817032,43.41368247799463,11.162459288997987,1.3746629292654688e-06,1.3365594213610166e-06,0.00024331534223165363,5.722100922866957e-06,1.3873375337425387e-07,3.7408796060844907e-08,3.8103493693597557e-08,0.0013746105518009772,0.0013744722435722093
2021-07-30_02h22m33s_C21H36N7O16P3S_+Cl_+HCl_189,2021-07-30_02h22m33s,Coenzyme A,C21H36N7O16P3S,+Cl,+HCl,189,8.25516787229144,514.2528449661621,0.0847457627118644,0.0847457627118644,0.0019356991878963178,0.00432744320230797,0.0002657830855644347,0.0002657830855644347,8.248487086539402,47,9.375207901000977,9.357438087463379,1659.411865234375,33.318241119384766,0.39109325408935547,0.01723073609173298,0.01776977628469467,499.4842644259829,23.910658505908465,3.5650139125209535e-06,3.5570619729696773e-06,0.0006310074822977185,1.2898794011562131e-05,1.5591007240800536e-07,7.710811544825447e-09,7.952034586367063e-09,0.0035649855636324516,0.00356445817758839
2021-07-30_02h22m33s_C21H36N7O16P3S_+Cl_-CO2_189,2021-07-30_02h22m33s,Coenzyme A,C21H36N7O16P3S,+Cl,-CO2,189,20.454138594284053,559.4616346785333,0.21468926553672316,0.21468926553672316,0.0018355768161085772,0.0029751172015867293,0.0004961284263869447,0.0004961284263869447,20.459503798863167,50,17.90034294128418,17.869565963745117,3168.36083984375,36.12523651123047,0.2067023366689682,0.030995657667517662,0.03077748604118824,563.3026765579484,86.18267482379548,6.654031494690571e-06,6.640656465606298e-06,0.0011777635663747787,1.3472348655341193e-05,8.182956889868365e-08,1.3362186024323819e-08,1.3374934937360194e-08,0.006653942498642575,0.006653487042714193
2021-07-30_02h22m33s_C21H36N7O16P3S_+Cl_-H2_189,2021-07-30_02h22m33s,Coenzyme A,C21H36N7O16P3S,+Cl,-H2,189,22.322005519690062,2397.6818912911262,0.22598870056497175,0.22598870056497175,0.0012793414172877961,0.002043514845534319,0.00012403210659673618,0.00012403210659673618,22.353785157556402,25,22.611675262451172,22.604421615600586,4002.2666015625,46.36347579956055,0.14775213599205017,0.00843064021319151,0.007253236137330532,2739.7344370380274,152.00907947741752,8.37924744701013e-06,8.376026926271152e-06,0.0014831267762929201,1.685467032075394e-05,5.763260801927572e-08,3.599848419355567e-09,3.220766098266381e-09,0.008379220459500944,0.008378764556956733
2021-07-30_02h22m33s_C21H36N7O16P3S_[M]-_+C12H14N2_189,2021-07-30_02h22m33s,Coenzyme A,C21H36N7O16P3S,[M]-,+C12H14N2,189,27.315827977608926,415.42368858670943,0.3389830508474576,0.3389830508474576,0.0056179775280898875,0.009285971871619185,0.0024097666424508744,0.0024097666424508744,27.35104674917378,116,64.41413879394531,64.26168060302734,11401.302734375,112.35277557373047,0.6692665815353394,0.15405648946762085,0.1524611860513687,419.74221919791296,96.10226821452999,2.3736052753520198e-05,2.366977059864439e-05,0.004201281350106001,4.027182512800209e-05,2.770656806205807e-07,6.685455389288109e-08,6.628239646033762e-08,0.023734479575335206,0.023729478129511473
2021-07-30_02h22m33s_C21H36N7O16P3S_[M]-_-NH3_189,2021-07-30_02h22m33s,Coenzyme A,C21H36N7O16P3S,[M]-,-NH3,189,1.6625116395256936,128.90638127781364,0.01694915254237288,0.01694915254237288,0.0012014684614528868,0.002824858757062147,0.00019490759608058544,0.00019490759608058544,1.6615179093262082,34,1.5553340911865234,1.5439223051071167,275.29412841796875,11.866744995117188,0.2897866666316986,0.011065609753131866,0.011411783285439014,125.31108990689326,5.348711855335725,6.451285230468784e-07,6.397680749614665e-07,0.00011418774374760687,4.964976596966153e-06,1.1481854755857057e-07,5.197847485760576e-09,5.360455634928485e-09,0.0006451250648825891,0.0006450544588308192
2021-07-30_02h22m33s_C6H9N3O2_-H__179,2021-07-30_02h22m33s,Histidine,C6H9N3O2,-H,,179,85.4977328224254,14181.398658755348,0.9943502824858758,0.7909604519774012,0.004639003226165313,0.004477701646832552,0.0016301362581285328,0.0016301362581285328,97.66044847865578,5,40984.73828125,40984.46484375,7254299.0,62932.1796875,60.962703704833984,2.8890349864959717,0.27158451080322266,150356.079149474,672.280976885599,0.016061298549175262,0.01606118120253086,2.8428497314453125,0.022152898833155632,2.3458083887817338e-05,1.3397835800788016e-06,1.1742302064021715e-07,16.05941280441406,15.69316692302932
2021-07-30_02h22m33s_C6H9N3O2_-H_+H2_179,2021-07-30_02h22m33s,Histidine,C6H9N3O2,-H,+H2,179,0.3577112841408537,2.867102924437396,0.005649717514124294,0.005649717514124294,0.0075648014239626206,0.010578194494530593,0.005794071265304676,0.005794071265304676,0.35439447409162145,70,1.511864423751831,0.9721227884292603,267.6000061035156,20.057153701782227,6.459378242492676,0.5263143181800842,0.5397416353225708,2.795909034912676,0.2340210382431869,4.5011009319750883e-07,1.7429570675631112e-07,7.966948760440573e-05,5.971384325675899e-06,2.863576582967653e-06,2.68952845772219e-07,2.758143864411977e-07,0.00044998598059036517,0.00044882484887042947
2021-07-30_02h22m33s_C6H9N3O2_+Cl__179,2021-07-30_02h22m33s,Histidine,C6H9N3O2,+Cl,,179,1.0448340177884095,2.5042323146980805,0.903954802259887,0.8305084745762712,0.8749805317610413,0.9084325039067196,0.8551659372397541,0.8551659372397541,1.044688042288045,189,360.7090148925781,216.53741455078125,63845.49609375,309.9170837402344,341.3883972167969,144.03875732421875,144.17160034179688,2.5019248736405393,1.056591147332887,0.00016980551299639046,9.581706399330869e-05,0.03005557507276535,0.00016543673700653017,0.000178122179931961,7.369935337919742e-05,7.398844900308177e-05,0.15810739226665854,0.14413234542973893
2021-07-30_02h22m33s_C6H9N3O2_-H_+HCl_179,2021-07-30_02h22m33s,Histidine,C6H9N3O2,-H,+HCl,179,1.0448340177884095,2.5042323146980805,0.903954802259887,0.8305084745762712,0.8749805317610413,0.9084325039067196,0.8551659372397541,0.8551659372397541,1.044688042288045,189,360.7090148925781,216.53741455078125,63845.49609375,309.9170837402344,341.3883972167969,144.03875732421875,144.17160034179688,2.5019248736405393,1.056591147332887,0.00016980551299639046,9.581706399330869e-05,0.03005557507276535,0.00016543673700653017,0.000178122179931961,7.369935337919742e-05,7.398844900308177e-05,0.15810739226665854,0.14413234542973893
2021-07-30_02h22m33s_C6H9N3O2_+Cl_+H2_179,2021-07-30_02h22m33s,Histidine,C6H9N3O2,+Cl,+H2,179,0.9123147716599986,1.1129893949066274,0.7401129943502824,0.7401129943502824,0.8145511180331516,0.8375105180911168,0.8012474086149157,0.8012474086149157,0.9105006919312102,189,239.71910095214844,24.267868041992188,42430.28125,166.89321899414062,251.87704467773438,215.38209533691406,215.45123291015625,1.1126322420251336,0.9517268615407003,0.00010973422467941418,-1.0884832590818405e-07,0.01942295767366886,8.694754069438204e-05,0.0001282877055928111,0.00010948353883577511,0.00010984307300532237,0.09887364020056189,0.09725730780852475
2021-07-30_02h22m33s_C6H9N3O2_-H_+C12H14N2_179,2021-07-30_02h22m33s,Histidine,C6H9N3O2,-H,+C12H14N2,179,1.0984574214779672,1.6429099085226335,0.6892655367231638,0.6892655367231638,0.6209700745355434,0.6265176102896983,0.6174849832556656,0.6174849832556656,1.1020333123617896,189,122.19063568115234,48.18025207519531,21627.7421875,102.42031860351562,76.16458129882812,74.37351989746094,74.01038360595703,1.6509708335099609,1.604276283295856,5.134087768965401e-05,1.5674293535994366e-05,0.00908733531832695,4.242662907927297e-05,3.6663397622760385e-05,3.5740431485464796e-05,3.566658415365964e-05,0.04957278575479913,0.04952511857502356
2021-07-30_02h22m33s_C6H9N3O2_+Cl_+C12H14N2_179,2021-07-30_02h22m33s,Histidine,C6H9N3O2,+Cl,+C12H14N2,179,0.990708718551018,0.9113545047021584,0.672316384180791,0.672316384180791,0.6472577594838136,0.6108907320591417,0.6686216489182628,0.6686216489182628,0.9937222260437484,188,82.7650375366211,-7.7184600830078125,14649.412109375,68.02241516113281,75.80935668945312,90.81441497802734,90.4834976196289,0.9146874847506119,1.0917378726452491,3.7268720916472375e-05,-8.101302228169516e-06,0.006596563849598169,3.2479834771947935e-05,3.771833871724084e-05,4.53903412562795e-05,4.537002314464189e-05,0.03565122405592045,0.03591410070148853
2021-07-30_02h22m33s_C6H9N3O2_[M]-__179,2021-07-30_02h22m33s,Histidine,C6H9N3O2,[M]-,,179,0.10539007577191083,0.25558736875375987,0.01694915254237288,0.01694915254237288,0.22078095449994437,0.3405156869816084,0.1508230416216312,0.1508230416216312,0.1062211204754185,189,2.608574390411377,-7.469237804412842,461.7176513671875,20.424686431884766,29.64585304260254,10.205194473266602,10.077812194824219,0.25881764041113503,0.08798823897642204,9.09886864519649e-07,-3.907405698555522e-06,0.0001610499748494476,7.410434136545518e-06,1.3625067367684096e-05,4.861600245931186e-06,4.817292392544914e-06,0.0009055246873321024,0.0008976562378065133
2021-07-30_02h22m33s_C6H9N3O2_-H_-CH2O2_179,2021-07-30_02h22m33s,Histidine,C6H9N3O2,-H,-CH2O2,179,0.9273231416844421,1.5319097986607566,0.022598870056497175,0.022598870056497175,0.01393925909444877,0.013162639740353407,0.014370005492850436,0.014370005492850436,0.9334651443855569,166,1.366434097290039,0.48652440309524536,241.85882568359375,9.280723571777344,0.8122456073760986,0.8909807801246643,0.8799096941947937,1.5511625156299873,1.6802231514029062,5.470454880196485e-07,1.2920543213112978e-07,9.682705422164872e-05,3.71535929843958e-06,3.805405413004337e-07,4.222446818857861e-07,4.178400558885187e-07,0.0005468170059713126,0.000546837394221648
2021-07-30_02h22m33s_C6H9N3O2_+Cl_-H2_179,2021-07-30_02h22m33s,Histidine,C6H9N3O2,+Cl,-H2,179,1.1164617675346264,2.1105420822208263,0.022598870056497175,0.022598870056497175,0.011947936366670376,0.014785430941218897,0.010241508230416215,0.010241508230416215,1.116081964785305,166,1.3299657106399536,0.700473964214325,235.4039306640625,8.839262008666992,0.936927318572998,0.6291536092758179,0.6294917464256287,2.1094101836856214,1.4179837651636156,5.521363277694036e-07,2.520588964216586e-07,9.772813064046204e-05,3.8128805499582086e-06,4.221855647301709e-07,2.995442400788306e-07,3.00077431347745e-07,0.0005519706938214225,0.0005519033221536636
2021-07-30_02h22m33s_C6H9N3O2_+Cl_-CH2O2_179,2021-07-30_02h22m33s,Histidine,C6H9N3O2,+Cl,-CH2O2,179,1.1182988905782272,3.66640505030639,0.01694915254237288,0.01694915254237288,0.011536322171542997,0.022328404856352926,0.005156191859950033,0.005156191859950033,1.117978152367057,178,1.1062146425247192,0.8057016134262085,195.79998779296875,8.457433700561523,1.4341607093811035,0.30071642994880676,0.30051302909851074,3.6688784091094626,0.7707949606575849,5.499869075720198e-07,4.012603085357114e-07,9.734768536873162e-05,4.20364131059614e-06,7.285264587153506e-07,1.4869672781969712e-07,1.4872658482545376e-07,0.0005499051220612377,0.0005495865192513919
2021-07-30_02h22m33s_C6H9N3O2_+Cl_+HCl_179,2021-07-30_02h22m33s,Histidine,C6H9N3O2,+Cl,+HCl,179,1.0890163849333405,2.682149368919621,0.01694915254237288,0.01694915254237288,0.01043497608187785,0.01866209880995312,0.005563725924482166,0.005563725924482166,1.0867180593296362,164,0.8560984134674072,0.5357829332351685,151.5294189453125,6.524028778076172,1.272268295288086,0.3181837201118469,0.32031548023223877,2.6643547109795045,0.6723629392450309,3.451790746566985e-07,1.9604867418365757e-07,6.109669629950076e-05,2.676319354577572e-06,5.603720296676329e-07,1.480751734561636e-07,1.4913040047304094e-07,0.0003451276056386553,0.00034498575428936097
2021-07-30_02h22m33s_C6H9N3O2_[M]-_+C12H14N2_179,2021-07-30_02h22m33s,Histidine,C6H9N3O2,[M]-,+C12H14N2,179,1.1991607163060474,1.3517080905661512,0.4180790960451977,0.4180790960451977,0.3422405161864501,0.34793845414112273,0.3386430887538317,0.3386430887538317,1.2032712626504205,189,37.90530776977539,9.959924697875977,6709.2392578125,50.1768684387207,29.172718048095703,28.04152488708496,27.945383071899414,1.3563582690559284,1.2992964320586362,1.627872188691981e-05,2.99156363325892e-06,0.0028813336975872517,2.231390135420952e-05,1.381268521072343e-05,1.3293883966980502e-05,1.3287158253660891e-05,0.0160652602318332,0.016056932532399947
2021-07-30_02h22m33s_C6H9N3O2_[M]-_-H2_179,2021-07-30_02h22m33s,Histidine,C6H9N3O2,[M]-,-H2,179,0.8213368818214587,0.9248227729014769,0.1694915254237288,0.1694915254237288,0.22326176437868506,0.2691729775213367,0.19636054361500435,0.19636054361500435,0.8166848448161524,189,13.711930274963379,-1.2164726257324219,2427.01171875,31.466049194335938,23.028118133544922,14.825549125671387,14.9284029006958,0.9184513517499296,0.5954170800396459,5.773974862677278e-06,-1.5638593140465673e-06,0.0010219935793429613,1.3440314432955347e-05,1.090332807507366e-05,7.268724857567577e-06,7.337834176723845e-06,0.005731915020740015,0.005711698341790878
2021-07-30_02h22m33s_C6H9N3O2_+Cl_-CO2_179,2021-07-30_02h22m33s,Histidine,C6H9N3O2,+Cl,-CO2,179,1.5306930704299,1.8343808054136455,0.062146892655367235,0.022598870056497175,0.0359661808877517,0.044927274912850104,0.030600492584651914,0.030600492584651914,1.5586215124902931,181,3.306391954421997,1.567151665687561,585.2313842773438,14.087016105651855,5.620623588562012,1.8014566898345947,1.739240288734436,1.8999628820376995,0.5881560553341421,1.466073740630236e-06,6.230611688806675e-07,0.0002594950492493808,6.6150014390586875e-06,2.3548559511255007e-06,8.66886750827689e-07,8.430125717495685e-07,0.001464838863053095,0.0014626294589445488
2021-07-30_02h22m33s_C6H9N3O2_-H_-NH3_179,2021-07-30_02h22m33s,Histidine,C6H9N3O2,-H,-NH3,179,16.318876420357487,695.9281256338863,0.7796610169491526,0.711864406779661,0.03391923462009122,0.02341026565692992,0.03777663589489165,0.03777663589489165,17.82351598898477,7,3195.124267578125,3191.153076171875,565537.0,5220.6259765625,4.840949535369873,4.590169906616211,3.971304178237915,804.3503528965546,659.883843116934,0.001267423271201551,0.0012654089368879795,0.22433391213417053,0.0018758660880848765,2.315892515980522e-06,2.290722022735281e-06,2.0143256733717863e-06,1.264875400209293,1.2644948370718803
2021-07-30_02h22m33s_C6H9N3O2_+Cl_-NH3_179,2021-07-30_02h22m33s,Histidine,C6H9N3O2,+Cl,-NH3,179,2.9377365077773736,6.533675896158897,0.05649717514124294,0.05649717514124294,0.013138280120146846,0.019533597788195696,0.009231532505271365,0.009231532505271365,2.937844566012513,184,4.152542591094971,3.5164377689361572,735.0,18.057235717773438,1.4287033081054688,0.6345599293708801,0.6361047625541687,6.517833228003704,2.9044785498871066,1.5816892755537992e-06,1.2945546359333093e-06,0.00027995900018140674,7.143406492104987e-06,6.171771929075476e-07,2.8643469818234735e-07,2.871346396204899e-07,0.001581235248140669,0.0015807136951126591
2021-07-30_02h22m33s_C6H9N3O2_[M]-_-H2O_179,2021-07-30_02h22m33s,Histidine,C6H9N3O2,[M]-,-H2O,179,3.8181024839022437,8.268594491157486,0.192090395480226,0.192090395480226,0.14006007342307264,0.3089614136314461,0.04031043464393926,0.04031043464393926,3.8408587394910048,189,20.86739730834961,18.359909057617188,3693.529296875,48.93803024291992,30.771270751953125,2.522693395614624,2.5074875354766846,8.318716761885048,0.6781234143088107,8.215190064220224e-06,6.995781859586714e-06,0.0014540886040776968,1.8501674276194535e-05,1.3541208318201825e-05,1.222871560457861e-06,1.219408090946672e-06,0.008205184595736471,0.008105432711366442
2021-07-30_02h22m33s_C6H9N3O2_[M]-_-NH3_179,2021-07-30_02h22m33s,Histidine,C6H9N3O2,[M]-,-NH3,179,0.6717307190716845,0.8648117925252953,0.02824858757062147,0.02824858757062147,0.03017020803203916,0.02698641663661498,0.032053440119070825,0.032053440119070825,0.6769952575518376,187,1.7717514038085938,-0.25458455085754395,313.6000061035156,10.520586967468262,1.7199530601501465,2.047713279724121,2.0263359546661377,0.8739308350600266,1.0295175649090715,8.28146028197807e-07,-1.7610324221095652e-07,0.0001465818495489657,5.093901108921273e-06,8.474908668176795e-07,1.011323092825478e-06,1.0042492704087636e-06,0.0008273151975143052,0.0008274447763070908
2021-07-30_02h22m33s_C6H9N3O2_[M]-_-CO2_179,2021-07-30_02h22m33s,Histidine,C6H9N3O2,[M]-,-CO2,179,0.0,0.0,0.0,0.0,0.000467237735009456,0.0004808270224786633,0.0004606906816450201,0.0004606906816450201,0.0,16,0.0,-0.025364460423588753,0.0,0.0,0.027903875336050987,0.02586955390870571,0.025364460423588753,0.0,0.0,0.0,-1.06532942467652e-08,0.0,0.0,1.1561257728942564e-08,1.094787727140556e-08,1.06532942467652e-08,0.0,0.0
2021-07-30_02h22m33s_C6H9N3O2_[M]-_-CH2O2_179,2021-07-30_02h22m33s,Histidine,C6H9N3O2,[M]-,-CH2O2,179,0.4187886406669986,1.953309609804866,0.005649717514124294,0.005649717514124294,0.003626654800311492,0.0038466161798293066,0.0034906178570795754,0.0034906178570795754,0.4211137349895064,89,0.4005539119243622,0.20061826705932617,70.89804077148438,5.313949108123779,0.22513003647327423,0.20406422019004822,0.199935644865036,1.9934437824279774,1.7713432420186368,2.393038300851913e-07,1.4502793987958285e-07,4.2356776248198e-05,3.1747242701385403e-06,1.025218736572242e-07,9.581168569638976e-08,9.427589020560845e-08,0.0002392812716302988,0.0002392792987231588
2021-07-30_02h22m33s_C6H9N3O2_[M]-_+HCl_179,2021-07-30_02h22m33s,Histidine,C6H9N3O2,[M]-,+HCl,179,1.0862024295110122,1.43594990966088,0.6836158192090396,0.6836158192090396,0.6067081989097787,0.5848359177785791,0.6193631837269876,0.6193631837269876,1.0910982980305315,189,184.43212890625,56.68280029296875,32644.486328125,150.2571563720703,145.3272705078125,128.4381103515625,127.74932861328125,1.443692011662473,1.2690726192625774,8.514558430761099e-05,2.1032137738075107e-05,0.01507076807320118,7.809292583260685e-05,7.309476495720446e-05,6.425156607292593e-05,6.411344656953588e-05,0.08001551393049429,0.07934582022772857
2021-07-30_02h22m33s_C6H9N3O2_-H_-CO2_179,2021-07-30_02h22m33s,Histidine,C6H9N3O2,-H,-CO2,179,5.364555871673079,156.44136989510827,0.05649717514124294,0.05649717514124294,0.0007231060184670152,0.0007512922226229114,0.0005315661711288693,0.0005315661711288693,5.3669049411354885,10,5.00221586227417,4.971469402313232,885.3922119140625,21.707229614257812,0.06066906452178955,0.030975019559264183,0.030746258795261383,157.56867272249502,81.11385994037148,2.214185542470659e-06,2.200968310717144e-06,0.00039191084215417504,9.429772035218775e-06,2.5933992731097533e-08,1.3322294378781407e-08,1.3217144712029949e-08,0.0022141562776467226,0.002214128121288056
2021-07-30_02h22m33s_C6H9N3O2_[M]-_+H2_179,2021-07-30_02h22m33s,Histidine,C6H9N3O2,[M]-,+H2,179,1.144238044378467,1.2967290926103545,0.24293785310734464,0.24293785310734464,0.21136945155189676,0.22655968265416515,0.20231408473164766,0.20231408473164766,1.1520222923481276,189,18.568096160888672,4.373753547668457,3286.552978515625,34.441017150878906,16.466142654418945,14.3181791305542,14.194342613220215,1.3080414236424336,1.1275845816460415,8.136381438816898e-06,1.2079058251401875e-06,0.0014401394873857498,1.538321521366015e-05,7.866478881624062e-06,6.970144113438437e-06,6.92847561367671e-06,0.008080396607969742,0.008072876327671308
2021-07-30_02h22m33s_C21H28N7O14P2_[M]-__87,2021-07-30_02h22m33s,Nicotinamide adenine dinucleotide (NAD),C21H28N7O14P2,[M]-,,87,28.198622790794772,54264.69297897829,0.2824858757062147,0.22598870056497175,0.0014795861608632773,0.0024642384902031494,1.7718872370962312e-05,1.7718872370962312e-05,28.197359694788418,2,1461.4466552734375,1461.4200439453125,258676.0625,4121.7724609375,33.86541748046875,0.025931814685463905,0.026588553562760353,52972.93502353566,43.15326993521753,0.0005514108343049884,0.0005513978539966047,0.09759972244501114,0.0015401819255203009,1.4327939425129443e-05,1.264900539865721e-08,1.2969349150182552e-08,0.5514036829581014,0.5436218533204366
2021-07-30_02h22m33s_C21H28N7O14P2_-H_-HPO3_87,2021-07-30_02h22m33s,Nicotinamide adenine dinucleotide (NAD),C21H28N7O14P2,-H,-HPO3,87,10.952312436392509,259.34731605942136,0.11864406779661017,0.11864406779661017,0.004449883190566248,0.009977160716432263,0.0008327870014352287,0.0008327870014352287,10.949357717969944,128,12.237908363342285,12.19155216217041,2166.10986328125,37.26274490356445,1.8006010055541992,0.04618733376264572,0.04635655879974365,258.42055828196135,6.7927961438818825,4.577292656904319e-06,4.556018211587798e-06,0.0008101807907223701,1.375755891785957e-05,7.593141049255792e-07,2.1133484295887683e-08,2.1274463080089845e-08,0.004577195279532335,0.004573819691099481
2021-07-30_02h22m33s_C21H28N7O14P2_-H_+H2_87,2021-07-30_02h22m33s,Nicotinamide adenine dinucleotide (NAD),C21H28N7O14P2,-H,+H2,87,28.099221614170013,22497.939799819567,0.2824858757062147,0.23163841807909605,0.0019801980198019802,0.0037564611131145572,5.315661711288694e-05,5.315661711288694e-05,28.095459329088005,3,360.89324951171875,360.8778381347656,63878.10546875,1006.0303344726562,9.362255096435547,0.01504116877913475,0.01542209554463625,21976.07781118975,38.543566932092396,0.000136408896651119,0.00013640205725096166,0.024144373834133148,0.0003746321890503168,3.917420599464094e-06,6.67484290062248e-09,6.843887678797955e-09,0.13640796309034112,0.13587661081691943
2021-07-30_02h22m33s_C21H28N7O14P2_[M]-_-H3PO4_87,2021-07-30_02h22m33s,Nicotinamide adenine dinucleotide (NAD),C21H28N7O14P2,[M]-,-H3PO4,87,0.5410066805990003,20.58424010083064,0.005649717514124294,0.005649717514124294,0.0017020803203915897,0.00381656449092439,0.00044297180927405777,0.00044297180927405777,0.5404261180855074,58,0.5144566297531128,0.4898562431335449,91.05882263183594,6.825038433074951,0.3335454761981964,0.023992743343114853,0.024600377306342125,20.09566591917626,1.537777869841321,1.4327609676456632e-07,1.3341208671135973e-07,2.5359870051033795e-05,1.9007723039976554e-06,1.1874754335394755e-07,9.620372054541804e-09,9.864014494098683e-09,0.00014327468350101163,0.00014325908510014754
2021-07-30_02h22m33s_C21H28N7O14P2_+Cl_-H2_87,2021-07-30_02h22m33s,Nicotinamide adenine dinucleotide (NAD),C21H28N7O14P2,+Cl,-H2,87,1.06931303501059,23.570118060467287,0.011299435028248588,0.0,0.002981421737679386,0.007032095203750451,0.000567003915870794,0.000567003915870794,1.080852236171015,7,0.6040545105934143,0.5833351612091064,106.91764831542969,5.9594597816467285,2.351956844329834,0.02462797984480858,0.020719343796372414,27.811821400161456,0.2567214575350447,1.630022552490118e-07,1.5492105376324616e-07,2.8851398383267224e-05,1.6047264352891943e-06,9.342669500256306e-07,9.955369861813779e-09,8.081203262122472e-09,0.00016300093800529985,0.00016285010977364224
2021-07-30_02h22m33s_C21H28N7O14P2_+Cl_+H2_87,2021-07-30_02h22m33s,Nicotinamide adenine dinucleotide (NAD),C21H28N7O14P2,+Cl,+H2,87,2.5907430273220404,42.3589267618635,0.02824858757062147,0.02824858757062147,0.003203915897207698,0.006971991825940618,0.0009036624909190779,0.0009036624909190779,2.5939425882083276,85,2.207599639892578,2.15700101852417,390.7451171875,13.868226051330566,1.1787521839141846,0.05111651495099068,0.05059858411550522,42.784112737488876,1.8712401383892328,8.062670531217009e-07,7.848516929698235e-07,0.00014270926476456225,5.115257863508305e-06,4.471745285172801e-07,2.1755640844389745e-08,2.141536725730475e-08,0.0008062497869864115,0.0008059066721855374
2021-07-30_02h22m33s_C21H28N7O14P2_-H_+C12H14N2_87,2021-07-30_02h22m33s,Nicotinamide adenine dinucleotide (NAD),C21H28N7O14P2,-H,+C12H14N2,87,4.5385669333475755,14.90018406777782,0.1638418079096045,0.1638418079096045,0.025152964734675716,0.02280923187883159,0.026099899002427485,0.026099899002427485,4.517235581897868,181,24.869216918945312,23.19093894958496,4401.8515625,67.61300659179688,1.785030722618103,1.6680543422698975,1.6782786846160889,14.809463817276304,13.92429402473552,9.274997864849865e-06,8.547593097318895e-06,0.00164167454931885,2.4763390683801845e-05,7.573746643174672e-07,7.221744340313307e-07,7.274052222783212e-07,0.00926825608697079,0.009267978532719745
2021-07-30_02h22m33s_C21H28N7O14P2_[M]-_-H2_87,2021-07-30_02h22m33s,Nicotinamide adenine dinucleotide (NAD),C21H28N7O14P2,[M]-,-H2,87,26.325660341163754,8064.333274151349,0.2711864406779661,0.2711864406779661,0.0021136945155189675,0.0037564611131145572,0.0003012208303063593,0.0003012208303063593,26.399227586504583,39,149.9185791015625,149.90261840820312,26535.58984375,368.1968994140625,0.687886118888855,0.017590325325727463,0.015966128557920456,8836.345816298475,217.6246189186901,5.687373413820751e-05,5.686611984856427e-05,0.010066650807857513,0.00013720472634304315,2.8713307642647123e-07,8.377375237955675e-09,7.613746078050099e-09,0.05687330111933417,0.056857408495588534
2021-07-30_02h22m33s_C21H28N7O14P2_[M]-_-HPO3_87,2021-07-30_02h22m33s,Nicotinamide adenine dinucleotide (NAD),C21H28N7O14P2,[M]-,-HPO3,87,6.320493728026816,112.5448506152646,0.06779661016949153,0.06779661016949153,0.002358438091000111,0.0047782185358817165,0.0007264737672094548,0.0007264737672094548,6.309671158986392,82,4.914501190185547,4.870753765106201,869.86669921875,18.698875427246094,0.5074488520622253,0.042667046189308167,0.043747615069150925,109.82710883230091,9.665674669640314,1.8784389794745948e-06,1.8598834685690235e-06,0.00033248370164074004,7.316251867450774e-06,2.1957150408979942e-07,1.809717353751239e-08,1.8555494918359727e-08,0.0018784041247564033,0.001878026618345284
2021-07-30_02h22m33s_C21H28N7O14P2_+Cl_-H3PO4_87,2021-07-30_02h22m33s,Nicotinamide adenine dinucleotide (NAD),C21H28N7O14P2,+Cl,-H3PO4,87,0.0,0.0,0.0,0.0,0.0004116141951273779,0.0011119124894819088,0.0,0.0,0.0,1,0.0,0.0,0.0,0.0,2.19316029548645,0.0,0.0,0.0,0.0,0.0,0.0,0.0,0.0,9.239775522473792e-07,0.0,0.0,0.0,0.0
2021-07-30_02h22m33s_C21H28N7O14P2_+Cl_-CH2O3_87,2021-07-30_02h22m33s,Nicotinamide adenine dinucleotide (NAD),C21H28N7O14P2,+Cl,-CH2O3,87,1.6120790097812465,23.998710411064486,0.01694915254237288,0.01694915254237288,0.0024029369229057736,0.005529510758504628,0.0005138472987579071,0.0005138472987579071,1.6156628567788829,69,1.1138584613800049,1.074790358543396,197.1529541015625,8.64992618560791,0.6590767502784729,0.04541326314210892,0.03906813636422157,27.799108280329534,1.687468102626082,3.9746089441905497e-07,3.813907483163348e-07,7.035057933535427e-05,3.2651455512677785e-06,2.9548778002208564e-07,1.8854828809367064e-08,1.6070133668222297e-08,0.00039745450727199605,0.0003973434842749803
2021-07-30_02h22m33s_C21H28N7O14P2_+Cl_-HPO3_87,2021-07-30_02h22m33s,Nicotinamide adenine dinucleotide (NAD),C21H28N7O14P2,+Cl,-HPO3,87,0.0,0.0,0.0,0.0,0.0035821559684058295,0.007753335737468446,0.001134007831741588,0.001134007831741588,0.0,109,0.0,-0.07049062848091125,0.0,0.0,0.6827980279922485,0.06970701366662979,0.07049062848091125,0.0,0.0,0.0,-3.047969343583645e-08,0.0,0.0,2.7558763804336195e-07,3.0029188025082476e-08,3.047969343583645e-08,0.0,0.0
2021-07-30_02h22m33s_C21H28N7O14P2_-H_+HCl_87,2021-07-30_02h22m33s,Nicotinamide adenine dinucleotide (NAD),C21H28N7O14P2,-H,+HCl,87,6.299681064483911,196.46643012649034,0.06779661016949153,0.06779661016949153,0.0026810546223161643,0.005589614136314461,0.0007619115119513794,0.0007619115119513794,6.309671158986392,91,9.335681915283203,9.290179252624512,1652.4156494140625,37.8596305847168,0.4534604549407959,0.04651794955134392,0.04550253599882126,200.75640424255235,20.542341613638076,3.3682674711599248e-06,3.349081225678674e-06,0.0005961833521723747,1.374912608298473e-05,1.8046898730972316e-07,1.9645609583562873e-08,1.9186229494039253e-08,0.0033682028480470994,0.0033676597130219118
2021-07-30_02h22m33s_C21H28N7O14P2_+Cl__87,2021-07-30_02h22m33s,Nicotinamide adenine dinucleotide (NAD),C21H28N7O14P2,+Cl,,87,6.299681064483911,196.46643012649034,0.06779661016949153,0.06779661016949153,0.0026810546223161643,0.005589614136314461,0.0007619115119513794,0.0007619115119513794,6.309671158986392,91,9.335681915283203,9.290179252624512,1652.4156494140625,37.8596305847168,0.4534604549407959,0.04651794955134392,0.04550253599882126,200.75640424255235,20.542341613638076,3.3682674711599248e-06,3.349081225678674e-06,0.0005961833521723747,1.374912608298473e-05,1.8046898730972316e-07,1.9645609583562873e-08,1.9186229494039253e-08,0.0033682028480470994,0.0033676597130219118
2021-07-30_02h22m33s_C21H28N7O14P2_[M]-_-NH3_87,2021-07-30_02h22m33s,Nicotinamide adenine dinucleotide (NAD),C21H28N7O14P2,[M]-,-NH3,87,15.877775491516303,2461.9038328890674,0.1638418079096045,0.1638418079096045,0.0026143063744576704,0.005649717514124294,0.0003189397026773216,0.0003189397026773216,15.893316590184446,87,46.678524017333984,46.66115951538086,8262.0986328125,157.4688720703125,0.40445035696029663,0.017960336059331894,0.017362896353006363,2542.0022593381245,115.12759383735094,1.7070922694983892e-05,1.7063357518054545e-05,0.0030215533915907145,5.712731945095584e-05,1.645813370032556e-07,7.85669929115329e-09,7.564682213967444e-09,0.017070793559855472,0.017068113602027146
2021-07-30_02h22m33s_C21H28N7O14P2_-H_-CO2_87,2021-07-30_02h22m33s,Nicotinamide adenine dinucleotide (NAD),C21H28N7O14P2,-H,-CO2,87,0.0,0.0,0.0,0.0,0.0035821559684058295,0.007753335737468446,0.001134007831741588,0.001134007831741588,0.0,109,0.0,-0.07049062848091125,0.0,0.0,0.6827980279922485,0.06970701366662979,0.07049062848091125,0.0,0.0,0.0,-3.047969343583645e-08,0.0,0.0,2.7558763804336195e-07,3.0029188025082476e-08,3.047969343583645e-08,0.0,0.0
2021-07-30_02h22m33s_C21H28N7O14P2_[M]-_-CH2O2_87,2021-07-30_02h22m33s,Nicotinamide adenine dinucleotide (NAD),C21H28N7O14P2,[M]-,-CH2O2,87,1.019726265553617,9.21394438585665,0.011299435028248588,0.011299435028248588,0.002914673489820892,0.005980286092078375,0.001080851214628701,0.001080851214628701,1.0188798097404896,67,0.5265980362892151,0.46987032890319824,93.20784759521484,4.925873279571533,1.2583730220794678,0.05615229159593582,0.05672770366072655,9.122102610976912,0.41814301803900816,2.1328770571926725e-07,1.8831694603704818e-07,3.775192453758791e-05,2.0186214442219352e-06,4.877625201515912e-07,2.4769184037154446e-08,2.497075790586223e-08,0.00021328237989659326,0.00021318372268943296
2021-07-30_02h22m33s_C21H28N7O14P2_+Cl_+C12H14N2_87,2021-07-30_02h22m33s,Nicotinamide adenine dinucleotide (NAD),C21H28N7O14P2,+Cl,+C12H14N2,87,0.6480058040838904,0.8330209104859746,0.03954802259887006,0.03954802259887006,0.04726888419178996,0.04093040028849621,0.05103035242837146,0.05103035242837146,0.6479795107829617,189,2.9021382331848145,-0.5799727439880371,513.678466796875,14.401491165161133,2.7818546295166016,3.4828720092773438,3.4821109771728516,0.8332029189435712,1.0428637566630397,1.1744034509320045e-06,-3.578589939934318e-07,0.00020786940876860172,5.861166755494196e-06,1.2018772395094857e-06,1.5313949006667826e-06,1.5322624449254363e-06,0.0011726067097080513,0.0011729936565541032
2021-07-30_02h22m33s_C21H28N7O14P2_-H_-CH2O2_87,2021-07-30_02h22m33s,Nicotinamide adenine dinucleotide (NAD),C21H28N7O14P2,-H,-CH2O2,87,2.036196544180805,25.72922898450675,0.022598870056497175,0.022598870056497175,0.0031594170653020358,0.006551268181271787,0.0010985700869996634,0.0010985700869996634,2.0344268428434553,110,1.7600531578063965,1.6919822692871094,311.5294189453125,12.05377197265625,0.48255234956741333,0.06740675866603851,0.06807085126638412,25.481851251817293,3.6398399457286117,6.71093573600956e-07,6.413460482690425e-07,0.00011878356599481776,4.539777364698239e-06,1.884330629309261e-07,2.934356757577916e-08,2.9747530660984012e-08,0.0006710736108181424,0.0006709671412074123
2021-07-30_02h22m33s_C21H28N7O14P2_-H_-CH2O3_87,2021-07-30_02h22m33s,Nicotinamide adenine dinucleotide (NAD),C21H28N7O14P2,-H,-CH2O3,87,0.0,0.0,0.0,0.0,0.0004116141951273779,0.0011119124894819088,0.0,0.0,0.0,1,0.0,0.0,0.0,0.0,2.19316029548645,0.0,0.0,0.0,0.0,0.0,0.0,0.0,0.0,9.239775522473792e-07,0.0,0.0,0.0,0.0
2021-07-30_02h22m33s_C21H28N7O14P2_+Cl_+HCl_87,2021-07-30_02h22m33s,Nicotinamide adenine dinucleotide (NAD),C21H28N7O14P2,+Cl,+HCl,87,3.2907075426454693,112.30813032087454,0.03389830508474576,0.03389830508474576,0.0017465791522972521,0.004026926313258805,0.0003012208303063593,0.0003012208303063593,3.2940776561616807,57,2.3634209632873535,2.343944549560547,418.32550048828125,12.700723648071289,0.3279070556163788,0.020044077187776566,0.01947646774351597,115.42132133779513,7.185680340174681,9.493261927673302e-07,9.413166139893292e-07,0.00016803073231130838,5.1316760618647095e-06,1.3012906663334434e-07,8.287430297571063e-09,8.00956279078946e-09,0.000949318589140482,0.0009492026739093285
2021-07-30_02h22m33s_C21H28N7O14P2_+Cl_-H2O_87,2021-07-30_02h22m33s,Nicotinamide adenine dinucleotide (NAD),C21H28N7O14P2,+Cl,-H2O,87,1.0621886747993163,17.19798906365371,0.011299435028248588,0.011299435028248588,0.0018355768161085772,0.00381656449092439,0.0006378794053546432,0.0006378794053546432,1.0623897003226466,71,0.694915235042572,0.6557822227478027,123.0,6.505766868591309,0.2677305042743683,0.03940677270293236,0.039133042097091675,17.31528931600554,2.5859186954566122,2.573408437456237e-07,2.4011987420635705e-07,4.554932820610702e-05,2.4073997337836772e-06,1.1272487654423458e-07,1.7391389661725043e-08,1.7220969539266662e-08,0.0002573364121631085,0.00025731183830041794
2021-07-30_02h22m33s_C21H28N7O14P2_-H_-H2O_87,2021-07-30_02h22m33s,Nicotinamide adenine dinucleotide (NAD),C21H28N7O14P2,-H,-H2O,87,6.043358858643556,259.9616940469641,0.062146892655367235,0.062146892655367235,0.0025475581265991766,0.006070441158793124,0.000283501957935397,0.000283501957935397,6.049822988573967,83,4.63826322555542,4.622015476226807,820.9725952148438,18.456588745117188,0.5008431673049927,0.016842102631926537,0.016247833147644997,268.91860478072425,9.242455666904673,1.7649749679549132e-06,1.7574371895534568e-06,0.0003124005743302405,7.03908654031693e-06,2.058952475181286e-07,7.873889096288167e-09,7.537779289634727e-09,0.0017649616640634347,0.0017646116428039445
2021-07-30_02h22m33s_C21H28N7O14P2_+Cl_-CO2_87,2021-07-30_02h22m33s,Nicotinamide adenine dinucleotide (NAD),C21H28N7O14P2,+Cl,-CO2,87,1.0113523707779037,1.71142063207095,0.02824858757062147,0.02824858757062147,0.017176549115585717,0.015837240052890972,0.01793149883941386,0.01793149883941386,1.0159804797669398,174,1.9548908472061157,0.822711706161499,346.01568603515625,11.573116302490234,1.0281789302825928,1.1412620544433594,1.1321791410446167,1.7251383972740688,1.899466448141666,7.771995456096192e-07,2.717427491916169e-07,0.00013756431872025132,4.716739567811601e-06,4.447945229912875e-07,5.094258881399583e-07,5.054567964180023e-07,0.0007768069032808515,0.0007768540052029412
2021-07-30_02h22m33s_C21H28N7O14P2_+Cl_-CH2O2_87,2021-07-30_02h22m33s,Nicotinamide adenine dinucleotide (NAD),C21H28N7O14P2,+Cl,-CH2O2,87,0.8185438285570634,0.9802555857072799,0.05649717514124294,0.05649717514124294,0.052975859383691176,0.042703449933886285,0.05902156386767546,0.05902156386767546,0.8228156127509797,189,3.8644068241119385,-0.048316001892089844,684.0,16.128849029541016,3.135833740234375,3.941244125366211,3.9127228260040283,0.9873992093756823,1.2319450580199387,1.6828950037961476e-06,-5.41394911124371e-08,0.00029787240782752633,7.062241820676718e-06,1.3569792827183846e-06,1.7478787412983365e-06,1.7370344949085847e-06,0.0016799768260985673,0.0016806144448123
2021-07-30_02h22m33s_C21H28N7O14P2_-H_-NH3_87,2021-07-30_02h22m33s,Nicotinamide adenine dinucleotide (NAD),C21H28N7O14P2,-H,-NH3,87,1.1064181249705318,47.30329719221303,0.011299435028248588,0.011299435028248588,0.0009567248859717433,0.002163721601153985,0.00021262646845154776,0.00021262646845154776,1.105835041267157,42,0.6313503980636597,0.6186908483505249,111.7490234375,5.905742168426514,0.14605143666267395,0.012346858158707619,0.01265955064445734,46.22043685747772,4.293398367211704,2.2205053085144755e-07,2.1663591098786128e-07,3.93029440601822e-05,2.077730641758535e-06,5.633092214907265e-08,5.280877957147823e-09,5.414619419497058e-09,0.00022204932853884114,0.000222038023244846
2021-07-30_02h22m33s_C21H28N7O14P2_-H_-H2_87,2021-07-30_02h22m33s,Nicotinamide adenine dinucleotide (NAD),C21H28N7O14P2,-H,-H2,87,3.8457738191368085,143.5627982800321,0.03954802259887006,0.03954802259887006,0.0016798309044387585,0.0038466161798293066,0.000283501957935397,0.000283501957935397,3.8567081974905744,67,2.776116371154785,2.759683609008789,491.3725891113281,13.901901245117188,0.30795320868492126,0.018337296321988106,0.016432784497737885,159.2468702584501,8.985556042520157,1.1077454473706894e-06,1.1004801763192518e-06,0.0001960709341801703,5.5170517043734435e-06,1.2832521179007017e-07,8.207557300465851e-09,7.265289703184408e-09,0.0011077373993375681,0.0011076033139408486
2021-07-30_02h22m33s_C21H28N7O14P2_[M]-_-CO2_87,2021-07-30_02h22m33s,Nicotinamide adenine dinucleotide (NAD),C21H28N7O14P2,[M]-,-CO2,87,0.0,0.0,0.0,0.0,0.0022360663032595395,0.004597908402452218,0.000850505873806191,0.000850505873806191,0.0,76,0.0,-0.05350540578365326,0.0,0.0,0.3465077877044678,0.05218381807208061,0.05350540578365326,0.0,0.0,0.0,-2.2596289284138038e-08,0.0,0.0,1.4377907575635618e-07,2.203815796519848e-08,2.2596289284138038e-08,0.0,0.0
2021-07-30_02h22m33s_C21H28N7O14P2_[M]-_-CH2O3_87,2021-07-30_02h22m33s,Nicotinamide adenine dinucleotide (NAD),C21H28N7O14P2,[M]-,-CH2O3,87,1.049946844080652,16.27398216658308,0.011299435028248588,0.011299435028248588,0.0018578262320614084,0.003666306046399808,0.0007619115119513794,0.0007619115119513794,1.0516118598310655,67,0.7417747378349304,0.6981148719787598,131.29412841796875,6.9388604164123535,0.26005953550338745,0.044580407440662384,0.043659843504428864,16.609434329105284,2.8414006651954122,2.3247802971582132e-07,2.1246341930236667e-07,4.114861076232046e-05,2.1817759261466563e-06,1.106681537521581e-07,2.0503977182784183e-08,2.001460686074097e-08,0.00023247337685257803,0.00023245230464843044
2021-07-30_02h22m33s_C21H28N7O14P2_+Cl_-NH3_87,2021-07-30_02h22m33s,Nicotinamide adenine dinucleotide (NAD),C21H28N7O14P2,+Cl,-NH3,87,2.2361141528806407,210.38721818433797,0.022598870056497175,0.022598870056497175,0.0010345978418066525,0.0024942901791080658,0.00010631323422577388,0.00010631323422577388,2.235518581887702,44,1.4813560247421265,1.4751619100570679,262.20001220703125,9.859993934631348,0.17896097898483276,0.00604109326377511,0.006194088142365217,205.91296567782913,8.231540154418566,5.170926442588097e-07,5.138313099450897e-07,9.152539860224351e-05,3.4608528949320316e-06,7.637505206048445e-08,3.1807882994172587e-09,3.261343639593406e-09,0.0005170909578475032,0.0005170531542972323
2021-07-30_02h22m33s_C21H28N7O14P2_-H_-H3PO4_87,2021-07-30_02h22m33s,Nicotinamide adenine dinucleotide (NAD),C21H28N7O14P2,-H,-H3PO4,87,2.655471686998291,44.197461111654164,0.02824858757062147,0.02824858757062147,0.0029369229057737236,0.00670152662579637,0.0006378794053546432,0.0006378794053546432,2.655974250806617,90,1.487980604171753,1.4554436206817627,263.37255859375,8.75525188446045,1.120140552520752,0.0326666533946991,0.03253698721528053,44.36834455701438,1.327202553530157,5.431861040960939e-07,5.301088208398141e-07,9.614393638912588e-05,3.231120672353427e-06,3.9345309232885484e-07,1.311359731914763e-08,1.3077301019848164e-08,0.000543179000780793,0.0005429724698987628
2021-07-30_02h22m33s_C21H29N7O14P2_-H__65,2021-07-30_02h22m33s,"Nicotinamide adenine dinucleotide, reduced (NADH)",C21H29N7O14P2,-H,,65,43.98985155363984,236093.60429212477,0.4406779661016949,0.327683615819209,0.0014795861608632773,0.0016227912008654887,1.7718872370962312e-05,1.7718872370962312e-05,44.06779661016949,2,6358.42919921875,6358.42919921875,1125442.0,15302.4228515625,7.817633628845215,0.025931814685463905,0.0,6358429.19921875,813.2404587625969,0.0026913960464298725,0.0026913960464298725,0.47637709975242615,0.0061464156024158,2.945040023405454e-06,1.264900539865721e-08,0.0,2.6913960464298725,2.6834930519892337
2021-07-30_02h22m33s_C21H29N7O14P2_[M]-_+H2_65,2021-07-30_02h22m33s,"Nicotinamide adenine dinucleotide, reduced (NADH)",C21H29N7O14P2,[M]-,+H2,65,32.36480781017401,4932.0205565536135,0.3672316384180791,0.3220338983050847,0.005362109244632329,0.010247625916576512,0.0013466343001931357,0.0013466343001931357,32.3188505962085,44,358.7550354003906,358.6852111816406,63499.640625,874.2472534179688,1.479322910308838,0.07173997163772583,0.06982680410146713,5065.243871323558,242.34917456323367,0.00015210674609988928,0.00015207557589747012,0.026922892779111862,0.0003505245840642601,5.819620696456695e-07,3.21716377982284e-08,3.116655378221367e-08,0.15210200560455123,0.15201827722864933
2021-07-30_02h22m33s_C21H29N7O14P2_[M]-__65,2021-07-30_02h22m33s,"Nicotinamide adenine dinucleotide, reduced (NADH)",C21H29N7O14P2,[M]-,,65,42.71081685353842,104417.34897385215,0.4293785310734463,0.3163841807909605,0.0019801980198019802,0.0029751172015867293,5.315661711288694e-05,5.315661711288694e-05,42.782379754914665,3,1674.976318359375,1674.9705810546875,296470.8125,4109.70703125,2.3724515438079834,0.01504116877913475,0.005784126929938793,246896.37084583362,705.7132987311932,0.000708338397089392,0.0007083362434059381,0.125375896692276,0.0016516027972102165,8.75242221809458e-07,6.67484290062248e-09,2.142586108533351e-09,0.7083368794166339,0.7077189715643033
2021-07-30_02h22m33s_C21H29N7O14P2_-H_-H3PO4_65,2021-07-30_02h22m33s,"Nicotinamide adenine dinucleotide, reduced (NADH)",C21H29N7O14P2,-H,-H3PO4,65,0.5410066805990003,14.485205466907923,0.005649717514124294,0.005649717514124294,0.0017020803203915897,0.00381656449092439,0.00044297180927405777,0.00044297180927405777,0.541363634351581,58,0.36202502250671387,0.33846282958984375,64.07843017578125,4.802804470062256,0.33435630798339844,0.023992743343114853,0.02356218919157982,14.739118719548822,1.079523521366521,1.2775795710240345e-07,1.184306483992259e-07,2.2613157852902077e-05,1.6949006749200635e-06,1.1883007999813344e-07,9.620372054541804e-09,9.32731136771281e-09,0.00012775676547527253,0.00012774277741794368
2021-07-30_02h22m33s_C21H29N7O14P2_[M]-_+HCl_65,2021-07-30_02h22m33s,"Nicotinamide adenine dinucleotide, reduced (NADH)",C21H29N7O14P2,[M]-,+HCl,65,3.627040238250857,56.77898644944232,0.03954802259887006,0.03954802259887006,0.003203915897207698,0.006911888448130785,0.0009036624909190779,0.0009036624909190779,3.619398725748422,85,2.959122896194458,2.9067041873931885,523.7647705078125,15.186127662658691,1.1747547388076782,0.05111651495099068,0.05241869390010834,55.39489418681681,2.5167858555222806,1.1537365480762674e-06,1.1314266430417774e-06,0.0002042113774223253,5.762007276643999e-06,4.4532626475302095e-07,2.1755640844389745e-08,2.2309858849212105e-08,0.0011537108089509668,0.0011532229875907763
2021-07-30_02h22m33s_C21H29N7O14P2_[M]-_+C12H14N2_65,2021-07-30_02h22m33s,"Nicotinamide adenine dinucleotide, reduced (NADH)",C21H29N7O14P2,[M]-,+C12H14N2,65,14.991428412998532,797.9304708571748,0.4067796610169492,0.2994350282485876,0.017988652797864057,0.01736987618704171,0.017134149582720557,0.017134149582720557,15.082102364043388,3,941.323974609375,940.157470703125,166614.34375,2401.12353515625,1.3847955465316772,1.1787067651748657,1.1664966344833374,806.2755358827629,679.2661276515784,0.0003939084999728948,0.00039341396768577397,0.06972180306911469,0.0009510357631370425,5.836923264723737e-07,5.005572347727139e-07,4.945461000716023e-07,0.39371379035333115,0.39367871272917926
2021-07-30_02h22m33s_C21H29N7O14P2_[M]-_-H3PO4_65,2021-07-30_02h22m33s,"Nicotinamide adenine dinucleotide, reduced (NADH)",C21H29N7O14P2,[M]-,-H3PO4,65,0.5034231292050977,4.872127619259935,0.005649717514124294,0.005649717514124294,0.0033151629769718545,0.006851785070320952,0.0012226021935963995,0.0012226021935963995,0.5036562782697506,102,0.3376536965370178,0.269510954618454,59.764705657958984,4.479482650756836,0.6190317869186401,0.06830313056707382,0.06814273446798325,4.883429895202791,0.5445748164219916,1.3509649932075263e-07,1.0814715523110863e-07,2.3912079996080138e-05,1.7922576489581843e-06,2.1920723725088465e-07,2.6978034028957154e-08,2.694934231328716e-08,0.0001350928586570606,0.00013506689168058325
2021-07-30_02h22m33s_C21H29N7O14P2_-H_-H2_65,2021-07-30_02h22m33s,"Nicotinamide adenine dinucleotide, reduced (NADH)",C21H29N7O14P2,-H,-H2,65,26.874111598271334,5361.38500058883,0.2768361581920904,0.2768361581920904,0.0021136945155189675,0.0037264094242096405,0.0003012208303063593,0.0003012208303063593,26.9015237328537,39,99.66989135742188,99.65288543701172,17641.5703125,236.21653747558594,0.9551663994789124,0.017590325325727463,0.017003441229462624,5536.157787118617,104.23906488634151,4.206716039334424e-05,4.205902587273158e-05,0.007445887662470341,9.512608085060492e-05,3.658914806692337e-07,8.377375237955675e-09,8.135620177540659e-09,0.042066818153689664,0.04205177400748787
2021-07-30_02h22m33s_C21H29N7O14P2_-H_-HPO3_65,2021-07-30_02h22m33s,"Nicotinamide adenine dinucleotide, reduced (NADH)",C21H29N7O14P2,-H,-HPO3,65,16.85464994140484,1110.9577037386964,0.1807909604519774,0.1807909604519774,0.002358438091000111,0.004177184757783388,0.0007264737672094548,0.0007264737672094548,16.854121298339248,82,48.51224136352539,48.46943664550781,8586.6669921875,140.79830932617188,0.2755459249019623,0.042667046189308167,0.042804278433322906,1107.4772396346798,175.42200768542645,2.1304564143065363e-05,2.12863724300405e-05,0.003770907875150442,6.001869041938335e-05,1.1624105411556229e-07,1.809717353751239e-08,1.819097050770324e-08,0.021304176599417152,0.021302087965905343
2021-07-30_02h22m33s_C21H29N7O14P2_+Cl_-CH2O3_65,2021-07-30_02h22m33s,"Nicotinamide adenine dinucleotide, reduced (NADH)",C21H29N7O14P2,+Cl,-CH2O3,65,0.0,0.0,0.0,0.0,0.0012348425853821337,0.002854910445967063,0.000283501957935397,0.000283501957935397,0.0,47,0.0,-0.020295817404985428,0.0,0.0,0.2219078093767166,0.019791632890701294,0.020295817404985428,0.0,0.0,0.0,-8.331682010975783e-09,0.0,0.0,9.295290226418729e-08,8.124707129297803e-09,8.331682010975783e-09,0.0,0.0
2021-07-30_02h22m33s_C21H29N7O14P2_+Cl_+C12H14N2_65,2021-07-30_02h22m33s,"Nicotinamide adenine dinucleotide, reduced (NADH)",C21H29N7O14P2,+Cl,+C12H14N2,65,0.9175305449344345,0.6313610052159594,0.4011299435028249,0.4011299435028249,0.39864278562687727,0.3502223824978964,0.4271842939915304,0.4271842939915304,0.9187558213809093,189,80.83058166503906,-47.17973327636719,14307.0126953125,143.25970458984375,87.19927215576172,128.02493286132812,128.01031494140625,0.6314331018475757,0.9269533186852355,3.7369256460806355e-05,-2.0198855054331943e-05,0.006614358630031347,6.481125456048176e-05,3.889657818945125e-05,5.7629105867818e-05,5.75681115151383e-05,0.03533508249153695,0.0359701410567085
2021-07-30_02h22m33s_C21H29N7O14P2_+Cl_-CO2_65,2021-07-30_02h22m33s,"Nicotinamide adenine dinucleotide, reduced (NADH)",C21H29N7O14P2,+Cl,-CO2,65,0.5173079600639758,4.261895599853776,0.005649717514124294,0.005649717514124294,0.0032484147291133606,0.007182353648275033,0.0009213813632900402,0.0009213813632900402,0.5161985612846858,59,0.2777002453804016,0.21190695464611053,49.1529426574707,3.684110164642334,1.542860984802246,0.0641588568687439,0.06579329073429108,4.1576068842769685,0.17987386695698668,1.062003605056816e-07,7.653866873624793e-08,1.8797463781083934e-05,1.4089069964029477e-06,6.244536621125008e-07,2.8924839412525216e-08,2.9661688216719995e-08,0.00010619721051713375,0.00010613408468782333
2021-07-30_02h22m33s_C21H29N7O14P2_[M]-_-H2O_65,2021-07-30_02h22m33s,"Nicotinamide adenine dinucleotide, reduced (NADH)",C21H29N7O14P2,[M]-,-H2O,65,4.68618313454561,85.93434948479818,0.05084745762711865,0.05084745762711865,0.0029369229057737236,0.006220699603317706,0.000850505873806191,0.000850505873806191,4.684673692991504,93,4.478431701660156,4.427175521850586,792.682373046875,19.960676193237305,0.5214017033576965,0.05111457034945488,0.051256366074085236,85.70116979261368,8.57277392641598,1.900681013466965e-06,1.877596787380753e-06,0.00033642054768279195,8.413163413933944e-06,2.094368483085418e-07,2.2984803393910624e-08,2.3084233191639214e-08,0.001900637138716042,0.0019002830241794865
2021-07-30_02h22m33s_C21H29N7O14P2_+Cl_-NH3_65,2021-07-30_02h22m33s,"Nicotinamide adenine dinucleotide, reduced (NADH)",C21H29N7O14P2,+Cl,-NH3,65,11.476363623849899,118.79165412205938,0.14689265536723164,0.14689265536723164,0.005339859828679497,0.00889529991585527,0.0027995818346120455,0.0027995818346120455,11.461313231921164,104,19.009859085083008,18.849721908569336,3364.7451171875,52.12406921386719,0.9350082874298096,0.1590268909931183,0.16013625264167786,117.97381888578258,20.309498687540778,8.05161653261166e-06,7.98157270764932e-06,0.0014251361135393381,2.15953969018301e-05,3.785712863191293e-07,6.96176059022946e-08,7.004370417007522e-08,0.008051052607064594,0.00804856957527452
2021-07-30_02h22m33s_C21H29N7O14P2_+Cl_+HCl_65,2021-07-30_02h22m33s,"Nicotinamide adenine dinucleotide, reduced (NADH)",C21H29N7O14P2,+Cl,+HCl,65,1.0675230003000913,22.476560427911128,0.011299435028248588,0.011299435028248588,0.0015574591166981867,0.003155427335016228,0.0005847227882417563,0.0005847227882417563,1.066022810970534,41,1.0487204790115356,1.0018988847732544,185.62353515625,9.814664840698242,0.27104997634887695,0.045658405870199203,0.04682154580950737,21.929874102962188,3.854881713596094,3.712090688168246e-07,3.514380466640432e-07,6.570400728378445e-05,3.5389382446737727e-06,1.0193246424705649e-07,1.9279873697541916e-08,1.977102570549505e-08,0.00037120172977788324,0.0003711712344182427
2021-07-30_02h22m33s_C21H29N7O14P2_-H_-NH3_65,2021-07-30_02h22m33s,"Nicotinamide adenine dinucleotide, reduced (NADH)",C21H29N7O14P2,-H,-NH3,65,7.665132995904424,445.0411824093206,0.07909604519774012,0.07909604519774012,0.0026143063744576704,0.006100492847698041,0.0003189397026773216,0.0003189397026773216,7.659102397215849,87,8.438130378723145,8.41971206665039,1493.549072265625,32.3873176574707,0.6078567504882812,0.017960336059331894,0.01841786876320839,434.5549185454956,13.858974827750645,3.87920590583235e-06,3.871149147016695e-06,0.0006866194307804108,1.4377726984093897e-05,2.3475006116768782e-07,7.85669929115329e-09,8.056846745319035e-09,0.0038791746519166812,0.0038782954757321957
2021-07-30_02h22m33s_C21H29N7O14P2_+Cl_-H2_65,2021-07-30_02h22m33s,"Nicotinamide adenine dinucleotide, reduced (NADH)",C21H29N7O14P2,+Cl,-H2,65,16.425284991223762,909.9818088423635,0.1694915254237288,0.1694915254237288,0.0016687061964623428,0.0030652722683014787,0.0003189397026773216,0.0003189397026773216,16.412362279748244,34,18.206890106201172,18.187397003173828,3222.61962890625,44.072940826416016,0.49457865953445435,0.0190079715102911,0.019492194056510925,888.4792939200353,36.73864835766877,7.65604909247486e-06,7.647132406418677e-06,0.0013551206793636084,1.8252618247061037e-05,1.9821047203549824e-07,8.694917674745284e-09,8.916418714477459e-09,0.007655980828544122,0.007654531884096902
2021-07-30_02h22m33s_C21H29N7O14P2_+Cl_-H2O_65,2021-07-30_02h22m33s,"Nicotinamide adenine dinucleotide, reduced (NADH)",C21H29N7O14P2,+Cl,-H2O,65,2.1975850395067478,107.58398446719875,0.022598870056497175,0.022598870056497175,0.0011235955056179776,0.002434186801298233,0.000283501957935397,0.000283501957935397,2.1999271487738956,35,2.1492855548858643,2.130819082260132,380.42352294921875,15.085186004638672,0.17793285846710205,0.01897774636745453,0.018466537818312645,110.40923532195741,12.011687363062073,8.812306759864441e-07,8.731936986805522e-07,0.0001559778320370242,6.261585440370254e-06,6.846145339522991e-08,8.365468318061176e-09,8.037002174887675e-09,0.0008812235935905058,0.0008811703497836091
2021-07-30_02h22m33s_C21H29N7O14P2_[M]-_-CH2O2_65,2021-07-30_02h22m33s,"Nicotinamide adenine dinucleotide, reduced (NADH)",C21H29N7O14P2,[M]-,-CH2O2,65,2.537144575207543,28.066398595389888,0.02824858757062147,0.02824858757062147,0.0035821559684058295,0.007603077292943863,0.001134007831741588,0.001134007831741588,2.5305786879615084,109,1.984491229057312,1.913008451461792,351.25494384765625,11.98503303527832,0.6722422242164612,0.06970701366662979,0.07148277759552002,27.378796658862704,2.9476630515367934,7.734140581305837e-07,7.426198749271862e-07,0.0001368942903354764,4.656086275645066e-06,2.714737092901487e-07,3.0029188025082476e-08,3.0794172545256515e-08,0.00077339024221802,0.0007732041535309861
2021-07-30_02h22m33s_C21H29N7O14P2_-H_-CH2O2_65,2021-07-30_02h22m33s,"Nicotinamide adenine dinucleotide, reduced (NADH)",C21H29N7O14P2,-H,-CH2O2,65,0.5098631327768085,5.75871511079677,0.005649717514124294,0.005649717514124294,0.002914673489820892,0.006010337780983291,0.001080851214628701,0.001080851214628701,0.5085993348978989,67,0.32912376523017883,0.2715409994125366,58.254905700683594,4.3663201332092285,1.2594234943389893,0.05615229159593582,0.057582754641771317,5.6180998528106665,0.2611215727954857,1.8417659930491936e-07,1.5877643022577104e-07,3.2599258702248335e-05,2.443378662064788e-06,4.879174184679869e-07,2.4769184037154446e-08,2.5400170855505166e-08,0.0001841719213066514,0.00018408678015837041
2021-07-30_02h22m33s_C21H29N7O14P2_[M]-_-HPO3_65,2021-07-30_02h22m33s,"Nicotinamide adenine dinucleotide, reduced (NADH)",C21H29N7O14P2,[M]-,-HPO3,65,11.113045054768934,99.68685133863148,0.15819209039548024,0.15819209039548024,0.01015685838246746,0.01941339103257603,0.004234810496659993,0.004234810496659993,11.071535187785662,168,25.973745346069336,25.71089744567871,4597.35302734375,71.58518981933594,1.4037286043167114,0.25955337285995483,0.26284879446029663,98.44178139679849,18.490223140792022,1.0848151760001201e-05,1.0733417184383143e-05,0.0019201228860765696,2.923052124970127e-05,6.085277277634304e-07,1.1357068530060133e-07,1.1473479588630653e-07,0.010846907242312756,0.01084155437355284
2021-07-30_02h22m33s_C21H29N7O14P2_[M]-_-CH2O3_65,2021-07-30_02h22m33s,"Nicotinamide adenine dinucleotide, reduced (NADH)",C21H29N7O14P2,[M]-,-CH2O3,65,0.0,0.0,0.0,0.0,0.0030815441094671266,0.0070921985815602835,0.0007264737672094548,0.0007264737672094548,0.0,113,0.0,-0.0418991856276989,0.0,0.0,0.505921483039856,0.04417203739285469,0.0418991856276989,0.0,0.0,0.0,-1.9300186338000458e-08,0.0,0.0,2.0854324134234048e-07,2.0145774826119123e-08,1.9300186338000458e-08,0.0,0.0
2021-07-30_02h22m33s_C21H29N7O14P2_-H_-CO2_65,2021-07-30_02h22m33s,"Nicotinamide adenine dinucleotide, reduced (NADH)",C21H29N7O14P2,-H,-CO2,65,0.5206870149495122,7.082001132399104,0.005649717514124294,0.005649717514124294,0.0022360663032595395,0.0045678567135473015,0.000850505873806191,0.000850505873806191,0.5205192992212782,76,0.37664785981178284,0.324256956577301,66.66667175292969,4.996798992156982,0.34450432658195496,0.05218381807208061,0.05239090695977211,7.054531965444449,1.0901393436601163,1.4411874360575894e-07,1.218631382471358e-07,2.5509018087177537e-05,1.911951130750822e-06,1.4301249962045404e-07,2.203815796519848e-08,2.2255601805909464e-08,0.0001441155362277706,0.00014409813577117165
2021-07-30_02h22m33s_C21H29N7O14P2_-H_-CH2O3_65,2021-07-30_02h22m33s,"Nicotinamide adenine dinucleotide, reduced (NADH)",C21H29N7O14P2,-H,-CH2O3,65,2.099893688161304,30.13700023444502,0.022598870056497175,0.022598870056497175,0.0018578262320614084,0.003606202668589975,0.0007619115119513794,0.0007619115119513794,2.0996519178852404,67,1.3736567497253418,1.328965663909912,243.1372528076172,9.098946571350098,0.25669848918914795,0.044580407440662384,0.04469113051891327,30.063969398978514,5.330480415494762,5.432661396298499e-07,5.228414465818787e-07,9.61581026786007e-05,3.661816435851506e-06,1.0901502633942073e-07,2.0503977182784183e-08,2.0424673508046e-08,0.0005432550438229483,0.0005432069219129498
2021-07-30_02h22m33s_C21H29N7O14P2_+Cl_-H3PO4_65,2021-07-30_02h22m33s,"Nicotinamide adenine dinucleotide, reduced (NADH)",C21H29N7O14P2,+Cl,-H3PO4,65,2.099893688161304,30.13700023444502,0.022598870056497175,0.022598870056497175,0.0018578262320614084,0.003606202668589975,0.0007619115119513794,0.0007619115119513794,2.0996519178852404,67,1.3736567497253418,1.328965663909912,243.1372528076172,9.098946571350098,0.25669848918914795,0.044580407440662384,0.04469113051891327,30.063969398978514,5.330480415494762,5.432661396298499e-07,5.228414465818787e-07,9.61581026786007e-05,3.661816435851506e-06,1.0901502633942073e-07,2.0503977182784183e-08,2.0424673508046e-08,0.0005432550438229483,0.0005432069219129498
2021-07-30_02h22m33s_C21H29N7O14P2_[M]-_-CO2_65,2021-07-30_02h22m33s,"Nicotinamide adenine dinucleotide, reduced (NADH)",C21H29N7O14P2,[M]-,-CO2,65,0.5026295495446392,4.023589423136782,0.005649717514124294,0.005649717514124294,0.0035821559684058295,0.007542973915134031,0.0012403210659673617,0.0012403210659673617,0.5020298754982329,118,0.3076991140842438,0.23149976134300232,54.462745666503906,4.082090377807617,0.5473961234092712,0.07547378540039062,0.07619935274124146,3.9857732371875794,0.5610891487914588,1.5166430955559917e-07,1.1817683542858504e-07,2.6844581952900626e-05,2.0120542103541084e-06,2.2818765899046412e-07,3.330772457843523e-08,3.348747412701414e-08,0.00015165923087102925,0.00015162970952714878
2021-07-30_02h22m33s_C21H29N7O14P2_+Cl_-CH2O2_65,2021-07-30_02h22m33s,"Nicotinamide adenine dinucleotide, reduced (NADH)",C21H29N7O14P2,+Cl,-CH2O2,65,0.5510840658056106,0.6713442542268251,0.022598870056497175,0.022598870056497175,0.027366781621982424,0.02121649236687102,0.031008026649184044,0.031008026649184044,0.5507245615424191,181,1.3455634117126465,-0.6600501537322998,238.1647186279297,8.890594482421875,1.388989806175232,2.003282308578491,2.0056135654449463,0.6705642954298884,0.9680383307379561,5.827761242471752e-07,-3.0047868904148345e-07,0.00010315137478755787,3.835821189568378e-06,6.070514473321964e-07,8.835945664031897e-07,8.832548132886586e-07,0.0005822618386755707,0.0005824225637868694
2021-07-30_02h22m33s_C21H29N7O14P2_+Cl_-HPO3_65,2021-07-30_02h22m33s,"Nicotinamide adenine dinucleotide, reduced (NADH)",C21H29N7O14P2,+Cl,-HPO3,65,0.5206870149495122,7.082001132399104,0.005649717514124294,0.005649717514124294,0.0022360663032595395,0.0045678567135473015,0.000850505873806191,0.000850505873806191,0.5205192992212782,76,0.37664785981178284,0.324256956577301,66.66667175292969,4.996798992156982,0.34450432658195496,0.05218381807208061,0.05239090695977211,7.054531965444449,1.0901393436601163,1.4411874360575894e-07,1.218631382471358e-07,2.5509018087177537e-05,1.911951130750822e-06,1.4301249962045404e-07,2.203815796519848e-08,2.2255601805909464e-08,0.0001441155362277706,0.00014409813577117165
2021-07-30_02h22m33s_C21H29N7O14P2_[M]-_-NH3_65,2021-07-30_02h22m33s,"Nicotinamide adenine dinucleotide, reduced (NADH)",C21H29N7O14P2,[M]-,-NH3,65,1.614800415338215,42.8404752701973,0.01694915254237288,0.01694915254237288,0.0013683390810991212,0.002764755379252314,0.0004961284263869447,0.0004961284263869447,1.6212681153549864,45,1.328015923500061,1.300369381904602,235.05882263183594,10.381346702575684,0.2385025918483734,0.02999909408390522,0.027646580711007118,46.358619093055886,5.544891657543372,5.205190518609015e-07,5.078044296169537e-07,9.213187149725854e-05,4.204381184536032e-06,9.502212350298578e-08,1.3660429232231763e-08,1.2714633790267271e-08,0.0005205124337359233,0.000520469595734696
2021-07-30_02h22m33s_C6H14N4O2_-H__159,2021-07-30_02h22m33s,Arginine,C6H14N4O2,-H,,159,78.44226697901387,10810.552750618948,0.903954802259887,0.632768361581921,0.004627878518188897,0.005108787113835798,0.0015238230239027588,0.0015238230239027588,87.37885754346692,4,6567.3466796875,6567.2236328125,1162420.375,13351.4150390625,11.946370124816895,0.6064940690994263,0.12315729260444641,52895.37603409617,549.6897318051533,0.002624784130603075,0.002624720335006714,0.4645867943763733,0.004792476072907448,5.636976311507169e-06,2.8637953164434293e-07,6.369561589281147e-08,2.6246169540097064,2.6100712209591816
2021-07-30_02h22m33s_C6H14N4O2_+Cl__159,2021-07-30_02h22m33s,Arginine,C6H14N4O2,+Cl,,159,7.36492192095632,134.23784298320749,0.8926553672316384,0.7288135593220338,0.1878295694738013,0.31404014905637695,0.11120364300015947,0.11120364300015947,7.475981059537724,187,739.6378173828125,734.2625732421875,130915.890625,1350.3433837890625,22.851469039916992,5.508905410766602,5.3752617835998535,137.57474006177645,32.365772647623686,0.00029668104252777994,0.0002940649283118546,0.05251254513859749,0.0004801162285730243,1.0216517694061622e-05,2.670756884981529e-06,2.616116262288415e-06,0.2959069156336671,0.29368064898106144
2021-07-30_02h22m33s_C6H14N4O2_-H_+HCl_159,2021-07-30_02h22m33s,Arginine,C6H14N4O2,-H,+HCl,159,7.36492192095632,134.23784298320749,0.8926553672316384,0.7288135593220338,0.1878295694738013,0.31404014905637695,0.11120364300015947,0.11120364300015947,7.475981059537724,187,739.6378173828125,734.2625732421875,130915.890625,1350.3433837890625,22.851469039916992,5.508905410766602,5.3752617835998535,137.57474006177645,32.365772647623686,0.00029668104252777994,0.0002940649283118546,0.05251254513859749,0.0004801162285730243,1.0216517694061622e-05,2.670756884981529e-06,2.616116262288415e-06,0.2959069156336671,0.29368064898106144
2021-07-30_02h22m33s_C6H14N4O2_[M]-_+HCl_159,2021-07-30_02h22m33s,Arginine,C6H14N4O2,[M]-,+HCl,159,2.745131356459144,4.68421863005709,0.05084745762711865,0.0,0.013316275447769496,0.021246544055775935,0.008522777610432871,0.008522777610432871,2.7212426027213255,4,4.578265190124512,3.5814287662506104,810.3529663085938,20.597108840942383,15.865638732910156,0.9763807654380798,0.9968364834785461,4.588191818928363,0.28854663342327175,1.7848376501206076e-06,1.2858588434028206e-06,0.000315916258841753,7.946198820718564e-06,6.2986573539092205e-06,4.885481530436664e-07,4.989788067177869e-07,0.001783947498126745,0.0017736659361286327
2021-07-30_02h22m33s_C6H14N4O2_-H_-NH3_159,2021-07-30_02h22m33s,Arginine,C6H14N4O2,-H,-NH3,159,19.674120627746955,874.4663978311934,0.3107344632768362,0.3107344632768362,0.0075648014239626206,0.008955403293665103,0.005794071265304676,0.005794071265304676,19.603681075761656,70,461.11865234375,460.5881042480469,81618.0,1097.9229736328125,4.0146613121032715,0.5263143181800842,0.5305375456809998,867.5184962766273,114.83006571145094,0.00018183824431616813,0.00018156641453970224,0.03218536823987961,0.0004090085276402533,1.898746063488943e-06,2.68952845772219e-07,2.7182358053323696e-07,0.181788829825544,0.18149363399307547
2021-07-30_02h22m33s_C6H14N4O2_+Cl_-NH3_159,2021-07-30_02h22m33s,Arginine,C6H14N4O2,+Cl,-NH3,159,1.002849825336182,1.2024280067593518,0.8135593220338984,0.8135593220338984,0.8145511180331516,0.8371198461353528,0.8012474086149157,0.8012474086149157,1.002280768487344,189,258.982666015625,44.27995300292969,45839.93359375,160.12818908691406,251.77456665039062,215.38209533691406,214.7027130126953,1.2062328237440005,1.0286250944089501,0.0001264163147425279,1.705239264992997e-05,0.022375687956809998,9.511086682323366e-05,0.00012819898256566375,0.00010948353883577511,0.00010936392209259793,0.11395387232718751,0.11205143480544681
2021-07-30_02h22m33s_C6H14N4O2_[M]-_-H2_159,2021-07-30_02h22m33s,Arginine,C6H14N4O2,[M]-,-H2,159,0.44885497324581947,2.4671020323154402,0.005649717514124294,0.005649717514124294,0.0040048948715096224,0.006401009736747205,0.0025869553661604975,0.0025869553661604975,0.452363720651532,86,0.3677855134010315,0.22469045221805573,65.09803771972656,4.879226207733154,0.5542704463005066,0.1480759233236313,0.14309506118297577,2.5523811182814073,0.6623538419006543,2.3233393164900917e-07,1.6366990962524142e-07,4.112310489290394e-05,3.0822577627986902e-06,2.4069635173873394e-07,7.024184611736928e-08,6.86640149183404e-08,0.00023231797976378088,0.00023227802317624157
2021-07-30_02h22m33s_C6H14N4O2_+Cl_-CO2_159,2021-07-30_02h22m33s,Arginine,C6H14N4O2,+Cl,-CO2,159,6.445578647920046,18.531420779381797,0.11299435028248588,0.11299435028248588,0.03496495716987429,0.0810794566654646,0.007530520757658982,0.007530520757658982,6.4218971113715195,186,8.090129852294922,7.650824546813965,1431.9530029296875,23.61849594116211,5.549023151397705,0.4355628490447998,0.43930548429489136,18.373902076760455,1.4576749738886263,3.3764208637876436e-06,3.161981339872e-06,0.0005976264947094023,9.8501286629471e-06,2.3823167794034816e-06,2.1221639201485232e-07,2.1443945286137023e-07,0.0033756969811739746,0.0033683962768177003
2021-07-30_02h22m33s_C6H14N4O2_+Cl_+HCl_159,2021-07-30_02h22m33s,Arginine,C6H14N4O2,+Cl,+HCl,159,7.411715885318789,23.326123997148052,0.384180790960452,0.384180790960452,0.0479363666703749,0.05649717514124294,0.04183425766784202,0.04183425766784202,7.491413123995421,189,59.876953125,57.342796325683594,10598.220703125,98.09695434570312,4.398316383361816,2.565948247909546,2.534158706665039,23.61862118043378,13.61051306776985,2.533545921323821e-05,2.4132401449605823e-05,0.0044843764044344425,3.966985605075024e-05,2.053592424999806e-06,1.2165758107585134e-06,1.2030570815113606e-06,0.025305015834740468,0.025283537132904873
2021-07-30_02h22m33s_C6H14N4O2_[M]-__159,2021-07-30_02h22m33s,Arginine,C6H14N4O2,[M]-,,159,2.5160364612856854,12.369576774615878,0.03389830508474576,0.03389830508474576,0.004049393703415285,0.004868373602596466,0.003472898984708613,0.003472898984708613,2.564918155412089,89,2.4257006645202637,2.2454051971435547,429.3490295410156,13.378887176513672,0.33908769488334656,0.19510215520858765,0.1802954077720642,13.379824091131995,7.132574041975564,1.0850246781046735e-06,1.000427459985076e-06,0.00019204936688765883,6.1762348195770755e-06,1.585159594696961e-07,9.118520694073595e-08,8.459718259246074e-08,0.0010849328958383838,0.0010848527116362051
2021-07-30_02h22m33s_C6H14N4O2_+Cl_-CH2O2_159,2021-07-30_02h22m33s,Arginine,C6H14N4O2,+Cl,-CH2O2,159,5.329847122044458,10.776888580766137,0.1807909604519774,0.1807909604519774,0.07078651685393259,0.14968746243538886,0.023920477700799123,0.023920477700799123,5.365670185496037,189,15.57855224609375,14.149483680725098,2757.40380859375,34.789215087890625,11.36563777923584,1.444551944732666,1.4290688037872314,10.893568340794014,1.3705506015641744,6.490738996944856e-06,5.833723207615549e-06,0.0011488607851788402,1.45016156238853e-05,4.8862621042644605e-06,6.633483167206577e-07,6.57015846172726e-07,0.006486477278586985,0.0064591777614245
2021-07-30_02h22m33s_C6H14N4O2_+Cl_-H2O_159,2021-07-30_02h22m33s,Arginine,C6H14N4O2,+Cl,-H2O,159,1.8805727679018445,2.541991071077837,0.3728813559322034,0.3728813559322034,0.23544331961286016,0.3147012862122851,0.18828073781384552,0.18828073781384552,1.8908010359685086,189,36.344566345214844,22.15681266784668,6432.98828125,50.591556549072266,28.701709747314453,14.296676635742188,14.187753677368164,2.5615052013473467,1.2662416428684191,1.669451012276113e-05,1.0239841685688589e-05,0.0029549282044172287,2.4072327505564317e-05,1.2717190656985622e-05,6.497244157799287e-06,6.4546684370725416e-06,0.016587443673629236,0.016484868901979248
2021-07-30_02h22m33s_C6H14N4O2_+Cl_+H2_159,2021-07-30_02h22m33s,Arginine,C6H14N4O2,+Cl,+H2,159,1.7624730247502902,2.321859971732377,0.1694915254237288,0.1694915254237288,0.11615307598175548,0.1667267700444765,0.08616687633998972,0.08616687633998972,1.763203966031532,189,12.623529434204102,7.191752910614014,2234.36474609375,29.928260803222656,12.021615982055664,5.435817718505859,5.431776523590088,2.323587097571652,1.0499819218251112,5.391011200117646e-06,2.76952346212056e-06,0.0009542090119794011,1.2472413800423965e-05,5.530752787308302e-06,2.6207515020360006e-06,2.6214877379970858e-06,0.005376915681590113,0.0053613588497158195
2021-07-30_02h22m33s_C6H14N4O2_[M]-_-CO2_159,2021-07-30_02h22m33s,Arginine,C6H14N4O2,[M]-,-CO2,159,0.0,0.0,0.0,0.0,0.00025586828345755926,0.0002103618223344152,0.000283501957935397,0.000283501957935397,0.0,6,0.0,-0.016268577426671982,0.0,0.0,0.01217623706907034,0.015864435583353043,0.016268577426671982,0.0,0.0,0.0,-7.481216535154545e-09,0.0,0.0,4.758735627774513e-09,7.295369197635182e-09,7.481216535154545e-09,0.0,0.0
2021-07-30_02h22m33s_C6H14N4O2_[M]-_-NH3_159,2021-07-30_02h22m33s,Arginine,C6H14N4O2,[M]-,-NH3,159,0.7983056123570698,0.9327348947501214,0.1694915254237288,0.1694915254237288,0.21136945155189676,0.22695035460992907,0.20231408473164766,0.20231408473164766,0.8037643071251547,189,13.355998039245605,-0.8567676544189453,2364.01171875,30.88011360168457,16.493865966796875,14.3181791305542,14.21276569366455,0.9396523290938112,0.8097063696140597,6.5454210016469005e-06,-3.838854354398791e-07,0.0011585395550355315,1.5514675396843813e-05,7.874940820329357e-06,6.970144113438437e-06,6.92930643708678e-06,0.006500377891281348,0.006494278939328973
2021-07-30_02h22m33s_C6H14N4O2_-H_-CO2_159,2021-07-30_02h22m33s,Arginine,C6H14N4O2,-H,-CO2,159,0.5475094997074588,15.296991729538398,0.005649717514124294,0.005649717514124294,0.00025586828345755926,0.00012020675561966583,0.0003189397026773216,0.0003189397026773216,0.5480430129370415,5,0.28913259506225586,0.2718868851661682,51.17647171020508,3.8357768058776855,0.007336147595196962,0.01790127158164978,0.017245709896087646,15.846607049488021,34.68419815753327,1.4741570453224995e-07,1.3978461765873362e-07,2.6092578991665505e-05,1.9556898678274592e-06,2.7494020393703522e-09,7.805057933296666e-09,7.631089538051583e-09,0.0001474145795983938,0.0001474152992283256
2021-07-30_02h22m33s_C6H14N4O2_-H_+H2_159,2021-07-30_02h22m33s,Arginine,C6H14N4O2,-H,+H2,159,1.0312696519709326,11.610213044688706,0.011299435028248588,0.011299435028248588,0.0013015908332406274,0.001833153023199904,0.0009568191080319648,0.0009568191080319648,1.0306860143857812,51,0.6485875844955444,0.5933609008789062,114.80000305175781,6.067183971405029,0.10557359457015991,0.05486353859305382,0.05522667616605759,11.53522898241454,6.08581879133826,3.351040618326806e-07,3.097930800777249e-07,5.9313420933904126e-05,3.249942210459267e-06,4.418249588411527e-08,2.509186636245886e-08,2.531098175495572e-08,0.00033509558023456313,0.00033508925675297327
2021-07-30_02h22m33s_C6H14N4O2_[M]-_+C12H14N2_159,2021-07-30_02h22m33s,Arginine,C6H14N4O2,[M]-,+C12H14N2,159,1.5444069329058532,25.062703332381137,0.01694915254237288,0.01694915254237288,0.001257092001334965,0.001652842889770405,0.0009745379804029272,0.0009745379804029272,1.5460290215786716,36,1.3661460876464844,1.3132109642028809,241.807861328125,11.106926918029785,0.11376037448644638,0.05350912734866142,0.05293508991599083,25.32944859783103,11.90433626380185,7.159866299843998e-07,6.897514026604767e-07,0.00012672963202930987,5.845682153449161e-06,5.455754603644891e-08,2.654322273087928e-08,2.6235227323923027e-08,0.0007159678464051926,0.0007159475696419094
2021-07-30_02h22m33s_C6H14N4O2_-H_-CH2O2_159,2021-07-30_02h22m33s,Arginine,C6H14N4O2,-H,-CH2O2,159,0.0,0.0,0.0,0.0,0.0002892424073868061,0.0003606202668589975,0.00024806421319347236,0.00024806421319347236,0.0,12,0.0,-0.012380000203847885,0.0,0.0,0.01994183100759983,0.01423332653939724,0.012380000203847885,0.0,0.0,0.0,-4.985796220324801e-09,0.0,0.0,7.877663854571892e-09,5.688143733806328e-09,4.985796220324801e-09,0.0,0.0
2021-07-30_02h22m33s_C6H14N4O2_[M]-_-CH2O2_159,2021-07-30_02h22m33s,Arginine,C6H14N4O2,[M]-,-CH2O2,159,0.5465709709869084,14.63857695193481,0.005649717514124294,0.005649717514124294,0.0003337412392924686,0.00030051688904916455,0.00033665857504828393,0.00033665857504828393,0.5480430129370415,11,0.2878918945789337,0.27069514989852905,50.95686340332031,3.819316864013672,0.01761901192367077,0.01866665855050087,0.017196757718920708,15.821054444198493,15.46225416037949,9.610192819309304e-08,8.824278552310716e-08,1.7010041119647212e-05,1.2749362667818787e-06,7.3086745544515e-09,8.291311637265153e-09,7.859143558164305e-09,9.610117292017896e-05,9.610122582050923e-05
2021-07-30_02h22m33s_C6H14N4O2_-H_-H2O_159,2021-07-30_02h22m33s,Arginine,C6H14N4O2,-H,-H2O,159,2.029954717805829,6.604246860964595,0.02824858757062147,0.02824858757062147,0.003915897207698298,0.0037865128020194735,0.0039158707939826705,0.0039158707939826705,2.0260129236321793,81,1.50774347782135,1.278846025466919,266.87060546875,8.870765686035156,0.22147201001644135,0.22729907929897308,0.22889748215675354,6.558329667974827,6.777227740738816,7.429699735439499e-07,6.344656640067114e-07,0.0001315056870225817,4.439790700416779e-06,9.96165567812568e-08,1.0755102408666062e-07,1.085043166426658e-07,0.0007428893668408597,0.0007428959688054908
2021-07-30_02h22m33s_C3H7O7P_-H__103,2021-07-30_02h22m33s,3-Phosphoglyceric acid,C3H7O7P,-H,,103,85.4977328224254,12220.423127295437,0.9943502824858758,0.672316384180791,0.003593280676382245,0.001652842889770405,0.0016301362581285328,0.0016301362581285328,99.25468977376333,2,26176.8984375,26176.875,4633311.0,47097.78515625,8.160659790039062,2.141061544418335,0.023607362061738968,1063783.2032471877,3207.300856799707,0.010891345329582691,0.010891331359744072,1.9277681112289429,0.018225057050585747,3.4861905078287236e-06,1.0513598454053863e-06,1.3865689041381302e-08,10.89119431566902,10.853507933249155
2021-07-30_02h22m33s_C3H7O7P_-H_-CH2O2_103,2021-07-30_02h22m33s,3-Phosphoglyceric acid,C3H7O7P,-H,-CH2O2,103,10.083792093305306,40.89762741224288,0.15819209039548024,0.02824858757062147,0.01960173545444432,0.042463036422646955,0.005687758031078902,0.005687758031078902,9.991710013067136,21,81.36177825927734,79.32283782958984,14401.03515625,240.9026336669922,105.29508209228516,1.988400936126709,2.0389437675476074,39.88432404540708,0.7726952099506328,3.257924981880933e-05,3.153720899717882e-05,0.005766527261584997,9.724227129481733e-05,4.452596476767212e-05,1.0162110584133188e-06,1.0420418448120472e-06,0.032545336216618134,0.031190464304116886
2021-07-30_02h22m33s_C3H7O7P_+Cl_+C12H14N2_103,2021-07-30_02h22m33s,3-Phosphoglyceric acid,C3H7O7P,+Cl,+C12H14N2,103,1.0679639851442173,2.004087532554488,0.03389830508474576,0.03389830508474576,0.03211703192791189,0.04970549344873182,0.021741056399170757,0.021741056399170757,1.0652713376047673,189,3.144167900085449,1.5741208791732788,556.5177001953125,19.28093910217285,3.460148334503174,1.5678775310516357,1.5700470209121704,2.001320048498551,0.908417552851509,1.3757399983660434e-06,7.157272534641379e-07,0.00024350598687306046,9.121223229158204e-06,1.4261606793297688e-06,6.601985091947427e-07,6.600127449019055e-07,0.0013748325913336566,0.0013737807662551908
2021-07-30_02h22m33s_C3H7O7P_-H_+C12H14N2_103,2021-07-30_02h22m33s,3-Phosphoglyceric acid,C3H7O7P,-H,+C12H14N2,103,1.5702150758119768,2.104967777898445,0.3898305084745763,0.3898305084745763,0.26996328846367784,0.3230857074167568,0.2382656767723302,0.2382656767723302,1.5692579876673796,189,36.09520721435547,18.93815803527832,6388.8515625,51.83783721923828,26.9713134765625,17.146629333496094,17.15704917907715,2.1036894601264255,1.338231785186698,1.543158941785805e-05,7.5179923442192376e-06,0.002731391228735447,2.1748179278802127e-05,1.191312912851572e-05,7.900686796347145e-06,7.913597073638812e-06,0.01531042885289165,0.015249915208776972
2021-07-30_02h22m33s_C3H7O7P_-H_+H2_103,2021-07-30_02h22m33s,3-Phosphoglyceric acid,C3H7O7P,-H,+H2,103,2.0606132169076097,4.113460732643416,0.05649717514124294,0.05649717514124294,0.04009344754700189,0.07846495973073686,0.017417651540655953,0.017417651540655953,2.0835789312532524,186,4.26263427734375,3.2438313961029053,754.4862670898438,18.23908805847168,6.461562633514404,1.0352647304534912,1.0188028812408447,4.179860986622426,0.6595888533811683,1.8595583242131397e-06,1.3882928442399134e-06,0.00032914182520471513,8.432802133029327e-06,2.7106782454211498e-06,4.792085519511602e-07,4.712654799732263e-07,0.0018586823913638558,0.0018545312865991025
2021-07-30_02h22m33s_C3H7O7P_[M]-_+H2_103,2021-07-30_02h22m33s,3-Phosphoglyceric acid,C3H7O7P,[M]-,+H2,103,0.9748653434532638,1.380446623708571,0.02824858757062147,0.02824858757062147,0.022026921793302925,0.027166726770044475,0.018976912309300636,0.018976912309300636,0.9825362825060129,186,1.4611719846725464,0.4177902936935425,258.62744140625,8.640260696411133,1.7848061323165894,1.0574777126312256,1.043381690979004,1.3990785143914608,0.8182142273064547,6.478270506704575e-07,1.238340701092966e-07,0.00011466538853710517,3.9238602766999975e-06,8.251824397120799e-07,5.303556918079266e-07,5.23992980561161e-07,0.0006474877716231278,0.0006472929159228879
2021-07-30_02h22m33s_C3H7O7P_+Cl_+H2_103,2021-07-30_02h22m33s,3-Phosphoglyceric acid,C3H7O7P,+Cl,+H2,103,1.3875847832570292,7.956492092881763,0.01694915254237288,0.01694915254237288,0.0033819112248303484,0.005289097247265296,0.002214859046370289,0.002214859046370289,1.3894477905614087,93,1.032679796218872,0.9062484502792358,182.78431701660156,7.881301403045654,0.3416423499584198,0.12879084050655365,0.12643136084079742,8.103812039714619,3.0138708666461964,5.150162110112433e-07,4.5765733602820546e-07,9.115786815527827e-05,4.077209268871229e-06,1.3974853629861173e-07,5.826973037414973e-08,5.7358867877610464e-08,0.0005149866719587676,0.0005149442483062671
2021-07-30_02h22m33s_C3H7O7P_[M]-_+C12H14N2_103,2021-07-30_02h22m33s,3-Phosphoglyceric acid,C3H7O7P,[M]-,+C12H14N2,103,0.9925240256165286,1.0674284974538997,0.14124293785310735,0.14124293785310735,0.13772388474802535,0.14689265536723164,0.1323068199939756,0.1323068199939756,0.9964556031829398,189,9.37308120727539,0.6343059539794922,1659.035400390625,23.67401695251465,10.202953338623047,8.77999210357666,8.738775253295898,1.0724624988200542,0.9185735073677066,3.952066435886081e-06,-1.655726009630598e-07,0.0006995157455094159,1.0140367521671578e-05,4.713643647846766e-06,4.132736648898572e-06,4.117639036849141e-06,0.003935859985167583,0.003933525199814331
2021-07-30_02h22m33s_C3H7O7P_-H_-H2O_103,2021-07-30_02h22m33s,3-Phosphoglyceric acid,C3H7O7P,-H,-H2O,103,32.61586733433898,864.4504285789318,0.9491525423728814,0.8813559322033898,0.023984870397152074,0.027347036903473974,0.019100944415897374,0.019100944415897374,38.372429172691426,6,1928.62890625,1927.069580078125,341367.3125,3252.0546875,12.089160919189453,2.230046272277832,1.559301733970642,1236.0615028876769,159.5205323685054,0.0008277897140942514,0.0008270539692603052,0.1465187817811966,0.001267933170311153,5.201051408221247e-06,1.0594043260425678e-06,7.357529057117063e-07,0.8271811131866744,0.8235066138605525
2021-07-30_02h22m33s_C3H7O7P_+Cl__103,2021-07-30_02h22m33s,3-Phosphoglyceric acid,C3H7O7P,+Cl,,103,4.37762548354041,27.525760474503997,0.05649717514124294,0.05649717514124294,0.004049393703415285,0.005709820891934126,0.002905895068837819,0.002905895068837819,4.3895811928960855,111,4.6637864112854,4.497867107391357,825.490234375,20.162551879882812,0.3369324207305908,0.1684335172176361,0.1659192442893982,27.940375785547566,13.800943991116796,1.7264599136979086e-06,1.652678747632308e-06,0.000305583409499377,7.409792488033418e-06,1.4043936857888184e-07,7.479394525944372e-08,7.378120159273749e-08,0.0017263325428085515,0.001726217484804313
2021-07-30_02h22m33s_C3H7O7P_-H_+HCl_103,2021-07-30_02h22m33s,3-Phosphoglyceric acid,C3H7O7P,-H,+HCl,103,4.37762548354041,27.525760474503997,0.05649717514124294,0.05649717514124294,0.004049393703415285,0.005709820891934126,0.002905895068837819,0.002905895068837819,4.3895811928960855,111,4.6637864112854,4.497867107391357,825.490234375,20.162551879882812,0.3369324207305908,0.1684335172176361,0.1659192442893982,27.940375785547566,13.800943991116796,1.7264599136979086e-06,1.652678747632308e-06,0.000305583409499377,7.409792488033418e-06,1.4043936857888184e-07,7.479394525944372e-08,7.378120159273749e-08,0.0017263325428085515,0.001726217484804313
2021-07-30_02h22m33s_C3H7O7P_+Cl_-CH2O3_103,2021-07-30_02h22m33s,3-Phosphoglyceric acid,C3H7O7P,+Cl,-CH2O3,103,0.0,0.0,0.0,0.0,0.0016687061964623428,0.002704652001442481,0.0010631323422577387,0.0010631323422577387,0.0,44,0.0,-0.0924006924033165,0.0,0.0,0.16061155498027802,0.09011019021272659,0.0924006924033165,0.0,0.0,0.0,-3.7004419084496476e-08,0.0,0.0,6.629241511291184e-08,3.608713328162594e-08,3.7004419084496476e-08,0.0,0.0
2021-07-30_02h22m33s_C3H7O7P_[M]-_-H2_103,2021-07-30_02h22m33s,3-Phosphoglyceric acid,C3H7O7P,[M]-,-H2,103,1.1885352562851144,2.1957993037323553,0.02824858757062147,0.02824858757062147,0.013171654244076092,0.012080778939776415,0.013767563832237716,0.013767563832237716,1.191942350167792,159,1.8382850885391235,1.005433440208435,325.37646484375,10.953462600708008,0.8057371973991394,0.8361826539039612,0.8328516483306885,2.2045709116474606,2.278666577499609,8.042631520766008e-07,4.144155241192493e-07,0.00014235457638278604,4.816242380911717e-06,3.739370981747925e-07,3.908230041815841e-07,3.898476279573515e-07,0.0008039497341797339,0.0008039625206645822
2021-07-30_02h22m33s_C3H7O7P_-H_-CO2_103,2021-07-30_02h22m33s,3-Phosphoglyceric acid,C3H7O7P,-H,-CO2,103,9.499717592482149,36.16886897510922,0.1638418079096045,0.1638418079096045,0.00855490043386361,0.009947109027527348,0.007247018799723586,0.007247018799723586,9.498330935693623,149,15.399535179138184,14.974538803100586,2725.7177734375,37.3911247253418,0.5955219864845276,0.4247676730155945,0.42499592900276184,36.14948906950316,25.81553660727912,7.064769761200296e-06,6.876263796584681e-06,0.0012504642363637686,1.7639144061831757e-05,2.5432223083043937e-07,1.8866215611978987e-07,1.8850595040476037e-07,0.007063438261057769,0.007062973490026016
2021-07-30_02h22m33s_C3H7O7P_[M]-_+HCl_103,2021-07-30_02h22m33s,3-Phosphoglyceric acid,C3H7O7P,[M]-,+HCl,103,0.40599094356116583,1.231829198135418,0.005649717514124294,0.005649717514124294,0.004271887862943598,0.004868373602596466,0.0039158707939826705,0.0039158707939826705,0.40468147601756016,87,0.29112663865089417,0.052928626537323,51.529415130615234,3.8622312545776367,0.33138883113861084,0.23533685505390167,0.23819801211357117,1.2170947244857007,0.8758616757778189,1.3212039107202145e-07,2.4692347722066188e-08,2.3385309759760275e-05,1.7527748923384934e-06,1.4030405282028369e-07,1.0612532008735798e-07,1.0742804334995526e-07,0.00013210619916153112,0.0001321018566461489
2021-07-30_02h22m33s_C3H7O7P_[M]-_-CO2_103,2021-07-30_02h22m33s,3-Phosphoglyceric acid,C3H7O7P,[M]-,-CO2,103,0.0,0.0,0.0,0.0,0.0015129602847925242,0.0022839283567736507,0.0010631323422577387,0.0010631323422577387,0.0,44,0.0,-0.059351153671741486,0.0,0.0,0.14772915840148926,0.05897292494773865,0.059351153671741486,0.0,0.0,0.0,-2.6074138403942015e-08,0.0,0.0,6.82100278481812e-08,2.5924618896056018e-08,2.6074138403942015e-08,0.0,0.0
2021-07-30_02h22m33s_C3H7O7P_+Cl_-CH2O2_103,2021-07-30_02h22m33s,3-Phosphoglyceric acid,C3H7O7P,+Cl,-CH2O2,103,0.4187886406669986,0.5464282464980806,0.005649717514124294,0.0,0.004016019579486038,0.004898425291501383,0.0034906178570795754,0.0034906178570795754,0.4194193969925988,0,0.20943836867809296,-0.17717663943767548,37.07059097290039,2.7785136699676514,0.2027541846036911,0.3822861313819885,0.38661500811576843,0.5403257466634014,1.0278972629958878,9.86980595030218e-08,-5.544165304627313e-08,1.746955604176037e-05,1.3093776942696422e-06,8.584755306628722e-08,1.5243753637150803e-07,1.5413971254929493e-07,9.868284855711165e-05,9.868958724344382e-05
2021-07-30_02h22m33s_C3H7O7P_+Cl_-H2O_103,2021-07-30_02h22m33s,3-Phosphoglyceric acid,C3H7O7P,+Cl,-H2O,103,0.9652197562972755,2.63298994717334,0.022598870056497175,0.022598870056497175,0.01660918900878852,0.021997836278398845,0.01341318638481847,0.01341318638481847,0.9721870047753532,179,2.143968105316162,1.3397947549819946,379.48236083984375,14.439626693725586,1.5249994993209839,0.8132712841033936,0.8041733503341675,2.662741016485904,1.4049599008847333,9.297638143834774e-07,5.778698550784611e-07,0.00016456819139420986,6.272263362916419e-06,6.506672889372567e-07,3.558409389370354e-07,3.518939308833069e-07,0.0009294367512315792,0.0009291592408592366
2021-07-30_02h22m33s_C3H7O7P_+Cl_-H2_103,2021-07-30_02h22m33s,3-Phosphoglyceric acid,C3H7O7P,+Cl,-H2,103,1.3693939351477191,3.813056755396334,0.022598870056497175,0.022598870056497175,0.012392924685726999,0.022328404856352926,0.0065028261601431684,0.0065028261601431684,1.3662389443633336,132,1.4615709781646729,1.0770517587661743,258.69805908203125,9.909266471862793,2.5353035926818848,0.38230690360069275,0.38451918959617615,3.791175686210692,0.5762602641031664,5.641365419251088e-07,3.9366429405163217e-07,9.985216456698254e-05,3.7962097394483862e-06,1.0277055935148383e-06,1.6963011262305372e-07,1.704722478734766e-07,0.0005640403886921569,0.0005635573708628065
2021-07-30_02h22m33s_C3H7O7P_[M]-_-CH2O2_103,2021-07-30_02h22m33s,3-Phosphoglyceric acid,C3H7O7P,[M]-,-CH2O2,103,0.0,0.0,0.0,0.0,0.0022471910112359553,0.0032155307128260606,0.0016832928752414196,0.0016832928752414196,0.0,64,0.0,-0.09379956871271133,0.0,0.0,0.19619250297546387,0.09707774221897125,0.09379956871271133,0.0,0.0,0.0,-4.2066989891509365e-08,0.0,0.0,9.06196504502077e-08,4.3585846043470156e-08,4.2066989891509365e-08,0.0,0.0
2021-07-30_02h22m33s_C3H7O7P_-H_-H2_103,2021-07-30_02h22m33s,3-Phosphoglyceric acid,C3H7O7P,-H,-H2,103,4.972403392249401,36.61062544275189,0.062146892655367235,0.062146892655367235,0.002948047613750139,0.0033958408462555593,0.002498361004305686,0.002498361004305686,4.961618668899738,69,5.163110733032227,5.021670818328857,913.87060546875,24.174560546875,0.2226565182209015,0.14002765715122223,0.1414400339126587,36.2476095463312,23.085000044276445,2.0847403447987745e-06,2.0178715658403235e-06,0.00036899905535392463,9.486766430200078e-06,9.665557598736996e-08,6.614067160626291e-08,6.686867237704064e-08,0.002084600950300792,0.002084538862494352
2021-07-30_02h22m33s_C3H7O7P_[M]-_-HPO3_103,2021-07-30_02h22m33s,3-Phosphoglyceric acid,C3H7O7P,[M]-,-HPO3,103,0.0,0.0,0.0,0.0,8.899766381132495e-05,9.015506671474937e-05,8.859436185481156e-05,8.859436185481156e-05,0.0,3,0.0,-0.005093949381262064,0.0,0.0,0.004938729573041201,0.004967676941305399,0.005093949381262064,0.0,0.0,0.0,-2.0246586629468766e-09,0.0,0.0,2.15538431547202e-09,1.9744701429402767e-09,2.0246586629468766e-09,0.0,0.0
2021-07-30_02h22m33s_C3H7O7P_[M]-_-CH2O3_103,2021-07-30_02h22m33s,3-Phosphoglyceric acid,C3H7O7P,[M]-,-CH2O3,103,0.0,0.0,0.0,0.0,0.0004004894871509623,0.0005709820891934127,0.0003012208303063593,0.0003012208303063593,0.0,16,0.0,-0.016667699441313744,0.0,0.0,0.03365706652402878,0.016254529356956482,0.016667699441313744,0.0,0.0,0.0,-8.104588999913176e-09,0.0,0.0,1.492401580094338e-08,7.903685705912267e-09,8.104588999913176e-09,0.0,0.0
2021-07-30_02h22m33s_C3H7O7P_[M]-_-H2O_103,2021-07-30_02h22m33s,3-Phosphoglyceric acid,C3H7O7P,[M]-,-H2O,103,0.5764593321766082,0.8505111390308444,0.01694915254237288,0.01694915254237288,0.019479363666703747,0.019623752854910446,0.01940216524620373,0.01940216524620373,0.5799919531622617,182,1.0338318347930908,-0.17166316509246826,182.9882354736328,7.930537223815918,1.2295491695404053,1.2145417928695679,1.205494999885559,0.8568886194233329,0.8401385823365467,5.915342171647353e-07,-1.4817942428635433e-09,0.00010470155393704772,4.634707693185192e-06,6.054621621842671e-07,5.975491603749106e-07,5.930160114075989e-07,0.0005911836358030219,0.0005911762822946252
2021-07-30_02h22m33s_C3H7O7P_+Cl_-CO2_103,2021-07-30_02h22m33s,3-Phosphoglyceric acid,C3H7O7P,+Cl,-CO2,103,1.4551307818030914,10.123924903963623,0.01694915254237288,0.01694915254237288,0.002302814551118033,0.0033357374684457267,0.001647855130499495,0.001647855130499495,1.4567092314362076,73,0.9548909068107605,0.8620827794075012,169.01568603515625,7.306868553161621,0.19958658516407013,0.09332022815942764,0.09280810505151749,10.17919407162477,4.76049236308453,3.9290173958761443e-07,3.5236325857113115e-07,6.95436101523228e-05,3.044830918952357e-06,8.489578817716392e-08,4.075533865943726e-08,4.0538477463769595e-08,0.0003928858125949547,0.00039286838671627423
2021-07-30_02h22m33s_C3H7O7P_+Cl_+HCl_103,2021-07-30_02h22m33s,3-Phosphoglyceric acid,C3H7O7P,+Cl,+HCl,103,0.844708070760566,1.1388153073094804,0.12429378531073447,0.12429378531073447,0.1375347647124263,0.13826782065152063,0.1371440721512483,0.1371440721512483,0.8450352368798257,189,33.67298126220703,4.217220306396484,5960.11767578125,108.69346618652344,30.7490234375,29.56743049621582,29.455760955810547,1.1431325159178714,1.0950554665640497,1.4580107745132409e-05,1.4983470464358106e-07,0.0025806790217757225,4.261618960299529e-05,1.4626121810579207e-05,1.4463667866948526e-05,1.4430273040488828e-05,0.014372705677870159,0.014369931378382522
2021-07-30_02h22m33s_C3H7O7P_-H_-HPO3_103,2021-07-30_02h22m33s,3-Phosphoglyceric acid,C3H7O7P,-H,-HPO3,103,0.0,0.0,0.0,0.0,0.00022249415952831238,0.00024041351123933166,0.00021262646845154776,0.00021262646845154776,0.0,8,0.0,-0.012044512666761875,0.0,0.0,0.013423087075352669,0.011745944619178772,0.012044512666761875,0.0,0.0,0.0,-4.939963105243805e-09,0.0,0.0,5.435702554734689e-09,4.8175077260737e-09,4.939963105243805e-09,0.0,0.0
2021-07-30_02h22m33s_C3H7O7P_+Cl_-H3PO4_103,2021-07-30_02h22m33s,3-Phosphoglyceric acid,C3H7O7P,+Cl,-H3PO4,103,12.608560635142355,97.12446633905958,0.1638418079096045,0.1638418079096045,0.006218711758816331,0.01084865969467484,0.002994489430692631,0.002994489430692631,12.783925577318342,90,17.33563995361328,17.169328689575195,3068.408203125,44.05698776245117,1.1163913011550903,0.17748890817165375,0.16631077229976654,103.61341182833971,15.514385995033939,7.945695870148484e-06,7.86971031629946e-06,0.0014063881244510412,1.9954743038397282e-05,4.853979476138193e-07,8.129661921429943e-08,7.598544016218511e-08,0.007945092158823667,0.00794184091686716
2021-07-30_02h22m33s_C3H7O7P_+Cl_-HPO3_103,2021-07-30_02h22m33s,3-Phosphoglyceric acid,C3H7O7P,+Cl,-HPO3,103,9.499717592482149,36.16886897510922,0.1638418079096045,0.1638418079096045,0.00855490043386361,0.009947109027527348,0.007247018799723586,0.007247018799723586,9.498330935693623,149,15.399535179138184,14.974538803100586,2725.7177734375,37.3911247253418,0.5955219864845276,0.4247676730155945,0.42499592900276184,36.14948906950316,25.81553660727912,7.064769761200296e-06,6.876263796584681e-06,0.0012504642363637686,1.7639144061831757e-05,2.5432223083043937e-07,1.8866215611978987e-07,1.8850595040476037e-07,0.007063438261057769,0.007062973490026016
2021-07-30_02h22m33s_C3H7O7P_-H_-CH2O3_103,2021-07-30_02h22m33s,3-Phosphoglyceric acid,C3H7O7P,-H,-CH2O3,103,12.608560635142355,97.12446633905958,0.1638418079096045,0.1638418079096045,0.006218711758816331,0.01084865969467484,0.002994489430692631,0.002994489430692631,12.783925577318342,90,17.33563995361328,17.169328689575195,3068.408203125,44.05698776245117,1.1163913011550903,0.17748890817165375,0.16631077229976654,103.61341182833971,15.514385995033939,7.945695870148484e-06,7.86971031629946e-06,0.0014063881244510412,1.9954743038397282e-05,4.853979476138193e-07,8.129661921429943e-08,7.598544016218511e-08,0.007945092158823667,0.00794184091686716
2021-07-30_02h22m33s_C3H7O7P_[M]-_-H3PO4_103,2021-07-30_02h22m33s,3-Phosphoglyceric acid,C3H7O7P,[M]-,-H3PO4,103,0.0,0.0,0.0,0.0,0.00010012237178774057,0.00012020675561966583,8.859436185481156e-05,8.859436185481156e-05,0.0,4,0.0,-0.005017709452658892,0.0,0.0,0.006346916779875755,0.004893327131867409,0.005017709452658892,0.0,0.0,0.0,-1.899368440305693e-09,0.0,0.0,2.5647248769189446e-09,1.8522855471658772e-09,1.899368440305693e-09,0.0,0.0
2021-07-30_02h22m33s_C10H18N4O6_-H_-H2O_82,2021-07-30_02h22m33s,Argininosuccinic acid,C10H18N4O6,-H,-H2O,82,78.33681881242286,6348.500249865361,0.9943502824858758,0.7005649717514124,0.0036711536322171544,6.0103377809832915e-05,0.0026932686003862715,0.0026932686003862715,98.89418938292333,1,12677.515625,12677.3212890625,2243920.25,21637.88671875,0.033683113753795624,1.995930790901184,0.19410771131515503,64977.009568433554,365524.14858116966,0.005994757171720266,0.0059946696273982525,1.0610719919204712,0.00920957513153553,1.4065908437999042e-08,1.076917328646232e-06,8.732619249940399e-08,5.994233718112712,5.994672851200826
2021-07-30_02h22m33s_C10H18N4O6_-H_-CO2_82,2021-07-30_02h22m33s,Argininosuccinic acid,C10H18N4O6,-H,-CO2,82,44.89890342805916,1642.9647430122345,0.9661016949152542,0.9265536723163842,0.014206252085882746,0.013703570140641904,0.011517267041125503,0.011517267041125503,62.30774381145502,5,1388.4537353515625,1388.149658203125,245756.3125,2004.8763427734375,0.7750498652458191,0.8440904021263123,0.30404341220855713,4551.659468070339,1789.1295360405227,0.0006771963089704514,0.0006770482868887484,0.11986374855041504,0.0008690253016538918,3.6026773386765854e-07,4.3072355992990197e-07,1.480492670680178e-07,0.6770960653942351,0.6769524248544129
2021-07-30_02h22m33s_C10H18N4O6_-H__82,2021-07-30_02h22m33s,Argininosuccinic acid,C10H18N4O6,-H,,82,82.74284707995719,8593.559425587424,0.9887005649717514,0.6271186440677966,0.003203915897207698,9.015506671474937e-05,0.0019490759608058543,0.0019490759608058543,98.33229057961127,1,14825.056640625,14824.7880859375,2624035.0,25726.90625,0.07695212215185165,1.7241357564926147,0.26840800046920776,55028.271672724295,190181.56570190116,0.00691913953050971,0.006919021252542734,1.2246876955032349,0.010893306694924831,3.151159333469877e-08,9.025275176099967e-07,1.185059446129344e-07,6.91831966850226,6.918921504268953
2021-07-30_02h22m33s_C10H18N4O6_-H_-CH2O3_82,2021-07-30_02h22m33s,Argininosuccinic acid,C10H18N4O6,-H,-CH2O3,82,17.3007654554874,516.3849242146335,0.8983050847457628,0.7401129943502824,0.04844810323729002,0.05499459069599712,0.04192285202969683,0.04192285202969683,19.259827296922317,5,1208.35302734375,1206.42626953125,213878.484375,2063.78369140625,3.020989179611206,2.3390238285064697,1.926812767982483,626.7999918935747,399.8535254514745,0.000575174402911216,0.0005742242792621255,0.10180586576461792,0.0008791117579676211,1.4635357956649386e-06,1.16531475669035e-06,9.501125646238506e-07,0.574628441209233,0.5743338447707321
2021-07-30_02h22m33s_C10H18N4O6_+Cl_+C12H14N2_82,2021-07-30_02h22m33s,Argininosuccinic acid,C10H18N4O6,+Cl,+C12H14N2,82,2.281294478688923,3.003442006929587,0.11299435028248588,0.11299435028248588,0.049026588052063634,0.06479144127899988,0.03953080425961692,0.03953080425961692,2.2952343510590563,189,6.905086040496826,4.622254371643066,1222.2001953125,19.822769165039062,5.276174545288086,2.2980575561523438,2.2828314304351807,3.0234657201390176,1.3084816469946552,2.992655709022074e-06,1.9823150978481863e-06,0.000529700075276196,8.665057976031676e-06,2.289510348418844e-06,1.0169765118916985e-06,1.01034049748705e-06,0.002989635159547672,0.0029858196440485127
2021-07-30_02h22m33s_C10H18N4O6_+Cl_-NH3_82,2021-07-30_02h22m33s,Argininosuccinic acid,C10H18N4O6,+Cl,-NH3,82,0.0,0.0,0.0,0.0,0.002569807542552008,0.0031854790239211443,0.002214859046370289,0.002214859046370289,0.0,2,0.0,-0.5505979657173157,0.0,0.0,7.970329761505127,0.5378363132476807,0.5505979657173157,0.0,0.0,0.0,-2.6841098588192835e-07,0.0,0.0,2.8935703539900715e-06,2.622816452912957e-07,2.6841098588192835e-07,0.0,0.0
2021-07-30_02h22m33s_C10H18N4O6_+Cl_+H2_82,2021-07-30_02h22m33s,Argininosuccinic acid,C10H18N4O6,+Cl,+H2,82,1.281435642876649,1.6251001060370514,0.3107344632768362,0.3107344632768362,0.28748470352653244,0.38063469166967184,0.23248932437939648,0.23248932437939648,1.283407198967149,189,25.720041275024414,9.917488098144531,4552.447265625,42.146610260009766,33.213802337646484,15.825742721557617,15.802553176879883,1.6274847173388862,0.7743547895774373,1.3660574040841311e-05,6.101360668253619e-06,0.002417921554297209,2.285752816533204e-05,1.5222442016238347e-05,7.584531431348296e-06,7.559213372587692e-06,0.013558085579025651,0.013455744746650126
2021-07-30_02h22m33s_C10H18N4O6_+Cl_-H2_82,2021-07-30_02h22m33s,Argininosuccinic acid,C10H18N4O6,+Cl,-H2,82,1.3172601788456038,1.5374066278263574,0.23163841807909605,0.23163841807909605,0.19902102569807542,0.2551087871138358,0.16584864539220723,0.16584864539220723,1.3207918314679077,189,17.589033126831055,6.175548553466797,3113.2587890625,34.08092498779297,20.85344696044922,11.439716339111328,11.413484573364258,1.5409397606857458,0.8434188238215536,8.893758604244795e-06,3.477624886727426e-06,0.00157419522292912,1.7383294107276015e-05,9.489820513408631e-06,5.440479071694426e-06,5.4161337175173685e-06,0.008845848306969373,0.008810151844544194
2021-07-30_02h22m33s_C10H18N4O6_+Cl_+HCl_82,2021-07-30_02h22m33s,Argininosuccinic acid,C10H18N4O6,+Cl,+HCl,82,2.2767700480707824,4.723100234524159,0.04519774011299435,0.04519774011299435,0.024129491600845477,0.048232960692390914,0.009851693038255045,0.009851693038255045,2.2818502720866016,186,3.2345633506774902,2.5537526607513428,572.5177001953125,15.335919380187988,3.32765531539917,0.6838390231132507,0.6808107495307922,4.7440779613748365,0.9717327401589503,1.3958929230284411e-06,1.0897419997490942e-06,0.0002470730396453291,6.5526305661478546e-06,1.4069902363189613e-06,3.073136554121447e-07,3.0615086643592804e-07,0.0013954656999953059,0.0013939316747719412
2021-07-30_02h22m33s_C10H18N4O6_[M]-_-NH3_82,2021-07-30_02h22m33s,Argininosuccinic acid,C10H18N4O6,[M]-,-NH3,82,1.5716956302689495,3.313092009956048,0.24858757062146894,0.24858757062146894,0.2056291022360663,0.30286092078374804,0.14816521076598685,0.14816521076598685,1.584065136795387,189,35.65525817871094,24.972305297851562,6310.98046875,72.156005859375,26.493793487548828,10.7609281539917,10.682952880859375,3.3372721291749996,1.3457458423092465,1.8091794117935933e-05,1.2753947885357775e-05,0.003202247666195035,3.5774395655607805e-05,1.2417322068358772e-05,5.386606062529609e-06,5.337846232578158e-06,0.017995735648203698,0.01786989784111415
2021-07-30_02h22m33s_C10H18N4O6_[M]-_+HCl_82,2021-07-30_02h22m33s,Argininosuccinic acid,C10H18N4O6,[M]-,+HCl,82,1.3398054394913739,1.5884013515697906,0.23163841807909605,0.23163841807909605,0.17902992546445656,0.20612453419882198,0.16288959370625652,0.16288959370625652,1.338319739108173,189,16.9976749420166,6.280477523803711,3008.58837890625,32.397438049316406,15.055904388427734,10.70012092590332,10.71719741821289,1.5858706719782296,1.1288957214260114,9.198878615279682e-06,4.056414582009893e-06,0.0016282015712931752,1.7865431800601073e-05,7.07555000190041e-06,5.140798748470843e-06,5.142464033269789e-06,0.00915181573203856,0.00913424878129781
2021-07-30_02h22m33s_C10H18N4O6_+Cl_-CH2O2_82,2021-07-30_02h22m33s,Argininosuccinic acid,C10H18N4O6,+Cl,-CH2O2,82,1.5567612327363598,1.2996396537839143,0.5480225988700564,0.5480225988700564,0.35338747357881856,0.3716191849981969,0.34202739337668553,0.34202739337668553,1.5743922710769884,189,101.63748931884766,23.99604034423828,17989.8359375,98.92227935791016,94.58985900878906,78.20336151123047,77.64144897460938,1.3090453825340456,1.0744958908704259,5.4268577514449134e-05,1.6441459592897445e-05,0.009605538100004196,5.74867517570965e-05,4.543625982478261e-05,3.816721073235385e-05,3.782711792155169e-05,0.05229057573975557,0.05190998208111192
2021-07-30_02h22m33s_C10H18N4O6_-H_-H2_82,2021-07-30_02h22m33s,Argininosuccinic acid,C10H18N4O6,-H,-H2,82,3.3971766011514464,7.951827070334552,0.423728813559322,0.423728813559322,0.12737790632995885,0.14725327563409063,0.11472969860198097,0.11472969860198097,3.411442446622642,189,60.37815475463867,52.81970977783203,10686.93359375,107.44083404541016,10.252752304077148,7.591991424560547,7.558444499969482,7.987115290664865,5.888396068493951,2.877325277950149e-05,2.50691100518452e-05,0.005092865787446499,4.642425483325496e-05,4.919568709738087e-06,3.727326884472859e-06,3.704143182403641e-06,0.028667065862925816,0.028632393751118587
2021-07-30_02h22m33s_C10H18N4O6_[M]-_-CH2O2_82,2021-07-30_02h22m33s,Argininosuccinic acid,C10H18N4O6,[M]-,-CH2O2,82,2.58198772932486,4.706711647268406,0.0847457627118644,0.0847457627118644,0.028913116030704195,0.03894698882077173,0.022821907613799458,0.022821907613799458,2.593393559669988,188,6.3798828125,5.0342631340026855,1129.2392578125,22.366056442260742,2.6629395484924316,1.3544862270355225,1.3456196784973145,4.7377020508264645,2.394905250800636,3.445738911977969e-06,2.7882192625838798e-06,0.0006098957965150476,1.1996735338470899e-05,1.2845915762227378e-06,6.614874905608303e-07,6.575197062375082e-07,0.003443474759465689,0.0034413182235768602
2021-07-30_02h22m33s_C10H18N4O6_[M]-_-H2O_82,2021-07-30_02h22m33s,Argininosuccinic acid,C10H18N4O6,[M]-,-H2O,82,0.44871442823366803,1.2054712247154065,0.022598870056497175,0.022598870056497175,0.05110690844365336,0.06947950474816685,0.04036359126105215,0.04036359126105215,0.45267717918147093,189,2.9414424896240234,0.5353240966796875,520.6353149414062,25.127906799316406,6.2392354011535645,2.4390769004821777,2.406118392944336,1.221976658167658,0.4713672322490063,1.4979564184613992e-06,2.794305373754469e-07,0.0002651382819749415,1.265956052520778e-05,3.0647927360405447e-06,1.2364997701297398e-06,1.2185258810859523e-06,0.001496133341263514,0.0014933795197570958
2021-07-30_02h22m33s_C10H18N4O6_+Cl_-H2O_82,2021-07-30_02h22m33s,Argininosuccinic acid,C10H18N4O6,+Cl,-H2O,82,0.9264344384561296,0.9128184304010752,0.7005649717514124,0.6949152542372882,0.7565135165201914,0.7743118163240774,0.7461948721583358,0.7461948721583358,0.925080016503448,189,129.22433471679688,-12.5819091796875,22872.70703125,97.52519989013672,158.1699676513672,141.5653076171875,141.80624389648438,0.911267514733784,0.8169914911415787,7.278031262103468e-05,3.7094068829901516e-06,0.012882115319371223,6.128500535851344e-05,7.737997657386586e-05,6.907800707267597e-05,6.907090573804453e-05,0.06807809681322308,0.06755305853416779
2021-07-30_02h22m33s_C10H18N4O6_+Cl_-CO2_82,2021-07-30_02h22m33s,Argininosuccinic acid,C10H18N4O6,+Cl,-CO2,82,1.3813239252606568,1.036030113225623,0.9265536723163842,0.9265536723163842,0.6670152408499277,0.6762231037384301,0.6607721884579265,0.6607721884579265,1.3931869980776452,189,926.6494750976562,33.20562744140625,164016.953125,304.68463134765625,963.2881469726562,894.4223022460938,893.44384765625,1.0371647198240732,0.9619639938951372,0.0004896853934042156,7.688871119171381e-05,0.08667431771755219,0.0002063784486381337,0.00044624105794355273,0.00041425105882808566,0.00041279668221250176,0.34660712299900553,0.3385918209931834
2021-07-30_02h22m33s_C10H18N4O6_+Cl_-CH2O3_82,2021-07-30_02h22m33s,Argininosuccinic acid,C10H18N4O6,+Cl,-CH2O3,82,1.107113551039313,1.0284265260103884,0.5254237288135594,0.5254237288135594,0.4831015685838247,0.5142745522298353,0.46458883356663183,0.46458883356663183,1.109990852380778,189,46.731163024902344,1.3306503295898438,8271.416015625,48.61613845825195,50.668880462646484,45.4384765625,45.4005126953125,1.0292864763893015,0.9222670864469922,2.487133679096587e-05,2.7622136258287355e-06,0.004402226768434048,2.681505065993406e-05,2.4354030756512657e-05,2.2166754206409678e-05,2.2109123165137134e-05,0.024333347807274714,0.024280020426724662
2021-07-30_02h22m33s_C10H18N4O6_[M]-_+C12H14N2_82,2021-07-30_02h22m33s,Argininosuccinic acid,C10H18N4O6,[M]-,+C12H14N2,82,0.6427291429413523,1.0681657376068323,0.022598870056497175,0.022598870056497175,0.024852597619312494,0.02434186801298233,0.025160798766766482,0.025160798766766482,0.6468274490854495,186,1.5989364385604858,0.11738419532775879,283.0117492675781,10.911101341247559,1.5010854005813599,1.4958992004394531,1.481552243232727,1.0785025929838272,1.0644777174065079,6.933739200576383e-07,2.3743496058159508e-08,0.00012272718595340848,4.849498964176746e-06,6.607526188417978e-07,6.786263497815526e-07,6.696304239994788e-07,0.0006929099264897695,0.0006929160739471402
2021-07-30_02h22m33s_C10H18N4O6_-H_-CH2O2_82,2021-07-30_02h22m33s,Argininosuccinic acid,C10H18N4O6,-H,-CH2O2,82,5.234220442348562,65.53820642872233,0.5875706214689266,0.519774011299435,0.14207364556680388,0.20723644668830388,0.1022556124528235,0.1022556124528235,5.372356308012494,188,367.36468505859375,361.9486999511719,65023.55078125,867.3033447265625,15.176972389221191,5.60435152053833,5.4159932136535645,67.81708423275273,24.20380506947568,0.0001757632417138666,0.0001731152879074216,0.031110094860196114,0.000374669732991606,7.309082775464049e-06,2.748900215010508e-06,2.647951987455599e-06,0.1752990582242426,0.17448789524421016
2021-07-30_02h22m33s_C10H18N4O6_-H_+C12H14N2_82,2021-07-30_02h22m33s,Argininosuccinic acid,C10H18N4O6,-H,+C12H14N2,82,2.385406268252212,3.264264401131915,0.12994350282485875,0.12994350282485875,0.04435421070196907,0.04369515566774853,0.044474369651115404,0.044474369651115404,2.3955762246301373,188,9.264494895935059,6.442396640777588,1639.815673828125,25.23600196838379,2.785921096801758,2.8371570110321045,2.8220982551574707,3.281676391889623,3.324275992803276,4.444419118954102e-06,3.158102117595263e-06,0.0007866621599532664,1.2166061424068175e-05,1.237922901964339e-06,1.2962610753675108e-06,1.286316887672001e-06,0.004438709531923718,0.0044389240731838265
2021-07-30_02h22m33s_C10H18N4O6_[M]-_+H2_82,2021-07-30_02h22m33s,Argininosuccinic acid,C10H18N4O6,[M]-,+H2,82,0.8919217526214239,1.0802393412443454,0.07344632768361582,0.07344632768361582,0.0733563243964846,0.07506911888448131,0.07234615589063911,0.07234615589063911,0.8946193125910235,189,6.436469078063965,0.49419260025024414,1139.2550048828125,24.064987182617188,6.102378845214844,5.957373142242432,5.942276477813721,1.082983284067523,1.0545747267696268,2.994450596816023e-06,1.485636857978534e-07,0.0005300177726894617,1.1554118827916682e-05,2.9016580356255872e-06,2.857866093108896e-06,2.8458869110181695e-06,0.0029859529125054072,0.002985786864368363
2021-07-30_02h22m33s_C10H18N4O6_[M]-__82,2021-07-30_02h22m33s,Argininosuccinic acid,C10H18N4O6,[M]-,,82,6.645491983317602,231.46412708268952,0.4689265536723164,0.4067796610169492,0.057937479141172546,0.05129823296069239,0.06056310576394918,0.06056310576394918,6.904582137517202,2,864.1956176757812,860.6810302734375,152962.625,2192.5380859375,3.103440284729004,3.73260498046875,3.514617443084717,245.8161707485181,278.3740508480161,0.0004153971385676414,0.0004136522184126079,0.07352529466152191,0.000951405381783843,1.5390387488878332e-06,1.8582979919301579e-06,1.7449065126129426e-06,0.41467357195133503,0.4147588086896255
2021-07-30_02h22m33s_C10H18N4O6_[M]-_-CO2_82,2021-07-30_02h22m33s,Argininosuccinic acid,C10H18N4O6,[M]-,-CO2,82,6.937923916285145,66.939601238709,0.0847457627118644,0.0847457627118644,0.002714428746245411,0.0031253756461113113,0.002214859046370289,0.002214859046370289,7.091362437186579,75,8.47111988067627,8.361275672912598,1499.38818359375,35.9352912902832,0.17740987241268158,0.12554870545864105,0.10984452813863754,76.42343761057029,47.48122828697305,5.077129117125878e-06,5.022275217925198e-06,0.0008986518369056284,2.2155709302751347e-05,8.095489789639032e-08,6.296942700600994e-08,5.4853806830124086e-08,0.005076850632541975,0.005076718131927859
2021-07-30_02h22m33s_C10H18N4O6_-H_+H2_82,2021-07-30_02h22m33s,Argininosuccinic acid,C10H18N4O6,-H,+H2,82,0.5850232037011126,0.7064744794680382,0.07909604519774012,0.07909604519774012,0.1252864612303927,0.1256761630003606,0.1252015521732197,0.1252015521732197,0.5852643878740081,189,6.693697452545166,-2.777392864227295,1184.784423828125,23.495590209960938,9.422586441040039,9.473790168762207,9.471090316772461,0.7066758475362586,0.7103131588408725,3.7719566989835585e-06,-8.318286290887045e-07,0.0006676363409496844,1.3570470400736667e-05,4.493857886700425e-06,4.6118457248667255e-06,4.603785328072263e-06,0.003754670999723294,0.0037550818945963206
2021-07-30_02h22m33s_C10H18N4O6_-H_-NH3_82,2021-07-30_02h22m33s,Argininosuccinic acid,C10H18N4O6,-H,-NH3,82,7.063740861460257,22.285903091805267,0.096045197740113,0.005649717514124294,0.005695850483924797,0.008775093160235605,0.0035969310913053494,0.0035969310913053494,7.010292414752832,3,104.81905364990234,99.98114776611328,18552.97265625,373.8138427734375,133.73883056640625,4.70237922668457,4.837906360626221,21.661723918199012,0.7837534503070588,4.639027247321792e-05,4.401517799124122e-05,0.008211078122258186,0.00016056443564593792,5.018475349061191e-05,2.3085610791895306e-06,2.3750963009661064e-06,0.046280352179947915,0.04417343931058377
2021-07-30_02h22m33s_C40H77O10P_[M]-__2,2021-07-30_02h22m33s,PG 16:0-18:1,C40H77O10P,[M]-,,2,69.51294699422554,133962.30676653227,0.7062146892655368,0.4576271186440678,0.0015018355768161085,3.0051688904916458e-05,0.0001594698513386608,0.0001594698513386608,70.62146892655367,1,38631.30078125,38631.30078125,6837740.0,84398.4765625,0.0974789634346962,0.2873744070529938,0.0,38631300.78125,392279.7258814301,0.01465785875916481,0.01465785875916481,2.5944409370422363,0.028015287593007088,4.439897338670562e-08,1.9489522173898877e-07,0.0,14.65785875916481,14.657207994177153
2021-07-30_02h22m33s_C40H77O10P_-H__2,2021-07-30_02h22m33s,PG 16:0-18:1,C40H77O10P,-H,,2,71.66152053109523,26236.222173817237,0.7966101694915254,0.615819209039548,0.0022916898431416177,6.0103377809832915e-05,0.0011162889593706257,0.0011162889593706257,79.5164625887164,2,67546.703125,67546.6640625,11955766.0,126444.6484375,0.23916856944561005,2.573559045791626,0.036170072853565216,1817233.5413790066,281247.05610280536,0.026971932500600815,0.026971915736794472,4.774032115936279,0.04428553953766823,1.1851600589807276e-07,1.6801808442323818e-06,1.604856159076462e-08,26.971499646827535,26.968736273693537
2021-07-30_02h22m33s_C40H77O10P_-H_+C12H14N2_2,2021-07-30_02h22m33s,PG 16:0-18:1,C40H77O10P,-H,+C12H14N2,2,42.90653429322068,5907.989102808651,0.4632768361581921,0.4632768361581921,0.0036155300923350763,0.005950234403173459,0.000797349256693304,0.000797349256693304,43.48200280403671,83,248.3535919189453,248.32139587402344,43958.5859375,574.0179443359375,0.3980376124382019,0.04103690758347511,0.03219638764858246,7481.343890426295,622.3814101168402,9.399609552929178e-05,9.398232214152813e-05,0.01663730852305889,0.00018878374248743057,1.670564984124212e-07,1.9170974141502484e-08,1.3773916229808947e-08,0.0939948008527788,0.09398039549350122
2021-07-30_02h22m33s_C40H77O10P_[M]-_-H2_2,2021-07-30_02h22m33s,PG 16:0-18:1,C40H77O10P,[M]-,-H2,2,37.18519739537769,2250.797695522662,0.632768361581921,0.4463276836158192,0.01508510401601958,0.025483832191369155,0.007016673458901075,0.007016673458901075,37.83075605805833,42,685.2733764648438,684.9863891601562,121293.390625,1581.571044921875,1.6615679264068604,0.30345800518989563,0.2869977355003357,2379.440155230127,412.17767140850344,0.0002588382922112942,0.0002587167837191373,0.045814380049705505,0.0005152133526280522,7.129460755095351e-07,1.3299207068939722e-07,1.214988571973663e-07,0.2588068474750911,0.2586538859383991
2021-07-30_02h22m33s_C40H77O10P_-H_-H2_2,2021-07-30_02h22m33s,PG 16:0-18:1,C40H77O10P,-H,-H2,2,64.04904956870456,28302.88788125704,0.6836158192090396,0.4745762711864407,0.0031149182333963733,0.003636254357494891,0.0006733171500965679,0.0006733171500965679,67.50258308151585,4,1277.98974609375,1277.980712890625,226204.1875,2885.8701171875,0.2883128523826599,0.04415404051542282,0.009060215204954147,127034.03655464592,4417.327939525534,0.00048495366354472935,0.00048495017108507454,0.08583679795265198,0.0009512557298876345,1.2011042826998164e-07,2.655142239404995e-08,3.481389398984902e-09,0.4849519752380637,0.48489542254786094
2021-07-30_02h22m33s_C40H77O10P_+Cl_-CH2O2_2,2021-07-30_02h22m33s,PG 16:0-18:1,C40H77O10P,+Cl,-CH2O2,2,0.0,0.0,0.0,0.0,0.0021804427633774614,0.004387546580117803,0.0008859436185481155,0.0008859436185481155,0.0,56,0.0,-0.06036698445677757,0.0,0.0,0.34351083636283875,0.06000791862607002,0.06036698445677757,0.0,0.0,0.0,-2.617654715209028e-08,0.0,0.0,1.498761577067853e-07,2.6234520333900946e-08,2.617654715209028e-08,0.0,0.0
2021-07-30_02h22m33s_C40H77O10P_-H_-H2O_2,2021-07-30_02h22m33s,PG 16:0-18:1,C40H77O10P,-H,-H2O,2,23.238510107499557,457.64251470567393,0.3163841807909605,0.3163841807909605,0.005362109244632329,0.0066714749368914535,0.0036146499636763117,0.0036146499636763117,23.233380969921978,118,100.56683349609375,100.34798431396484,17800.330078125,241.24342346191406,0.44790616631507874,0.2187497615814209,0.21884579956531525,457.44259701544024,224.02640249211413,3.771551200770773e-05,3.762180494959466e-05,0.006675645709037781,7.979574729688466e-05,1.8892464481723437e-07,9.471096262814171e-08,9.37059922989647e-08,0.03771197816937181,0.03770838796390502
2021-07-30_02h22m33s_C40H77O10P_[M]-_+HCl_2,2021-07-30_02h22m33s,PG 16:0-18:1,C40H77O10P,[M]-,+HCl,2,1.9697610940894323,10.227740888619547,0.02824858757062147,0.02824858757062147,0.012404049393703416,0.025994710902752734,0.0043411237308857665,0.0043411237308857665,1.9642745425048616,167,3.0571396350860596,2.755937337875366,541.1137084960938,19.42222785949707,2.406730890274048,0.29790663719177246,0.30120229721069336,10.116202501778611,1.2697181597143092,1.4480798427030095e-06,1.3205778941483004e-06,0.0002563101297710091,9.096926987695042e-06,1.01787759376748e-06,1.2599456056250347e-07,1.275019485547091e-07,0.0014478952332394684,0.001446607373470575
2021-07-30_02h22m33s_C40H77O10P_+Cl_+H2_2,2021-07-30_02h22m33s,PG 16:0-18:1,C40H77O10P,+Cl,+H2,2,2.156708032836517,45.57288130386115,0.022598870056497175,0.022598870056497175,0.003037045277561464,0.007272508714989782,0.0004784095540159824,0.0004784095540159824,2.1616447173746205,64,1.3534951210021973,1.3261531591415405,239.56863403320312,8.915407180786133,0.6520236134529114,0.028699573129415512,0.02734190598130226,47.75596679683878,2.072658772391844,5.693669322681671e-07,5.582141398008389e-07,0.00010077795013785362,3.826145075436216e-06,2.844007838120888e-07,1.2073199329165618e-08,1.1152792467328254e-08,0.0005693605823077535,0.0005692050499058241
2021-07-30_02h22m33s_C40H77O10P_+Cl_+HCl_2,2021-07-30_02h22m33s,PG 16:0-18:1,C40H77O10P,+Cl,+HCl,2,2.4974004679467456,32.712191013499776,0.02824858757062147,0.02824858757062147,0.0036934030481699854,0.007603077292943863,0.001311196555451211,0.001311196555451211,2.497907512031806,75,3.1351280212402344,3.0419275760650635,554.9176635742188,18.992700576782227,0.6834136247634888,0.09483974426984787,0.09320055693387985,33.281417045557454,4.580750452365166,1.0193474508923828e-06,9.791330057851155e-07,0.00018042449664790183,6.106256478233263e-06,2.8971041388103913e-07,4.177056567300497e-08,4.0214391816562056e-08,0.001019306460103015,0.0010190522208517133
2021-07-30_02h22m33s_C40H77O10P_[M]-_-CH2O2_2,2021-07-30_02h22m33s,PG 16:0-18:1,C40H77O10P,[M]-,-CH2O2,2,1.8435011283327216,2.6769552298819823,0.0903954802259887,0.0903954802259887,0.050083435309823114,0.06860800576992426,0.039034675833229976,0.039034675833229976,1.8327784570566246,189,7.148776054382324,4.456324100494385,1265.3333740234375,23.43153953552246,6.73872709274292,2.669487714767456,2.6924519538879395,2.6541316410204465,1.0606922143894895,3.0015758056833874e-06,1.8503563978811144e-06,0.0005312788998708129,1.0151877177122515e-05,2.9167345019232016e-06,1.146963654719002e-06,1.151219407802273e-06,0.002998124306794402,0.0029928464671337396
2021-07-30_02h22m33s_C40H77O10P_-H_-CH2O3_2,2021-07-30_02h22m33s,PG 16:0-18:1,C40H77O10P,-H,-CH2O3,2,0.0,0.0,0.0,0.0,0.003426410056736011,0.007392715470609448,0.0010985700869996634,0.0010985700869996634,0.0,7,0.0,-0.060677383095026016,0.0,0.0,2.627720594406128,0.05914101004600525,0.060677383095026016,0.0,0.0,0.0,-2.5669354641877362e-08,0.0,0.0,9.886005045700585e-07,2.5019399885195526e-08,2.5669354641877362e-08,0.0,0.0
2021-07-30_02h22m33s_C40H77O10P_+Cl_+C12H14N2_2,2021-07-30_02h22m33s,PG 16:0-18:1,C40H77O10P,+Cl,+C12H14N2,2,3.9221133489506927,30.59637978489508,0.04519774011299435,0.04519774011299435,0.003448659472688842,0.006491164803461955,0.0015238230239027588,0.0015238230239027588,3.9148411036965314,86,2.9141907691955566,2.8186802864074707,515.811767578125,13.524014472961426,0.5260757207870483,0.0942462608218193,0.09551038593053818,30.19561823421781,5.528979336866405,9.984202051782631e-07,9.581374342815252e-07,0.0001767203793860972,4.698365046351682e-06,2.1884508782932244e-07,3.992207098235667e-08,4.028280287116104e-08,0.0009983799876340307,0.000998201753627819
2021-07-30_02h22m33s_C40H77O10P_[M]-_-H2O_2,2021-07-30_02h22m33s,PG 16:0-18:1,C40H77O10P,[M]-,-H2O,2,6.464186771525459,24.32803175549114,0.23163841807909605,0.23163841807909605,0.031660918900878854,0.040479624954922466,0.025834115916863052,0.025834115916863052,6.461181139555655,188,43.31671905517578,41.53491973876953,7667.05908203125,104.03448486328125,3.171982526779175,1.7795270681381226,1.7817986011505127,24.297034464365037,13.651735768978734,1.6636528016533703e-05,1.585141035320703e-05,0.0029446654953062534,3.641936200438067e-05,1.3647505738845211e-06,7.909488886070903e-07,7.851184591345373e-07,0.01662347661818577,0.016613854249412384
2021-07-30_02h22m33s_C40H77O10P_-H_-CO2_2,2021-07-30_02h22m33s,PG 16:0-18:1,C40H77O10P,-H,-CO2,2,0.0,0.0,0.0,0.0,0.0023139392590944487,0.00423728813559322,0.001187164448854475,0.001187164448854475,0.0,50,0.0,-0.07673008739948273,0.0,0.0,0.3524877429008484,0.07706291973590851,0.07673008739948273,0.0,0.0,0.0,-3.1396250932402836e-08,0.0,0.0,1.558309179472417e-07,3.1717195980718316e-08,3.1396250932402836e-08,0.0,0.0
2021-07-30_02h22m33s_C40H77O10P_+Cl_-HPO3_2,2021-07-30_02h22m33s,PG 16:0-18:1,C40H77O10P,+Cl,-HPO3,2,0.0,0.0,0.0,0.0,0.0023139392590944487,0.00423728813559322,0.001187164448854475,0.001187164448854475,0.0,50,0.0,-0.07673008739948273,0.0,0.0,0.3524877429008484,0.07706291973590851,0.07673008739948273,0.0,0.0,0.0,-3.1396250932402836e-08,0.0,0.0,1.558309179472417e-07,3.1717195980718316e-08,3.1396250932402836e-08,0.0,0.0
2021-07-30_02h22m33s_C40H77O10P_[M]-_-CH2O3_2,2021-07-30_02h22m33s,PG 16:0-18:1,C40H77O10P,[M]-,-CH2O3,2,0.4797055858709506,0.8745497796538703,0.011299435028248588,0.011299435028248588,0.01975748136611414,0.030322154105060704,0.01355493736378617,0.01355493736378617,0.4758968225789372,179,0.7626897096633911,-0.12055647373199463,134.99607849121094,7.134308815002441,2.495359182357788,0.8710941076278687,0.8832461833953857,0.8625309602522295,0.3055208221050297,2.5393876512680436e-07,-1.2235921076353407e-07,4.494715904002078e-05,2.4336372916877735e-06,1.0606336218188517e-06,3.726696888861625e-07,3.762979758903384e-07,0.00025384324442773274,0.00025366971449876976
2021-07-30_02h22m33s_C40H77O10P_+Cl_-CO2_2,2021-07-30_02h22m33s,PG 16:0-18:1,C40H77O10P,+Cl,-CO2,2,0.0,0.0,0.0,0.0,0.0016909556124151742,0.00381656449092439,0.00044297180927405777,0.00044297180927405777,0.0,47,0.0,-0.02793903835117817,0.0,0.0,0.30293750762939453,0.027231615036725998,0.02793903835117817,0.0,0.0,0.0,-1.1475599137611425e-08,0.0,0.0,1.3722991809572704e-07,1.1185033343963369e-08,1.1475599137611425e-08,0.0,0.0
2021-07-30_02h22m33s_C40H77O10P_[M]-_-HPO3_2,2021-07-30_02h22m33s,PG 16:0-18:1,C40H77O10P,[M]-,-HPO3,2,0.8722647471958275,1.0205719970324483,0.04519774011299435,0.04519774011299435,0.047369006563577704,0.0567976920302921,0.04181653879547106,0.04181653879547106,0.8794364815058623,189,3.5669214725494385,0.10316014289855957,631.3450927734375,18.036523818969727,4.777146339416504,3.4940218925476074,3.463761329650879,1.029485477693453,0.7465073731887881,2.063724423351232e-06,4.486390707825194e-07,0.00036527920747175813,1.1283056664979085e-05,2.1520252175832866e-06,1.642556185288413e-06,1.6150853525687126e-06,0.002060396706809583,0.0020592927733725473
2021-07-30_02h22m33s_C40H77O10P_-H_+H2_2,2021-07-30_02h22m33s,PG 16:0-18:1,C40H77O10P,-H,+H2,2,60.481120524826274,223286.86483821805,0.6101694915254238,0.3898305084745763,0.0012793414172877961,6.0103377809832915e-05,8.859436185481156e-05,8.859436185481156e-05,61.016949152542374,1,9805.2021484375,9805.2021484375,1735520.75,23026.146484375,0.029112663120031357,0.04291302710771561,0.0,9805202.1484375,325617.2364879593,0.0036815134808421135,0.0036815134808421135,0.6516278982162476,0.00761684775352478,1.38662885618146e-08,2.9472998264168382e-08,0.0,3.6815134808421135,3.6814624326216934
2021-07-30_02h22m33s_C40H77O10P_+Cl_-H2O_2,2021-07-30_02h22m33s,PG 16:0-18:1,C40H77O10P,+Cl,-H2O,2,0.9359176580848372,5.169394277957083,0.011299435028248588,0.011299435028248588,0.003915897207698298,0.007002043514845535,0.0020731080674025906,0.0020731080674025906,0.9373820987420799,79,0.6711864471435547,0.5431932806968689,118.80000305175781,6.289350509643555,0.6508156657218933,0.12883850932121277,0.1279931515455246,5.203271949725779,1.02971818942125,2.5161682515317807e-07,1.9683054119923327e-07,4.4536180212162435e-05,2.445001200612751e-06,2.6888892534771003e-07,5.580494644163991e-08,5.47862839539448e-08,0.00025160304075754343,0.0002515491863627849
2021-07-30_02h22m33s_C40H77O10P_[M]-_+H2_2,2021-07-30_02h22m33s,PG 16:0-18:1,C40H77O10P,[M]-,+H2,2,2.388745091786369,5.974220716239289,0.03954802259887006,0.03954802259887006,0.012270552897986427,0.021817526144969346,0.006555982777256056,0.006555982777256056,2.4142780076337775,155,2.498969793319702,2.0935871601104736,442.3176574707031,12.386767387390137,2.053605079650879,0.41729217767715454,0.40538254380226135,6.149303978311768,1.2162774335904643,1.1618694770731963e-06,9.899529231915949e-07,0.00020565089653246105,5.894265541428467e-06,8.795441317488439e-07,1.8001178148097097e-07,1.7191659651416558e-07,0.0011616697667606215,0.0011608484596226855
2021-07-30_02h22m33s_C40H77O10P_+Cl_-H3PO4_2,2021-07-30_02h22m33s,PG 16:0-18:1,C40H77O10P,+Cl,-H3PO4,2,0.0,0.0,0.0,0.0,0.003426410056736011,0.007392715470609448,0.0010985700869996634,0.0010985700869996634,0.0,7,0.0,-0.060677383095026016,0.0,0.0,2.627720594406128,0.05914101004600525,0.060677383095026016,0.0,0.0,0.0,-2.5669354641877362e-08,0.0,0.0,9.886005045700585e-07,2.5019399885195526e-08,2.5669354641877362e-08,0.0,0.0
2021-07-30_02h22m33s_C40H77O10P_+Cl_-CH2O3_2,2021-07-30_02h22m33s,PG 16:0-18:1,C40H77O10P,+Cl,-CH2O3,2,28.28935950795242,2672.555547591216,0.2994350282485876,0.2994350282485876,0.0025253087106463456,0.00423728813559322,0.0005847227882417563,0.0005847227882417563,28.24882011713368,48,98.50170135498047,98.46491241455078,17434.80078125,208.43931579589844,0.3908628821372986,0.03585674613714218,0.03678823262453079,2606.676589871436,251.36777644703798,3.783405918511562e-05,3.7817604606971145e-05,0.0066966284066438675,7.436731539200991e-05,1.6158375615304976e-07,1.6037610350849718e-08,1.6454237083962653e-08,0.037833436664779035,0.03782794680338357
2021-07-30_02h22m33s_C23H38N7O17P3S_[M]-__78,2021-07-30_02h22m33s,Acetyl-CoA,C23H38N7O17P3S,[M]-,,78,52.64097527160805,251262.4735706283,0.5310734463276836,0.3672316384180791,0.001490710868839693,0.001051809111672076,8.859436185481156e-05,8.859436185481156e-05,52.91509389198944,2,2597.774658203125,2597.770751953125,459806.125,5281.35986328125,0.14571887254714966,0.009338888339698315,0.0038298130966722965,537862.3574467036,17705.797578074373,0.001050705322995782,0.0010507035767659545,0.1859748363494873,0.002127202460542321,5.766358768255486e-08,4.186446744824934e-09,1.7374185423690847e-09,1.0507034974840428,1.0506447390507485
2021-07-30_02h22m33s_C23H38N7O17P3S_-H__78,2021-07-30_02h22m33s,Acetyl-CoA,C23H38N7O17P3S,-H,,78,48.415995253347496,654703.5174900858,0.4858757062146893,0.3672316384180791,0.0010902213816887307,0.00030051688904916455,3.5437744741924624e-05,3.5437744741924624e-05,48.58757062146893,2,9020.42578125,9020.42578125,1596615.375,18170.2421875,0.13002976775169373,0.012777878902852535,0.0,9020425.78125,68842.56864702715,0.0036578327417373657,0.0036578327417373657,0.6474363803863525,0.00731941033154726,5.291918014904695e-08,5.418831161563276e-09,0.0,3.6578327417373657,3.657639182470548
2021-07-30_02h22m33s_C23H38N7O17P3S_+Cl_-H3PO4_78,2021-07-30_02h22m33s,Acetyl-CoA,C23H38N7O17P3S,+Cl,-H3PO4,78,0.0,0.0,0.0,0.0,0.0019690733118255645,0.004838321913691549,0.000283501957935397,0.000283501957935397,0.0,42,0.0,-0.01730610989034176,0.0,0.0,0.798250675201416,0.017873132601380348,0.01730610989034176,0.0,0.0,0.0,-7.296515391885805e-09,0.0,0.0,2.973609127820964e-07,7.570730709005602e-09,7.296515391885805e-09,0.0,0.0
2021-07-30_02h22m33s_C23H38N7O17P3S_[M]-_+HCl_78,2021-07-30_02h22m33s,Acetyl-CoA,C23H38N7O17P3S,[M]-,+HCl,78,2.2166821860342583,129.43319969507766,0.022598870056497175,0.022598870056497175,0.0020246968517076427,0.005018632047121048,0.00019490759608058544,0.00019490759608058544,2.2156133769146833,39,1.545474648475647,1.534258246421814,273.54901123046875,10.801639556884766,1.0707931518554688,0.010940326377749443,0.011216378770768642,126.50840952751558,1.441952344815928,5.874967996533087e-07,5.828637199556397e-07,0.00010398693120805547,4.254728992236778e-06,4.4610166582970123e-07,4.519070007091841e-09,4.633097461237412e-09,0.0005874940777359887,0.0005872348332159778
2021-07-30_02h22m33s_C23H38N7O17P3S_-H_-CH2O3_78,2021-07-30_02h22m33s,Acetyl-CoA,C23H38N7O17P3S,-H,-CH2O3,78,0.0,0.0,0.0,0.0,0.0019690733118255645,0.004838321913691549,0.000283501957935397,0.000283501957935397,0.0,42,0.0,-0.01730610989034176,0.0,0.0,0.798250675201416,0.017873132601380348,0.01730610989034176,0.0,0.0,0.0,-7.296515391885805e-09,0.0,0.0,2.973609127820964e-07,7.570730709005602e-09,7.296515391885805e-09,0.0,0.0
2021-07-30_02h22m33s_C23H38N7O17P3S_[M]-_-H3PO4_78,2021-07-30_02h22m33s,Acetyl-CoA,C23H38N7O17P3S,[M]-,-H3PO4,78,17.944561526634857,1042.1997976197065,0.1864406779661017,0.1864406779661017,0.0018467015240849927,0.0033357374684457267,0.0003898151921611709,0.0003898151921611709,17.927589506494492,68,24.967100143432617,24.943565368652344,4419.1767578125,59.60991287231445,0.22316668927669525,0.022956155240535736,0.02353539504110813,1017.5951967189108,111.37738717555409,1.0316121915820986e-05,1.030611019814387e-05,0.0018259536009281874,2.5748613552423194e-05,9.643777332257741e-08,9.765567909880701e-09,1.0011977913393366e-08,0.010316018632070288,0.010315127147927301
2021-07-30_02h22m33s_C23H38N7O17P3S_+Cl_-CH2O3_78,2021-07-30_02h22m33s,Acetyl-CoA,C23H38N7O17P3S,+Cl,-CH2O3,78,3.86575636318553,172.68261663553156,0.03954802259887006,0.03954802259887006,0.0020358215596840584,0.004898425291501383,0.00023034534082251004,0.00023034534082251004,3.8635613473816273,33,2.9507477283477783,2.9342541694641113,522.2823486328125,14.981502532958984,0.5968434810638428,0.016087694093585014,0.016493627801537514,168.67557500499908,4.9356525943830984,1.0801027201523539e-06,1.0728890629252419e-06,0.00019117817282676697,5.596898972726194e-06,2.2736834637271386e-07,7.036128568671529e-09,7.213667885253017e-09,0.0010800949287062536,0.0010798571948076518
2021-07-30_02h22m33s_C23H38N7O17P3S_+Cl_+HCl_78,2021-07-30_02h22m33s,Acetyl-CoA,C23H38N7O17P3S,+Cl,+HCl,78,1.1083410930171291,57.194914365262264,0.011299435028248588,0.011299435028248588,0.0012793414172877961,0.0030652722683014787,0.00019490759608058544,0.00019490759608058544,1.1078066884573416,29,0.6790074706077576,0.6678613424301147,120.18431854248047,6.360423564910889,0.5417612791061401,0.010871815495193005,0.011146138422191143,55.90315596660768,1.251024155087109,3.1273188483282865e-07,3.076708310345566e-07,5.535354284802452e-05,2.9855962111469125e-06,2.2626042550655256e-07,4.936488995355148e-09,5.061049357379943e-09,0.00031273030208933423,0.00031266114198980267
2021-07-30_02h22m33s_C23H38N7O17P3S_[M]-_-H2_78,2021-07-30_02h22m33s,Acetyl-CoA,C23H38N7O17P3S,[M]-,-H2,78,18.42549016727147,812.1676361755738,0.192090395480226,0.192090395480226,0.0020914450995661365,0.003906719557639139,0.0004252529369030955,0.0004252529369030955,18.406545206787843,54,20.055744171142578,20.031452178955078,3549.86669921875,44.9063720703125,0.3346405327320099,0.023694094270467758,0.024291956797242165,792.96925627081,59.753641814041465,8.295369298139121e-06,8.283681381726637e-06,0.0014682803303003311,1.885237725218758e-05,1.4151035543363832e-07,1.1400437927022722e-08,1.1688100265416779e-08,0.008295272342164256,0.008294195583574054
2021-07-30_02h22m33s_C23H38N7O17P3S_-H_+H2_78,2021-07-30_02h22m33s,Acetyl-CoA,C23H38N7O17P3S,-H,+H2,78,51.67361329082288,46207.132454559156,0.5423728813559322,0.384180790960452,0.0024363110468350207,0.002854910445967063,0.0004961284263869447,0.0004961284263869447,52.98598419266231,3,1417.449462890625,1417.435302734375,250888.5625,2891.17578125,0.24326786398887634,0.029675988480448723,0.014198233373463154,93264.09379695142,5802.848724116955,0.0005712705315090716,0.0005712652928195894,0.10111488401889801,0.001146927010267973,9.651815702227395e-08,1.1584309511647461e-08,5.244981338137222e-09,0.5712675352215103,0.5712153988515117
2021-07-30_02h22m33s_C23H38N7O17P3S_+Cl_-CH2O2_78,2021-07-30_02h22m33s,Acetyl-CoA,C23H38N7O17P3S,+Cl,-CH2O2,78,2.220541513969273,111.6648876484073,0.022598870056497175,0.022598870056497175,0.0014128379130047837,0.0033958408462555593,0.00017718872370962313,0.00017718872370962313,2.219566441032787,37,1.291237473487854,1.280407428741455,228.5490264892578,8.52092170715332,0.28721120953559875,0.010563504882156849,0.010830049403011799,109.14895022831597,4.480177837525661,5.417253987616277e-07,5.370810072236054e-07,9.58853997872211e-05,3.6304325021774275e-06,1.1152961576499365e-07,4.53006032685721e-09,4.644364892669728e-09,0.0005417228828028893,0.0005416649870737461
2021-07-30_02h22m33s_C23H38N7O17P3S_[M]-_-HPO3_78,2021-07-30_02h22m33s,Acetyl-CoA,C23H38N7O17P3S,[M]-,-HPO3,78,11.62598134077253,799.7586418180541,0.12429378531073447,0.12429378531073447,0.002213816887306708,0.004147133068878471,0.0006910360224675301,0.0006910360224675301,11.646565489523578,66,35.490928649902344,35.44838333129883,6281.89453125,124.14985656738281,0.3094407916069031,0.04337704926729202,0.0425468310713768,815.0060010504512,114.32430791776513,1.6668089301674627e-05,1.6649257304379717e-05,0.0029502518009394407,5.7140030548907816e-05,1.217750877913204e-07,1.9214011715007473e-08,1.8832901460541507e-08,0.01666777539910297,0.01666605979078047
2021-07-30_02h22m33s_C23H38N7O17P3S_[M]-_-CH2O2_78,2021-07-30_02h22m33s,Acetyl-CoA,C23H38N7O17P3S,[M]-,-CH2O2,78,0.0,0.0,0.0,0.0,0.002213816887306708,0.005409304002884962,0.00033665857504828393,0.00033665857504828393,0.0,64,0.0,-0.019825978204607964,0.0,0.0,0.44349294900894165,0.019338032230734825,0.019825978204607964,0.0,0.0,0.0,-8.887946378877132e-09,0.0,0.0,1.8185517092206283e-07,8.669200468602867e-09,8.887946378877132e-09,0.0,0.0
2021-07-30_02h22m33s_C23H38N7O17P3S_+Cl_+C12H14N2_78,2021-07-30_02h22m33s,Acetyl-CoA,C23H38N7O17P3S,+Cl,+C12H14N2,78,1.192837697565599,1.464965692806195,0.062146892655367235,0.062146892655367235,0.05091778840805429,0.06581319870176704,0.042100040753406454,0.042100040753406454,1.1926393584381467,189,4.226719856262207,1.3426761627197266,748.1294555664062,16.582727432250977,5.667570114135742,2.8842005729675293,2.8840436935424805,1.4650453529430996,0.7456412765755537,1.6539958096473129e-06,4.1076270917983493e-07,0.0002927572641056031,6.67278573018848e-06,2.4841974664013833e-06,1.2424440001268522e-06,1.243233100467478e-06,0.0016519420605975235,0.0016498971393539069
2021-07-30_02h22m33s_C23H38N7O17P3S_[M]-_-CH2O3_78,2021-07-30_02h22m33s,Acetyl-CoA,C23H38N7O17P3S,[M]-,-CH2O3,78,0.0,0.0,0.0,0.0,0.0016687061964623428,0.003996874624353889,0.0003012208303063593,0.0003012208303063593,0.0,60,0.0,-0.021175315603613853,0.0,0.0,0.358727365732193,0.020654160529375076,0.021175315603613853,0.0,0.0,0.0,-9.925740229732583e-09,0.0,0.0,1.3884069005598576e-07,9.681452972643001e-09,9.925740229732583e-09,0.0,0.0
2021-07-30_02h22m33s_C23H38N7O17P3S_-H_+C12H14N2_78,2021-07-30_02h22m33s,Acetyl-CoA,C23H38N7O17P3S,-H,+C12H14N2,78,5.062742541085879,8.07587091030792,0.1807909604519774,0.1807909604519774,0.03929246857269997,0.06157591056617382,0.025710083810266314,0.025710083810266314,5.0583389874156035,189,14.572283744812012,12.766244888305664,2579.294189453125,32.23301696777344,5.536649703979492,1.8034225702285767,1.8060388565063477,8.064178416719521,2.631492514656535,5.8973687373509165e-06,5.115297426527832e-06,0.0010438342578709126,1.3336981282918714e-05,2.393744807704934e-06,7.802605637152737e-07,7.820713108230848e-07,0.005892760178673615,0.005883285652867121
2021-07-30_02h22m33s_C23H38N7O17P3S_+Cl_-H2_78,2021-07-30_02h22m33s,Acetyl-CoA,C23H38N7O17P3S,+Cl,-H2,78,4.480083001838984,518.1122982427872,0.04519774011299435,0.04519774011299435,0.0010679719657358995,0.0024942901791080658,8.859436185481156e-05,8.859436185481156e-05,4.479090512241869,30,3.7506814002990723,3.7442848682403564,663.87060546875,17.66152000427246,0.18154118955135345,0.006239128299057484,0.006396557204425335,507.08475533117655,20.547041517136112,1.5613485402354854e-06,1.5589693020956474e-06,0.00027635868173092604,7.455606464645825e-06,7.305850857619589e-08,2.3206414567766842e-09,2.3791968395414642e-09,0.001561344825488811,0.0015612344787729285
2021-07-30_02h22m33s_C23H38N7O17P3S_-H_-CO2_78,2021-07-30_02h22m33s,Acetyl-CoA,C23H38N7O17P3S,-H,-CO2,78,0.0,0.0,0.0,0.0,0.0014795861608632773,0.0037564611131145572,0.0001417509789676985,0.0001417509789676985,0.0,35,0.0,-0.008797455579042435,0.0,0.0,0.2919107675552368,0.008580937050282955,0.008797455579042435,0.0,0.0,0.0,-3.837131945516603e-09,0.0,0.0,1.1894354656760697e-07,3.742694154595938e-09,3.837131945516603e-09,0.0,0.0
2021-07-30_02h22m33s_C23H38N7O17P3S_-H_-H2O_78,2021-07-30_02h22m33s,Acetyl-CoA,C23H38N7O17P3S,-H,-H2O,78,33.260246404373085,6490.3403621573025,0.3502824858757062,0.3502824858757062,0.002425186338858605,0.0037865128020194735,0.0005315661711288693,0.0005315661711288693,33.21794081188995,47,211.4000244140625,211.36766052246094,37417.8046875,453.110595703125,0.2916296422481537,0.031571485102176666,0.032368116080760956,6335.389864456548,722.4149364704228,8.669771341374144e-05,8.668454393045977e-05,0.015345495194196701,0.0001876918540801853,1.1382612541410708e-07,1.284860307038116e-08,1.317280418078326e-08,0.08669657137678355,0.08668784607210256
2021-07-30_02h22m33s_C23H38N7O17P3S_+Cl_-CO2_78,2021-07-30_02h22m33s,Acetyl-CoA,C23H38N7O17P3S,+Cl,-CO2,78,0.5580501379922516,45.33508116400657,0.005649717514124294,0.005649717514124294,0.0007676048503726777,0.001833153023199904,0.00012403210659673618,0.00012403210659673618,0.5588801928506221,30,0.378065824508667,0.3716491758823395,66.91764831542969,5.015610218048096,0.12622132897377014,0.007339365780353546,0.006416646298021078,50.97530734471498,2.971717302109104,1.068466346509922e-07,1.0362014535303388e-07,1.8911854567704722e-05,1.4174805755828856e-06,4.9151427816696014e-08,3.7241434380774763e-09,3.2264870775122745e-09,0.00010684628991281851,0.00010684138324445583
2021-07-30_02h22m33s_C23H38N7O17P3S_[M]-_-CO2_78,2021-07-30_02h22m33s,Acetyl-CoA,C23H38N7O17P3S,[M]-,-CO2,78,1.1045018180530084,61.02270829222569,0.011299435028248588,0.011299435028248588,0.002369562798976527,0.005950234403173459,0.00023034534082251004,0.00023034534082251004,1.1038746706804647,53,0.9729477763175964,0.9576267004013062,172.21176147460938,9.598875045776367,0.9876773953437805,0.014944028109312057,0.015321103855967522,59.61286594974122,0.9840902410631988,3.754202850814181e-07,3.686977265715541e-07,6.644939276156947e-05,3.874467438436113e-06,3.9178570432341076e-07,6.557106857485451e-09,6.722559398042449e-09,0.0003754177613132186,0.0003752732583835686
2021-07-30_02h22m33s_C23H38N7O17P3S_-H_-CH2O2_78,2021-07-30_02h22m33s,Acetyl-CoA,C23H38N7O17P3S,-H,-CH2O2,78,1.6741504139767545,112.80375161913781,0.01694915254237288,0.01694915254237288,0.0007342307264434309,0.0016828945786753215,0.00012403210659673618,0.00012403210659673618,1.676640578551866,29,0.9410879015922546,0.9346142411231995,166.5725555419922,7.168793678283691,0.11174938082695007,0.007342700380831957,0.00647363718599081,125.92100448176771,8.346723455950986,4.3806929284073703e-07,4.353937583800871e-07,7.753826503176242e-05,3.397352656975272e-06,4.810458875681434e-08,3.078154398039601e-09,2.675529131579424e-09,0.0004380681207767183,0.00043804822071122405
2021-07-30_02h22m33s_C23H38N7O17P3S_[M]-_+H2_78,2021-07-30_02h22m33s,Acetyl-CoA,C23H38N7O17P3S,[M]-,+H2,78,1.6313237751486231,134.44371789459987,0.01694915254237288,0.01694915254237288,0.0015908332406274336,0.0035460992907801418,0.0003898151921611709,0.0003898151921611709,1.6326327240717826,49,3.2123188972473145,3.1900811195373535,568.5804443359375,25.924142837524414,0.35971540212631226,0.022893410176038742,0.022237777709960938,138.2369233986753,8.905410964742925,1.5058195685924147e-06,1.4962877230573213e-06,0.00026653005625121295,1.1516199265315663e-05,1.4165031814172835e-07,9.860009697604255e-09,9.531876621338142e-09,0.0015058052154428854,0.0015056062989811678
2021-07-30_02h22m33s_C23H38N7O17P3S_[M]-_-H2O_78,2021-07-30_02h22m33s,Acetyl-CoA,C23H38N7O17P3S,[M]-,-H2O,78,2.7050334029950016,157.7005750169742,0.02824858757062147,0.02824858757062147,0.0019690733118255645,0.004417598269022719,0.00044297180927405777,0.00044297180927405777,2.7068448833511534,60,4.322388648986816,4.29628324508667,765.0628051757812,26.50307273864746,0.3838210999965668,0.026408832520246506,0.02610556036233902,159.46501718490296,11.232202831459551,1.6161021676452947e-06,1.6047390545281814e-06,0.0002860500826500356,1.0016467058449052e-05,1.605650368219358e-07,1.1371436237084254e-08,1.1363119334362182e-08,0.0016160838038921767,0.0016158427197994916
2021-07-30_02h22m33s_C23H38N7O17P3S_-H_-HPO3_78,2021-07-30_02h22m33s,Acetyl-CoA,C23H38N7O17P3S,-H,-HPO3,78,55.182681421098025,41723.59183452329,0.576271186440678,0.3559322033898305,0.002491934586717099,0.0029150138237768962,0.00044297180927405777,0.00044297180927405777,55.80244911199417,2,1055.64501953125,1055.6270751953125,186849.171875,2250.434326171875,0.2011292427778244,0.024300914257764816,0.017938142642378807,55741.739803405086,5222.623926274683,0.0004344899207353592,0.0004344824992585927,0.07690471410751343,0.0009570738184265792,7.795959788836626e-08,1.0189779686697875e-08,7.41986161401087e-09,0.434486696904195,0.4344560507163452
2021-07-30_02h22m33s_C23H38N7O17P3S_+Cl_-H2O_78,2021-07-30_02h22m33s,Acetyl-CoA,C23H38N7O17P3S,+Cl,-H2O,78,2.7328548549345424,80.45961788214804,0.02824858757062147,0.02824858757062147,0.0017577038602736678,0.004026926313258805,0.00033665857504828393,0.00033665857504828393,2.735414172156577,32,1.796477198600769,1.7756030559539795,317.9764709472656,10.654143333435059,0.3044709861278534,0.021327687427401543,0.02087418921291828,82.12771596305933,5.881007624890641,7.155235834943596e-07,7.069965590744687e-07,0.0001266476756427437,4.255081876181066e-06,1.120338879445626e-07,8.816545715717439e-09,8.527009320857815e-09,0.0007155174822701191,0.0007154434295853387
2021-07-30_02h22m33s_C23H38N7O17P3S_+Cl_+H2_78,2021-07-30_02h22m33s,Acetyl-CoA,C23H38N7O17P3S,+Cl,+H2,78,0.5532090624852659,28.888365595590344,0.005649717514124294,0.005649717514124294,0.0005228612748915341,0.0010217574227671595,0.00021262646845154776,0.00021262646845154776,0.5529185921588574,25,0.3850891590118408,0.37244778871536255,68.16078186035156,5.108785629272461,0.06617982685565948,0.012330250814557076,0.012641374953091145,28.229497417676313,5.732214223166005,1.2403997118326515e-07,1.1836323210445698e-07,2.195507477154024e-05,1.6455760487588122e-06,2.866445392157857e-08,5.53702372840803e-09,5.676737302451329e-09,0.00012403926704493095,0.00012403641574714136
2021-07-30_02h22m33s_C20H34O5_-H__11,2021-07-30_02h22m33s,Prostaglandin E1,C20H34O5,-H,,11,83.99574752645216,25836.963610846316,0.903954802259887,0.6497175141242938,0.002302814551118033,0.00012020675561966583,0.0007619115119513794,0.0007619115119513794,90.3954802259887,1,7806.85400390625,7806.85400390625,1381813.125,13082.5322265625,0.040861815214157104,0.3011583387851715,0.0,7806854.00390625,186491.0530985784,0.0037392755039036274,0.0037392755039036274,0.6618517637252808,0.005685141775757074,1.5708085498999935e-08,1.813826031593635e-07,0.0,3.7392755039036274,3.7392167679669366
2021-07-30_02h22m33s_C20H34O5_-H_+HCl_11,2021-07-30_02h22m33s,Prostaglandin E1,C20H34O5,-H,+HCl,11,52.145326756142886,3809.840433371942,0.7570621468926554,0.5254237288135594,0.006897318945377684,0.006941940137035701,0.004518312454595389,0.004518312454595389,56.125702504529244,2,959.99560546875,959.8050537109375,169919.21875,1921.6448974609375,0.4987758696079254,0.25097790360450745,0.1905727982521057,5011.126914821259,1920.852253674967,0.0004444876976776868,0.0004444012593012303,0.0786743238568306,0.0008077187812887132,2.158219984949028e-07,1.2081601141744613e-07,8.6428975976105e-08,0.44444928438116443,0.4443917881538527
2021-07-30_02h22m33s_C20H34O5_+Cl__11,2021-07-30_02h22m33s,Prostaglandin E1,C20H34O5,+Cl,,11,52.145326756142886,3809.840433371942,0.7570621468926554,0.5254237288135594,0.006897318945377684,0.006941940137035701,0.004518312454595389,0.004518312454595389,56.125702504529244,2,959.99560546875,959.8050537109375,169919.21875,1921.6448974609375,0.4987758696079254,0.25097790360450745,0.1905727982521057,5011.126914821259,1920.852253674967,0.0004444876976776868,0.0004444012593012303,0.0786743238568306,0.0008077187812887132,2.158219984949028e-07,1.2081601141744613e-07,8.6428975976105e-08,0.44444928438116443,0.4443917881538527
2021-07-30_02h22m33s_C20H34O5_+Cl_-H2O_11,2021-07-30_02h22m33s,Prostaglandin E1,C20H34O5,+Cl,-H2O,11,3.7278941760777213,27.54704770428838,0.3333333333333333,0.3163841807909605,0.08064300812103682,0.08137997355451376,0.07941598596665309,0.07941598596665309,3.768217157763924,189,129.36788940429688,124.74109649658203,22898.1171875,443.09423828125,4.853381633758545,4.695252418518066,4.626793384552002,27.954551695444902,26.64971548685856,6.102642146288417e-05,5.885831342311576e-05,0.010801676660776138,0.00017885320994537324,2.2197029920789646e-06,2.211351102232584e-06,2.1681064481526846e-06,0.060894395930411085,0.060891260948764736
2021-07-30_02h22m33s_C20H34O5_+Cl_+C12H14N2_11,2021-07-30_02h22m33s,Prostaglandin E1,C20H34O5,+Cl,+C12H14N2,11,1.058661976342224,27.007798309445846,0.011299435028248588,0.011299435028248588,0.0013794637890755367,0.0025243418680129825,0.0006733171500965679,0.0006733171500965679,1.0605686139330792,26,1.0902847051620483,1.051997423171997,192.9803924560547,10.912141799926758,0.1988249272108078,0.03936925530433655,0.038287222385406494,27.751636256347865,5.45619968629759,4.371386808088573e-07,4.200577166102448e-07,7.737354462733492e-05,4.331328000262147e-06,7.331026097290305e-08,1.7744323344004442e-08,1.7080976633110367e-08,0.00043713121418080227,0.0004371066364072693
2021-07-30_02h22m33s_C20H34O5_[M]-_-H2_11,2021-07-30_02h22m33s,Prostaglandin E1,C20H34O5,[M]-,-H2,11,6.161928677015776,24.559380628930207,0.1694915254237288,0.1694915254237288,0.018422516408944264,0.0191729775213367,0.017506245902510764,0.017506245902510764,6.208916764864988,182,25.317913055419922,24.3001766204834,4481.2705078125,76.17017364501953,1.1482008695602417,1.0298856496810913,1.0177366733551025,24.852264297149556,22.030885745072737,1.3698976545128971e-05,1.3209653843659908e-05,0.00242471881210804,3.986011870438233e-05,5.529507234314224e-07,4.97770372476225e-07,4.893224740953883e-07,0.013692276606463898,0.013691405872347063
2021-07-30_02h22m33s_C20H34O5_-H_-H2O_11,2021-07-30_02h22m33s,Prostaglandin E1,C20H34O5,-H,-H2O,11,64.26898800751111,3887.760121978959,0.9661016949152542,0.6836158192090396,0.00934475470018912,0.011569900228392835,0.005032159753353297,0.005032159753353297,73.50439867237301,1,3322.42822265625,3321.93017578125,588069.8125,5614.02392578125,1.833443522453308,0.853586733341217,0.49813273549079895,6656.402168031104,1811.136828139017,0.001611944637261331,0.001611713320016861,0.2853142023086548,0.002442707074806094,8.766648420532874e-07,4.4105721030973655e-07,2.3128858117615891e-07,1.6115718990833288,1.6105327398313452
2021-07-30_02h22m33s_C20H34O5_[M]-_+C12H14N2_11,2021-07-30_02h22m33s,Prostaglandin E1,C20H34O5,[M]-,+C12H14N2,11,5.619844322834003,1015.0848148504141,0.05649717514124294,0.05649717514124294,0.000611858938702859,0.0012621709340064912,5.315661711288694e-05,5.315661711288694e-05,5.619087438146391,9,3.998671054840088,3.995656967163086,707.7647705078125,17.440977096557617,0.13963665068149567,0.002939248224720359,0.003014124697074294,996.1501838133056,28.432638543817475,1.6213053868341376e-06,1.6200909840335953e-06,0.0002869710442610085,7.015391020104289e-06,4.9249813116603036e-08,1.1842699043640437e-09,1.2144388827906027e-09,0.0016213034178602262,0.0016212255417791851
2021-07-30_02h22m33s_C20H34O5_+Cl_-H2_11,2021-07-30_02h22m33s,Prostaglandin E1,C20H34O5,+Cl,-H2,11,7.090804834523728,17.13133593141204,0.4519774011299435,0.4519774011299435,0.06098564912671042,0.07119245101574709,0.05374133990112869,0.05374133990112869,7.16567798441138,189,56.5368766784668,53.28118896484375,10007.02734375,81.62616729736328,4.633352756500244,3.2992024421691895,3.255688190460205,17.36023634196233,12.19951946885505,2.7327798306941986e-05,2.5823972464422695e-05,0.0048370203003287315,3.735088466783054e-05,2.0792663235624786e-06,1.5313920584958396e-06,1.5038255014587776e-06,0.027286763775723772,0.02727109443866897
2021-07-30_02h22m33s_C20H34O5_[M]-__11,2021-07-30_02h22m33s,Prostaglandin E1,C20H34O5,[M]-,,11,52.58938850990072,17949.187616985582,0.5706214689265536,0.4293785310734463,0.0017465791522972521,0.00024041351123933166,0.000850505873806191,0.000850505873806191,56.043816440390614,1,1243.1640625,1243.150390625,220040.03125,2781.599609375,0.018160179257392883,0.06826018542051315,0.013725313358008862,84423.60663407294,64882.69477021358,0.0005726899253204465,0.0005726832896471024,0.10136611759662628,0.0011711992556229234,8.666060757889227e-09,4.0421660685296956e-08,6.63856036808852e-09,0.5726861235090436,0.5726849623977672
2021-07-30_02h22m33s_C20H34O5_[M]-_-H2O_11,2021-07-30_02h22m33s,Prostaglandin E1,C20H34O5,[M]-,-H2O,11,1.4121490574224222,3.284179089792114,0.1807909604519774,0.1807909604519774,0.11534097229947714,0.11043995672556797,0.11802540886297996,0.11802540886297996,1.421536358158197,189,25.15692901611328,17.56467056274414,4452.7763671875,88.63874816894531,7.019962310791016,7.659035682678223,7.592259407043457,3.313060659139062,3.583116943591594,1.4761995771550573e-05,1.105336741602514e-05,0.002612873213365674,6.28113848506473e-05,3.441152102823253e-06,3.7650370359187946e-06,3.7086281281517586e-06,0.014707451303951317,0.014711371703876364
2021-07-30_02h22m33s_C20H34O5_-H_+H2_11,2021-07-30_02h22m33s,Prostaglandin E1,C20H34O5,-H,+H2,11,3.9576180294263024,13.556093857709639,0.07344632768361582,0.07344632768361582,0.0072310601846701525,0.004627960091357134,0.008558215355174797,0.008558215355174797,4.000711282296033,99,6.783249855041504,6.295248985290527,1200.63525390625,25.43953514099121,0.2767767608165741,0.499383807182312,0.48800092935562134,13.87165023179015,24.41978888046983,3.7477636851690477e-06,3.5121497603540774e-06,0.0006633541779592633,1.4562926480721217e-05,1.290843982815204e-07,2.420278235604201e-07,2.3561386797155137e-07,0.0037468808680748917,0.003747279969788955
2021-07-30_02h22m33s_C20H34O5_[M]-_+HCl_11,2021-07-30_02h22m33s,Prostaglandin E1,C20H34O5,[M]-,+HCl,11,40.51847816678658,1449.4184247764688,0.5028248587570622,0.5028248587570622,0.003971520747580376,0.003966822935448972,0.0024097666424508744,0.0024097666424508744,40.61490585117034,54,182.07135009765625,181.9477996826172,32226.62890625,377.96697998046875,0.4979400038719177,0.1246168315410614,0.12355096638202667,1461.8220587642911,364.9163199677923,8.329650154337287e-05,8.323847578139976e-05,0.014743480831384659,0.00015886223991401494,1.977202117586785e-07,5.908287192823991e-08,5.802227676099392e-08,0.08329166877111555,0.08328003539713888
2021-07-30_02h22m33s_C20H34O5_[M]-_-CH2O3_11,2021-07-30_02h22m33s,Prostaglandin E1,C20H34O5,[M]-,-CH2O3,11,0.8493208824610561,1.0588720646282577,0.04519774011299435,0.04519774011299435,0.04496606964067193,0.047932443803341745,0.04321632971277708,0.04321632971277708,0.8523506869013806,189,2.8288466930389404,0.17322015762329102,500.70587158203125,13.102724075317383,2.9995367527008057,2.6705660820007324,2.6556265354156494,1.0648266345786335,0.9427802177369347,1.590633701198385e-06,3.69527583643503e-07,0.0002815421612467617,7.6062015068600886e-06,1.3826190752297407e-06,1.2319668485361035e-06,1.221106117554882e-06,0.0015886937375565336,0.0015884374972149255
2021-07-30_02h22m33s_C20H34O5_+Cl_-CH2O3_11,2021-07-30_02h22m33s,Prostaglandin E1,C20H34O5,+Cl,-CH2O3,11,1.0713275853124646,1.616601252618508,0.03954802259887006,0.03954802259887006,0.02879074424296362,0.031914893617021274,0.026914967131491753,0.026914967131491753,1.0751724868371644,187,2.6197850704193115,1.0084142684936523,463.70196533203125,13.00831413269043,2.495389699935913,1.619551181793213,1.6113708019256592,1.6248030957212167,1.0494295303680217,1.2826378679164918e-06,5.129124360792048e-07,0.00022702690330334008,6.642687367275357e-06,1.0918136013060575e-06,7.757746516290354e-07,7.69725431837287e-07,0.001281651348278973,0.0012812389937565847
2021-07-30_02h22m33s_C20H34O5_+Cl_-CH2O2_11,2021-07-30_02h22m33s,Prostaglandin E1,C20H34O5,+Cl,-CH2O2,11,0.856293746519557,0.9612394310077234,0.06779661016949153,0.06779661016949153,0.06856157525864946,0.06752614496934728,0.06917447773623686,0.06917447773623686,0.864430929066912,189,4.202991008758545,-0.11855554580688477,743.929443359375,16.002700805664062,4.26876163482666,4.3714704513549805,4.32154655456543,0.9723414093295046,0.984361978073086,2.121762008755468e-06,9.557584235153627e-08,0.0003755518700927496,8.395721124543343e-06,1.971233359654434e-06,2.0609797957149567e-06,2.0261861664039316e-06,0.0021174716170572335,0.002117587749142363
2021-07-30_02h22m33s_C20H34O5_+Cl_+HCl_11,2021-07-30_02h22m33s,Prostaglandin E1,C20H34O5,+Cl,+HCl,11,0.9075481562297361,0.9760150023419879,0.15819209039548024,0.15819209039548024,0.17597063077094227,0.19584685659334056,0.16430710349593353,0.16430710349593353,0.9042153323170902,189,12.269125938415527,-0.3535127639770508,2171.63525390625,30.119199752807617,15.851462364196777,12.569632530212402,12.622638702392578,0.971916752979483,0.7739571087786139,6.593017133127432e-06,5.750389391323552e-07,0.0011669640662148595,1.6098721971502528e-05,7.52575533624622e-06,6.0184574977029115e-06,6.017978193995077e-06,0.006553577844566184,0.006543770318732065
2021-07-30_02h22m33s_C20H34O5_-H_-CH2O3_11,2021-07-30_02h22m33s,Prostaglandin E1,C20H34O5,-H,-CH2O3,11,1.0935510329989282,1.2174465342881646,0.288135593220339,0.288135593220339,0.2544888196684837,0.2560103377809833,0.2534861881389868,0.2534861881389868,1.0944274500154498,189,25.65228843688965,4.599542617797852,4540.455078125,42.48093795776367,21.460744857788086,21.06956672668457,21.052745819091797,1.218419214201201,1.1952564251820788,1.2952451470482629e-05,2.932954885181971e-06,0.002292583929374814,2.202456926170271e-05,1.0109015420312062e-05,1.0074217243527528e-05,1.0019496585300658e-05,0.012823961828729646,0.012822825331474781
2021-07-30_02h22m33s_C20H34O5_[M]-_+H2_11,2021-07-30_02h22m33s,Prostaglandin E1,C20H34O5,[M]-,+H2,11,3.1972168458776284,69.80425224043924,0.03389830508474576,0.03389830508474576,0.0006007342307264434,0.0004207236446688304,0.0006024416606127186,0.0006024416606127186,3.2090706464934775,13,2.4297773838043213,2.3979995250701904,430.07061767578125,13.658431053161621,0.024411162361502647,0.03380844369530678,0.03177785500884056,74.12862687778022,95.61850612097071,1.3009217809667462e-06,1.2857716455982882e-06,0.0002302631619386375,7.526043646066682e-06,1.1761386531361495e-08,1.6440212746715588e-08,1.5150146026599032e-08,0.0013009020721103874,0.0013009064805027878
2021-07-30_02h22m33s_C20H34O5_[M]-_-CH2O2_11,2021-07-30_02h22m33s,Prostaglandin E1,C20H34O5,[M]-,-CH2O2,11,0.0,0.0,0.0,0.0,0.0036044053843586605,0.004627960091357134,0.003012208303063593,0.003012208303063593,0.0,110,0.0,-0.17384973168373108,0.0,0.0,0.2665630578994751,0.17233896255493164,0.17384973168373108,0.0,0.0,0.0,-8.384320437926363e-08,0.0,0.0,1.1847183856161791e-07,8.328390777023742e-08,8.384320437926363e-08,0.0,0.0
2021-07-30_02h22m33s_C20H34O5_-H_-CO2_11,2021-07-30_02h22m33s,Prostaglandin E1,C20H34O5,-H,-CO2,11,0.488013081936166,3.084178035127989,0.005649717514124294,0.005649717514124294,0.0017132050283680054,0.0019233080899146533,0.0015769796410156458,0.0015769796410156458,0.4878515782377508,55,0.2823529541492462,0.19151365756988525,49.976470947265625,3.745835065841675,0.11202987283468246,0.09054885059595108,0.09083929657936096,3.074424180778181,2.4980383244544186,1.1392802434784244e-07,6.940471308780616e-08,2.0165260139037855e-05,1.5114259213078185e-06,5.220215726353672e-08,4.463941749577316e-08,4.452331126003628e-08,0.0001139229521207855,0.0001139220773696438
2021-07-30_02h22m33s_C20H34O5_-H_+C12H14N2_11,2021-07-30_02h22m33s,Prostaglandin E1,C20H34O5,-H,+C12H14N2,11,6.661624541907818,793.2207293353063,0.06779661016949153,0.06779661016949153,0.00042273890310379355,0.0004808270224786633,0.00017718872370962313,0.00017718872370962313,6.65867126024443,14,8.374144554138184,8.364343643188477,1482.2235107421875,38.98332214355469,0.02624950371682644,0.009557142853736877,0.009800608269870281,775.3400868633447,307.31365389848145,3.600723857744015e-06,3.5967439089290565e-06,0.0006373281357809901,1.564906597195659e-05,1.1186516601924268e-08,3.881000409933222e-09,3.979867990722141e-09,0.0036007095273954226,0.003600683578637384
2021-07-30_02h22m33s_C20H34O5_-H_-CH2O2_11,2021-07-30_02h22m33s,Prostaglandin E1,C20H34O5,-H,-CH2O2,11,0.756165157915397,1.342967855350957,0.04519774011299435,0.04519774011299435,0.049938814106129714,0.05024642384902032,0.04977231249003313,0.04977231249003313,0.757597462079475,189,5.7890777587890625,1.4889512062072754,1024.666748046875,29.23270034790039,4.413825035095215,4.309659957885742,4.300126552581787,1.3459445305821378,1.3112813560604013,2.988458845720743e-06,9.340467386209639e-07,0.0005289572291076183,1.4653013749921229e-05,2.115042889272445e-06,2.0702620986412512e-06,2.054412107099779e-06,0.0029823319069437275,0.002982151467464748
2021-07-30_02h22m33s_C11H15N2O5_[M]-_-CH2O2_121,2021-07-30_02h22m33s,Nicotinamide riboside,C11H15N2O5,[M]-,-CH2O2,121,0.0,0.0,0.0,0.0,0.003359661808877517,0.005439355691789879,0.0021439835568864397,0.0021439835568864397,0.0,1,0.0,-1.184086799621582,0.0,0.0,44.14458084106445,1.1546717882156372,1.184086799621582,0.0,0.0,0.0,-6.438473292291746e-07,0.0,0.0,2.111439243890345e-05,6.278529554037959e-07,6.438473292291746e-07,0.0,0.0
2021-07-30_02h22m33s_C11H15N2O5_-H_+C12H14N2_121,2021-07-30_02h22m33s,Nicotinamide riboside,C11H15N2O5,-H,+C12H14N2,121,1.2930026153022915,1.4740271916755174,0.1638418079096045,0.1638418079096045,0.13286238736233175,0.16008534679648997,0.11671421230752875,0.11671421230752875,1.2984705405552837,189,10.819408416748047,3.512598991394043,1915.0352783203125,25.242624282836914,10.915724754333496,7.339033126831055,7.306809425354004,1.480526897596804,0.9910855737617807,5.507850346475607e-06,1.9971237179561285e-06,0.0009748894954100251,1.311842970608268e-05,5.280091045278823e-06,3.525114379954175e-06,3.5107266285194783e-06,0.005488581437470282,0.005478921144005355
2021-07-30_02h22m33s_C11H15N2O5_+Cl_-NH3_121,2021-07-30_02h22m33s,Nicotinamide riboside,C11H15N2O5,+Cl,-NH3,121,1.2734585800713931,1.1694017035828828,0.07909604519774012,0.07909604519774012,0.06514628990988987,0.08717994951316264,0.05211120364300016,0.05211120364300016,1.2745548325816176,189,4.829666614532471,0.6749286651611328,854.8510131835938,16.96884536743164,7.531424045562744,4.129032135009766,4.154737949371338,1.1621682294147255,0.6411835798566818,2.207190391345648e-06,3.3751769024092937e-07,0.0003906727069988847,7.956073204695713e-06,3.3913472634594655e-06,1.8590062609291635e-06,1.8696727011047187e-06,0.0022030713689485397,0.002199730341870397
2021-07-30_02h22m33s_C11H15N2O5_+Cl_+H2_121,2021-07-30_02h22m33s,Nicotinamide riboside,C11H15N2O5,+Cl,+H2,121,0.8035993641660537,1.0173347769282572,0.4293785310734463,0.4293785310734463,0.5066970742018022,0.4772208198100733,0.5243191523291457,0.5243191523291457,0.8020421118992618,189,143.99327087402344,3.0164794921875,25486.80859375,176.4016876220703,131.98756408691406,141.53871154785156,140.97679138183594,1.0213897484322203,1.09095262813227,7.179236126830801e-05,2.1065861801616848e-06,0.012707248330116272,9.21296450542286e-05,6.476885755546391e-05,6.99042939231731e-05,6.968577508814633e-05,0.06711537438402604,0.06742530151861466
2021-07-30_02h22m33s_C11H15N2O5_+Cl_-CH2O2_121,2021-07-30_02h22m33s,Nicotinamide riboside,C11H15N2O5,+Cl,-CH2O2,121,0.8954996765858894,1.1358359797428663,0.03389830508474576,0.0,0.036099677383468684,0.050096165404495734,0.027854067367152756,0.027854067367152756,0.9024080200928642,15,1.4423396587371826,0.18600893020629883,255.29412841796875,7.699986457824707,7.045471668243408,1.2688485383987427,1.2563307285308838,1.1471442047888791,0.2046896271842584,6.9621802367692e-07,9.396001132699894e-08,0.0001232305949088186,3.75732952306862e-06,3.2911439120653085e-06,6.087922770348086e-07,6.02258012349921e-07,0.0006957989731703433,0.0006939341864039626
2021-07-30_02h22m33s_C11H15N2O5_-H_-H2O_121,2021-07-30_02h22m33s,Nicotinamide riboside,C11H15N2O5,-H,-H2O,121,1.0030949243036522,1.0206474268909518,0.5028248587570622,0.5028248587570622,0.4826899543886973,0.4680250030051689,0.49127345535730105,0.49127345535730105,1.0047788544023772,189,45.31570053100586,1.0107994079589844,8020.87890625,49.05099105834961,41.97032165527344,44.39797592163086,44.304901123046875,1.0227915330094417,1.079682477078065,2.2736814571544528e-05,7.656599336769432e-07,0.004024416208267212,2.637403849803377e-05,2.0915842469548807e-05,2.19993253267603e-05,2.1971154637867585e-05,0.02224800031621367,0.022270997888077838
2021-07-30_02h22m33s_C11H15N2O5_+Cl_-CO2_121,2021-07-30_02h22m33s,Nicotinamide riboside,C11H15N2O5,+Cl,-CO2,121,0.7939611770169624,0.8606450235294516,0.07909604519774012,0.07909604519774012,0.09397040827678274,0.10142445005409303,0.08962205645232738,0.08962205645232738,0.7994069889828253,189,5.002326488494873,-0.7658448219299316,885.4118041992188,17.234832763671875,6.77707576751709,5.8112993240356445,5.768171310424805,0.8670788609545612,0.7380157230563534,2.393463773842086e-06,-4.310788881412009e-07,0.0004236430977471173,8.256963155872654e-06,3.1831727937969845e-06,2.84691827800998e-06,2.824542661983287e-06,0.0023867223746725135,0.0023858691401057418
2021-07-30_02h22m33s_C11H15N2O5_+Cl__121,2021-07-30_02h22m33s,Nicotinamide riboside,C11H15N2O5,+Cl,,121,1.2130460019681135,1.2642123459086987,0.2937853107344633,0.2937853107344633,0.22269440427188786,0.2062146892655367,0.23218810354909014,0.23218810354909014,1.2169237282076106,189,22.61056900024414,4.82562255859375,4002.070556640625,37.176177978515625,15.598530769348145,17.884103775024414,17.78494644165039,1.271260378210498,1.449439046248246,1.1194370927114505e-05,2.288890755153261e-06,0.0019814036786556244,1.898589835036546e-05,7.697601176914759e-06,8.951171366788913e-06,8.905480171961244e-06,0.011095559640737107,0.011108859358244303
2021-07-30_02h22m33s_C11H15N2O5_-H_+HCl_121,2021-07-30_02h22m33s,Nicotinamide riboside,C11H15N2O5,-H,+HCl,121,1.2130460019681135,1.2642123459086987,0.2937853107344633,0.2937853107344633,0.22269440427188786,0.2062146892655367,0.23218810354909014,0.23218810354909014,1.2169237282076106,189,22.61056900024414,4.82562255859375,4002.070556640625,37.176177978515625,15.598530769348145,17.884103775024414,17.78494644165039,1.271260378210498,1.449439046248246,1.1194370927114505e-05,2.288890755153261e-06,0.0019814036786556244,1.898589835036546e-05,7.697601176914759e-06,8.951171366788913e-06,8.905480171961244e-06,0.011095559640737107,0.011108859358244303
2021-07-30_02h22m33s_C11H15N2O5_-H_+H2_121,2021-07-30_02h22m33s,Nicotinamide riboside,C11H15N2O5,-H,+H2,121,1.0959416019616104,1.1836606869830597,0.4350282485875706,0.4350282485875706,0.39333629992212704,0.403954802259887,0.386944734837075,0.386944734837075,1.0990862131406303,189,42.62971115112305,6.778739929199219,7545.458984375,51.182769775390625,37.92539596557617,36.01414489746094,35.85097122192383,1.189047901641028,1.1240116564151215,2.0163794033578597e-05,3.547145752236247e-06,0.0035689915530383587,2.5284454750362784e-05,1.7572039723745547e-05,1.6686790331732482e-05,1.661664828134235e-05,0.019834215844946886,0.019815593635073486
2021-07-30_02h22m33s_C11H15N2O5_-H_-CO2_121,2021-07-30_02h22m33s,Nicotinamide riboside,C11H15N2O5,-H,-CO2,121,1.2631794561367131,1.3574485826018994,0.5819209039548022,0.5819209039548022,0.46590277005228614,0.49110470008414475,0.4506795187554264,0.4506795187554264,1.2691437246908495,189,48.52775192260742,13.00302505493164,8589.412109375,45.209075927734375,40.34360122680664,35.74823760986328,35.52472686767578,1.3659889944929446,1.202831368930809,2.360818507440854e-05,6.443804522859864e-06,0.004178648814558983,2.3699778466834687e-05,1.9837223590002395e-05,1.7261598259210587e-05,1.7164380551548675e-05,0.023209803180098777,0.023148973707101676
2021-07-30_02h22m33s_C11H15N2O5_-H_-NH3_121,2021-07-30_02h22m33s,Nicotinamide riboside,C11H15N2O5,-H,-NH3,121,1.208557934290971,1.3123309040663336,0.1864406779661017,0.1864406779661017,0.15661363889197907,0.17739511960572185,0.14426705884437516,0.14426705884437516,1.2145286016635681,189,11.727928161621094,2.86093807220459,2075.84326171875,25.408058166503906,12.258883476257324,8.935715675354004,8.866990089416504,1.3225012706788861,0.9566100839647927,5.283151040202938e-06,1.0561529961705673e-06,0.0009351177141070366,1.1713520507328212e-05,5.711035555577837e-06,4.258783064869931e-06,4.226998044032371e-06,0.00526091317052132,0.005253150113128075
2021-07-30_02h22m33s_C11H15N2O5_+Cl_-H2_121,2021-07-30_02h22m33s,Nicotinamide riboside,C11H15N2O5,+Cl,-H2,121,0.809081896622323,1.18715892041318,0.022598870056497175,0.022598870056497175,0.02112582044721326,0.02653564130304123,0.01793149883941386,0.01793149883941386,0.8137722469063513,184,1.2921236753463745,0.21511411666870117,228.7058868408203,8.556222915649414,1.6570374965667725,1.0874167680740356,1.0770095586776733,1.1986198683909088,0.7793090795726393,6.733930604241323e-07,1.7482022940384923e-07,0.00011919057578779757,4.456205715541728e-06,7.406397912745888e-07,5.040282644586114e-07,4.98572831020283e-07,0.0006730574922447843,0.0006728946878429785
2021-07-30_02h22m33s_C11H15N2O5_-H_-H2_121,2021-07-30_02h22m33s,Nicotinamide riboside,C11H15N2O5,-H,-H2,121,1.090160886743098,1.141638092103904,0.3672316384180791,0.3672316384180791,0.34276337746134167,0.3696057218415675,0.32686003862714175,0.32686003862714175,1.0938628690373902,189,29.29318618774414,3.761852264404297,5184.89404296875,41.71377182006836,31.23044204711914,25.657907485961914,25.531333923339844,1.1472976295741766,0.9379389572709855,1.477716796216555e-05,2.651957402122207e-06,0.0026155586820095778,2.236565705970861e-05,1.4998546248534694e-05,1.218066336150514e-05,1.2125210560043342e-05,0.014600138212137645,0.01455880702172669
2021-07-30_02h22m33s_C11H15N2O5_[M]-_-NH3_121,2021-07-30_02h22m33s,Nicotinamide riboside,C11H15N2O5,[M]-,-NH3,121,1.1133899059232903,1.3366852126804258,0.12429378531073447,0.12429378531073447,0.11551896762709979,0.13901911287414354,0.10163545191983982,0.10163545191983982,1.1160251045504452,189,10.048964500427246,2.554220199584961,1778.666748046875,27.770362854003906,10.74906063079834,7.516824245452881,7.494744300842285,1.3406226382746353,0.9347821231479857,4.763942797580967e-06,1.2305511063459562e-06,0.0008432178874500096,1.3830463103658985e-05,4.964507297700038e-06,3.5416810533206444e-06,3.5333916912350105e-06,0.004747169189410217,0.0047404090024940025
2021-07-30_02h22m33s_C11H15N2O5_+Cl_-CH2O3_121,2021-07-30_02h22m33s,Nicotinamide riboside,C11H15N2O5,+Cl,-CH2O3,121,1.418329257251894,1.590619230956342,0.10734463276836158,0.10734463276836158,0.07579263544331961,0.0927695636494771,0.06568385987915729,0.06568385987915729,1.4261739989152966,189,6.5905842781066895,2.4723148345947266,1166.533447265625,19.34290885925293,6.251689434051514,4.1424078941345215,4.118269443511963,1.5999400788135283,1.0540399211601705,3.262121708758059e-06,1.3241851775092073e-06,0.000577395549044013,9.770480573934037e-06,2.93330572276318e-06,1.949874558704323e-06,1.9379365312488517e-06,0.003255812151450878,0.0032525808946061606
2021-07-30_02h22m33s_C11H15N2O5_-H_-CH2O3_121,2021-07-30_02h22m33s,Nicotinamide riboside,C11H15N2O5,-H,-CH2O3,121,0.5342802448845201,0.7005964607434322,0.01694915254237288,0.01694915254237288,0.022961397263321838,0.02509316023560524,0.021723337526799794,0.021723337526799794,0.5415836561497323,188,0.937919557094574,-0.3720901608467102,166.0117645263672,7.147775650024414,1.5361233949661255,1.3377443552017212,1.3100097179412842,0.715417700005623,0.610178441214372,4.822230152967677e-07,-1.6931045365708997e-07,8.535347296856344e-05,3.7090867408551276e-06,7.766120688756928e-07,6.648285193477932e-07,6.515334689538577e-07,0.000481909035431193,0.00048184880569888857
2021-07-30_02h22m33s_C11H15N2O5_+Cl_+C12H14N2_121,2021-07-30_02h22m33s,Nicotinamide riboside,C11H15N2O5,+Cl,+C12H14N2,121,1.0443469674488877,1.140064690433067,0.3672316384180791,0.3672316384180791,0.33376348870842143,0.32023079697078977,0.34163757818452434,0.34163757818452434,1.046132153532028,189,38.36668014526367,4.835643768310547,6790.90234375,53.321407318115234,30.01917839050293,33.65207290649414,33.531036376953125,1.1441798438353552,1.2780297187508123,1.8251297660754062e-05,2.087106622639112e-06,0.003230479545891285,2.6150008125114255e-05,1.4259861927712336e-05,1.6210902685998008e-05,1.616419103811495e-05,0.017960973060966168,0.017994695783450865
2021-07-30_02h22m33s_C11H15N2O5_-H__121,2021-07-30_02h22m33s,Nicotinamide riboside,C11H15N2O5,-H,,121,1.1318994168196967,1.2751139712384445,0.4971751412429379,0.4971751412429379,0.4316164200689732,0.4352987137877149,0.429239683186562,0.429239683186562,1.134302167836263,189,59.47169494628906,13.101593017578125,10526.490234375,65.80503845214844,48.75586700439453,46.63929748535156,46.37010192871094,1.2825163188426802,1.2197603865918782,2.9147809982532635e-05,7.252265277202241e-06,0.005159162450581789,3.455176192801446e-05,2.3017177227302454e-05,2.2013231500750408e-05,2.1895544705330394e-05,0.028523277289497898,0.028492004466173622
2021-07-30_02h22m33s_C11H15N2O5_-H_-CH2O2_121,2021-07-30_02h22m33s,Nicotinamide riboside,C11H15N2O5,-H,-CH2O2,121,1.2760632216215582,1.3584606423585386,0.2937853107344633,0.2937853107344633,0.22509734119479363,0.2329907440798173,0.22022786469869057,0.22022786469869057,1.2855231488565704,189,21.90982437133789,5.932892799377441,3878.0390625,36.03950119018555,17.193552017211914,16.12742042541504,15.97693157196045,1.371255363853684,1.2742306021934122,1.1228838047827594e-05,3.4221329769934528e-06,0.001987504307180643,1.893985790957231e-05,8.47538194648223e-06,7.878491487645078e-06,7.806705070834141e-06,0.011141856857400418,0.011134469168850258
2021-07-30_02h22m33s_C11H15N2O5_[M]-__121,2021-07-30_02h22m33s,Nicotinamide riboside,C11H15N2O5,[M]-,,121,0.8843233677400522,1.4673552331552204,0.03389830508474576,0.03389830508474576,0.02894649015463344,0.029961533838201708,0.028332476921168737,0.028332476921168737,0.8848593546322873,183,12.063010215759277,3.8967514038085938,2135.15283203125,64.76671600341797,8.85981559753418,8.21992015838623,8.166258811950684,1.4769961982970545,1.3613882472755914,6.322535227809567e-06,1.6610620150459e-06,0.0011190887307748199,3.40196093020495e-05,4.954419637215324e-06,4.677103333960986e-06,4.661473212763667e-06,0.006293199646236064,0.0062913651646927206
2021-07-30_02h22m33s_C11H15N2O5_[M]-_-CO2_121,2021-07-30_02h22m33s,Nicotinamide riboside,C11H15N2O5,[M]-,-CO2,121,1.951209250497901,2.762383216411694,0.07344632768361582,0.07344632768361582,0.03342974746912893,0.04303401851184036,0.027641440898701207,0.027641440898701207,1.9656763897526184,188,4.680004596710205,3.002063274383545,828.36083984375,16.99295997619629,2.737372875213623,1.6931909322738647,1.6779414415359497,2.7874733930141042,1.7090457764431053,2.3499653707403922e-06,1.5429875475092558e-06,0.0004159438540227711,8.824397809803486e-06,1.3104370282235323e-06,8.149160635184671e-07,8.069777663877176e-07,0.0023480705300287486,0.0023468899192889913
2021-07-30_02h22m33s_C11H15N2O5_[M]-_-CH2O3_121,2021-07-30_02h22m33s,Nicotinamide riboside,C11H15N2O5,[M]-,-CH2O3,121,0.4015548305210594,0.43817531925420566,0.04519774011299435,0.04519774011299435,0.10037824007119812,0.09697680009616541,0.10255683328312987,0.10255683328312987,0.40543043626176895,189,2.942373275756836,-3.6971025466918945,520.800048828125,13.58210277557373,6.435454368591309,6.714059352874756,6.6394758224487305,0.4430967530684889,0.45714194605574554,1.5577791145915398e-06,-1.7449890492571285e-06,0.00027572689577937126,7.212312084448058e-06,3.190725919921533e-06,3.3364333376084687e-06,3.3027681638486683e-06,0.0015526510680743382,0.001552824477282785
2021-07-30_02h22m33s_C11H15N2O5_[M]-_-H2_121,2021-07-30_02h22m33s,Nicotinamide riboside,C11H15N2O5,[M]-,-H2,121,1.1483590520956473,1.6526857013068836,0.24293785310734464,0.24293785310734464,0.20444988319056626,0.20915975477821855,0.2015521732196963,0.2015521732196963,1.1487955548477844,189,40.0195426940918,15.95145034790039,7083.458984375,77.94281005859375,26.718223571777344,24.21385383605957,24.068092346191406,1.6626943018241533,1.4977808987070698,1.8082546375808306e-05,6.520429451484233e-06,0.0032006108667701483,3.557638410711661e-05,1.2636313840630464e-05,1.1615936273301486e-05,1.1562116924324073e-05,0.017875863551304855,0.01785690097091872
2021-07-30_02h22m33s_C11H15N2O5_[M]-_+H2_121,2021-07-30_02h22m33s,Nicotinamide riboside,C11H15N2O5,[M]-,+H2,121,0.5612392391522371,0.843889074213522,0.01694915254237288,0.01694915254237288,0.021904550005562354,0.024822695035460994,0.020199514502897035,0.020199514502897035,0.5614690523787833,174,4.319840431213379,-0.7798771858215332,764.6117553710938,33.603126525878906,6.204744338989258,5.117967128753662,5.099717617034912,0.8469083677140583,0.6961035123656029,2.527684500819305e-06,-5.262693321128609e-07,0.0004474001470953226,1.9442784832790494e-05,3.616199819589383e-06,3.057627509406302e-06,3.053953832932166e-06,0.0025199885720607147,0.002518576823763589
2021-07-30_02h22m33s_C10H12N2O3_-H_+H2_155,2021-07-30_02h22m33s,Kynurenine,C10H12N2O3,-H,+H2,155,80.94961944346281,7166.091184807243,0.9830508474576272,0.8700564971751412,0.003359661808877517,0.0002103618223344152,0.0021439835568864397,0.0021439835568864397,98.30508474576271,1,8281.6494140625,8281.6494140625,1465852.0,12292.3984375,0.09325499087572098,1.1546717882156372,0.0,8281649.4140625,87864.3065700594,0.003963173367083073,0.003963173367083073,0.7014816999435425,0.005285406485199928,3.3680890965115395e-08,6.278529554037959e-07,0.0,3.9631733670830727,3.963039888368702
2021-07-30_02h22m33s_C10H12N2O3_-H__155,2021-07-30_02h22m33s,Kynurenine,C10H12N2O3,-H,,155,3.322798623929049,37.4782535606318,0.7796610169491526,0.6892655367231638,0.22277227722772278,0.21664262531554274,0.22463986391906018,0.22463986391906018,3.343500684067357,131,439.8004150390625,428.1718444824219,77844.671875,946.967529296875,11.730538368225098,11.733816146850586,11.628565788269043,37.81744074079681,37.48872494252443,0.00022238597739487886,0.00021662525250576437,0.03936231881380081,0.0005105560412630439,5.798932306788629e-06,5.821757440571673e-06,5.760718522651587e-06,0.22111221217859714,0.2211038113600291
2021-07-30_02h22m33s_C10H12N2O3_-H_-CH2O2_155,2021-07-30_02h22m33s,Kynurenine,C10H12N2O3,-H,-CH2O2,155,0.8399491776945622,0.980215419147628,0.096045197740113,0.096045197740113,0.09457114250750918,0.0779841327082582,0.10434643939259705,0.10434643939259705,0.8422322405165353,189,6.163642406463623,-0.10265827178955078,1090.9647216796875,19.93094825744629,6.239015102386475,6.287048816680908,6.266300678253174,0.9834604597559466,0.9877608155317376,3.3192168302775826e-06,1.5388604879262857e-07,0.0005875013885088265,1.136855371441925e-05,2.9448533496179152e-06,3.177371581841726e-06,3.165330781484954e-06,0.0033087435624313782,0.0033094709237423366
2021-07-30_02h22m33s_C10H12N2O3_-H_+C12H14N2_155,2021-07-30_02h22m33s,Kynurenine,C10H12N2O3,-H,+C12H14N2,155,1.6004279392079537,2.5061168697601315,0.5988700564971752,0.5988700564971752,0.3302035821559684,0.2711263373001563,0.36419370271275936,0.36419370271275936,1.6145471587530758,189,70.53678894042969,42.73656463623047,12485.01171875,77.34986114501953,19.87411117553711,28.14484977722168,27.80022430419922,2.5371828293826435,3.549000975010822,3.338497845106758e-05,2.0941679395036772e-05,0.005909141153097153,3.5789918911177665e-05,8.927509952627588e-06,1.259826331079239e-05,1.2443298146536108e-05,0.03297466486487187,0.03308957097684363
2021-07-30_02h22m33s_C10H12N2O3_[M]-_+HCl_155,2021-07-30_02h22m33s,Kynurenine,C10H12N2O3,[M]-,+HCl,155,1.9402492992694271,2.650284140486911,0.07344632768361582,0.0,0.036099677383468684,0.04988580358216132,0.027854067367152756,0.027854067367152756,1.9349663295784998,15,3.365459442138672,2.0916476249694824,595.6863403320312,12.342098236083984,7.035242080688477,1.2688485383987427,1.2738116979599,2.639965924006241,0.4783035324176014,1.5953246474964544e-06,9.841219252848532e-07,0.00028237246442586184,5.8729201555252075e-06,3.2863613341760356e-06,6.087922770348086e-07,6.112027790550201e-07,0.001594350176237951,0.0015900990076003648
2021-07-30_02h22m33s_C10H12N2O3_+Cl_-CH2O3_155,2021-07-30_02h22m33s,Kynurenine,C10H12N2O3,+Cl,-CH2O3,155,0.7792885223653938,0.862398141342828,0.22598870056497175,0.22598870056497175,0.28010902213816885,0.28059261930520496,0.27999362120594645,0.27999362120594645,0.7773936282814018,189,21.997652053833008,-3.595724105834961,3893.58447265625,44.73678207397461,30.549285888671875,25.50653648376465,25.59337615966797,0.8594720932677883,0.7200473388037849,1.1319406439724844e-05,-8.683946361998096e-07,0.0020035349298268557,2.371760092501063e-05,1.4639619621448219e-05,1.2153275747550651e-05,1.2187801075924654e-05,0.01118310893264339,0.011156085590219708
2021-07-30_02h22m33s_C10H12N2O3_[M]-_-H2_155,2021-07-30_02h22m33s,Kynurenine,C10H12N2O3,[M]-,-H2,155,0.791671717892594,0.7920715457173139,0.22598870056497175,0.22598870056497175,0.27426855045055065,0.2725087149897824,0.2754575898789801,0.2754575898789801,0.7917921156186792,189,16.21291732788086,-4.269216537475586,2869.6865234375,31.261507034301758,20.122028350830078,20.468006134033203,20.482133865356445,0.7915252341001445,0.8056897324408964,8.800913747109007e-06,-1.372574843117036e-06,0.0015577616868540645,1.7332846255158074e-05,1.0027559255831875e-05,1.0171680514758918e-05,1.0173488590226043e-05,0.008712279471312746,0.008713538226217654
2021-07-30_02h22m33s_C10H12N2O3_[M]-_+H2_155,2021-07-30_02h22m33s,Kynurenine,C10H12N2O3,[M]-,+H2,155,0.09811102571935636,0.154952292611224,0.04519774011299435,0.04519774011299435,0.46590277005228614,0.4939596105301118,0.4506795187554264,0.4506795187554264,0.09821561875268875,189,5.539426326751709,-30.156614303588867,980.4784545898438,28.508464813232422,40.572261810302734,35.74823760986328,35.696041107177734,0.15517886510873521,0.1365289868152796,2.7108005724585382e-06,-1.4513837413687725e-05,0.00047981171519495547,1.437958053429611e-05,1.9948378394474275e-05,1.7261598259210587e-05,1.7224638213519938e-05,0.0026648986572123602,0.002657782128861929
2021-07-30_02h22m33s_C10H12N2O3_+Cl_+HCl_155,2021-07-30_02h22m33s,Kynurenine,C10H12N2O3,+Cl,+HCl,155,1.2753014031387284,1.6223436809281715,0.096045197740113,0.096045197740113,0.07295583490933363,0.08579757182353648,0.06531176355936708,0.06531176355936708,1.27692828976296,189,6.606536388397217,2.542635917663574,1169.35693359375,20.851194381713867,5.548259735107422,4.0712175369262695,4.063900470733643,1.625263997473683,1.1905257104115938,3.369545538589591e-06,1.526277742414095e-06,0.0005964095471426845,1.0872567145270295e-05,2.4272274004033534e-06,1.847997737058904e-06,1.8432677961754962e-06,0.003363345991236549,0.00336138668871539
2021-07-30_02h22m33s_C10H12N2O3_+Cl_-CO2_155,2021-07-30_02h22m33s,Kynurenine,C10H12N2O3,+Cl,-CO2,155,1.418717668567613,1.9553108579472978,0.2824858757062147,0.2824858757062147,0.25394370897763935,0.36374564250510877,0.18911352481528076,0.18911352481528076,1.4207035676713773,189,25.226499557495117,12.351500511169434,4465.09033203125,44.95523452758789,36.51593780517578,12.900528907775879,12.874999046325684,1.9591877466544076,0.6908164012021732,1.2486907507991418e-05,6.159069016575813e-06,0.0022101826034486294,2.2537045879289508e-05,1.7171818399219774e-05,6.341172593238298e-06,6.327838491415605e-06,0.012408389225036764,0.012276104471359385
2021-07-30_02h22m33s_C10H12N2O3_[M]-_+C12H14N2_155,2021-07-30_02h22m33s,Kynurenine,C10H12N2O3,[M]-,+C12H14N2,155,0.9170016075520107,1.0372411892349638,0.20903954802259886,0.20903954802259886,0.22003559906552453,0.22361461714148334,0.2179598490352074,0.2179598490352074,0.9220165441992634,189,15.577799797058105,0.6651115417480469,2757.2705078125,31.29549217224121,15.380579948425293,15.01749324798584,14.912688255310059,1.0445303355131879,1.0127568071219433,7.630930667801294e-06,4.218550202494953e-07,0.001350674661807716,1.5527879440924153e-05,7.5018351708422415e-06,7.260315214807633e-06,7.209075647551799e-06,0.007576312458160923,0.007574110935993795
2021-07-30_02h22m33s_C10H12N2O3_+Cl_+H2_155,2021-07-30_02h22m33s,Kynurenine,C10H12N2O3,+Cl,+H2,155,0.9706061772830834,1.0479717841708025,0.22598870056497175,0.22598870056497175,0.23671153632217154,0.26030772929438634,0.22283253893722205,0.22283253893722205,0.9695082709633311,189,16.8170166015625,0.7310256958007812,2976.61181640625,33.758575439453125,22.78240394592285,16.04620361328125,16.08599090576172,1.0453798786906328,0.738125727019467,8.777971743256785e-06,9.317527656094171e-07,0.0015537010040134192,1.7641354133957066e-05,1.088634871848626e-05,7.835727046767715e-06,7.846218977647368e-06,0.008709634047306446,0.00868344077886177
2021-07-30_02h22m33s_C10H12N2O3_+Cl_-H2O_155,2021-07-30_02h22m33s,Kynurenine,C10H12N2O3,+Cl,-H2O,155,1.0201406054064612,1.2213567517765362,0.0847457627118644,0.0847457627118644,0.09138947602625432,0.12249068397643947,0.07307262965784858,0.07307262965784858,1.0198065672519523,189,5.7809906005859375,1.0454621315002441,1023.2353515625,19.77756690979004,9.29462718963623,4.732253074645996,4.735528469085693,1.220512161663806,0.621904308622791,2.6921652533928864e-06,5.409312962001422e-07,0.000476513261673972,9.257847523258533e-06,4.1906823753379285e-06,2.1520570498978486e-06,2.151233957192744e-06,0.0026863862081597588,0.002680930325926517
2021-07-30_02h22m33s_C10H12N2O3_[M]-_-NH3_155,2021-07-30_02h22m33s,Kynurenine,C10H12N2O3,[M]-,-NH3,155,1.3130498720204524,2.184025572300811,0.327683615819209,0.327683615819209,0.25788185560129046,0.28858636855391273,0.23955915445541046,0.23955915445541046,1.3316861184406767,189,61.64923095703125,33.87067794799805,10911.9140625,106.48863220214844,38.47372817993164,28.22633934020996,27.778553009033203,2.219230487149469,1.6023305133884584,3.165248199366033e-05,1.7875507182907313e-05,0.005602489225566387,5.865358980372548e-05,1.822629928938113e-05,1.4005529919813853e-05,1.377697572024772e-05,0.031222332674474596,0.031085901057309715
2021-07-30_02h22m33s_C10H12N2O3_+Cl_-CH2O2_155,2021-07-30_02h22m33s,Kynurenine,C10H12N2O3,+Cl,-CH2O2,155,1.1577601420686965,1.398185259648471,0.1864406779661017,0.1864406779661017,0.1905996217599288,0.25772328404856354,0.15103566809008276,0.15103566809008276,1.1598812949430823,189,14.368983268737793,4.116359710693359,2543.31005859375,32.402122497558594,23.638967514038086,10.275880813598633,10.252623558044434,1.4013566216271587,0.6078258466389634,7.139609806472436e-06,2.1353180272853933e-06,0.0012637109030038118,1.7182725059683435e-05,1.1107049431302585e-05,5.019850959797623e-06,5.004291779187042e-06,0.007104059022308239,0.007061180920940182
2021-07-30_02h22m33s_C10H12N2O3_-H_-CO2_155,2021-07-30_02h22m33s,Kynurenine,C10H12N2O3,-H,-CO2,155,1.2746068778317412,1.7002142144403816,0.0847457627118644,0.0847457627118644,0.0544888196684837,0.050937612693833394,0.05648776511862785,0.05648776511862785,1.278287521992917,188,6.106679916381836,2.5285048484802246,1080.88232421875,21.019147872924805,3.2851858139038086,3.590712070465088,3.5781750679016113,1.7061696621512408,1.8582880768776233,3.006233555424842e-06,1.2444178310033749e-06,0.0005321033531799912,1.0239863513561431e-05,1.5610119135089917e-06,1.767795311025111e-06,1.7618157244214672e-06,0.003000946440797299,0.0030015481030769686
2021-07-30_02h22m33s_C10H12N2O3_-H_-H2O_155,2021-07-30_02h22m33s,Kynurenine,C10H12N2O3,-H,-H2O,155,1.245850474046856,1.4190427793952345,0.13559322033898305,0.13559322033898305,0.0927355656914006,0.08216131746604159,0.09883587008522778,0.09883587008522778,1.2512212920369088,189,9.188655853271484,2.7542877197265625,1626.39208984375,24.539020538330078,5.444621562957764,6.474249362945557,6.434368133544922,1.427836863811226,1.6873474858727988,4.84352995044901e-06,1.6174806205526693e-06,0.0008573047816753387,1.3346450941753574e-05,2.670397407200653e-06,3.248636176067521e-06,3.226049329896341e-06,0.004827954730326471,0.004830630247959713
2021-07-30_02h22m33s_C10H12N2O3_+Cl_+C12H14N2_155,2021-07-30_02h22m33s,Kynurenine,C10H12N2O3,+Cl,+C12H14N2,155,1.6377306036608783,1.886400292001677,0.3050847457627119,0.3050847457627119,0.18157748359105574,0.1898966221901671,0.17628506121870405,0.17628506121870405,1.6390316562122564,189,23.282485961914062,10.948159217834473,4121.0,37.987648010253906,13.606953620910645,12.341282844543457,12.33432674407959,1.8874640651970265,1.7109468925685536,1.1332790563756134e-05,5.4751358220528346e-06,0.0020059039816260338,1.8394890503259376e-05,6.283087259362219e-06,5.865287221240578e-06,5.8576547417033e-06,0.0112667935769364,0.011262030245009165
2021-07-30_02h22m33s_C10H12N2O3_-H_-CH2O3_155,2021-07-30_02h22m33s,Kynurenine,C10H12N2O3,-H,-CH2O3,155,3.6713674167070476,10.11497532241977,0.3220338983050847,0.3220338983050847,0.08251195906107464,0.08937372280322155,0.0777149742190407,0.0777149742190407,3.681319833931052,187,54.98014831542969,49.554500579833984,9731.486328125,105.59620666503906,6.332846164703369,5.4345197677612305,5.425648212432861,10.13151141610138,8.6803731706996,2.780319846351631e-05,2.5714613002492115e-05,0.004921166226267815,5.2331506594782695e-05,2.459814822941553e-06,2.0972927359252935e-06,2.0885861431452213e-06,0.027745250118580544,0.027734975559521077
2021-07-30_02h22m33s_C10H12N2O3_[M]-__155,2021-07-30_02h22m33s,Kynurenine,C10H12N2O3,[M]-,,155,1.030666448232797,1.2428631672699793,0.23728813559322035,0.23728813559322035,0.22509734119479363,0.23329126096886646,0.22022786469869057,0.22022786469869057,1.0343475452418338,189,20.045419692993164,3.9721527099609375,3548.039306640625,38.97613525390625,17.20347023010254,16.12742042541504,16.073266983032227,1.2470503142788925,1.1651285639658835,1.0447043678141199e-05,2.603720531624276e-06,0.0018491266528144479,2.0872217646683566e-05,8.479540156258736e-06,7.878491487645078e-06,7.843323146516923e-06,0.010365741815429423,0.010359202405358153
2021-07-30_02h22m33s_C10H12N2O3_[M]-_-H2O_155,2021-07-30_02h22m33s,Kynurenine,C10H12N2O3,[M]-,-H2O,155,1.0081328798340066,1.2647273958014584,0.06779661016949153,0.06779661016949153,0.057803982645455554,0.05869094843130184,0.05724967663057923,0.05724967663057923,1.0063605025806177,188,4.685055732727051,0.9710218906402588,829.2548828125,17.692302703857422,3.9695403575897217,3.703399658203125,3.714033842086792,1.2611071478410496,1.1799541903085122,2.4148448574123904e-06,6.382222181855468e-07,0.00042742755613289773,9.528805094305426e-06,1.9170188352291007e-06,1.7737460211719736e-06,1.7766226392268436e-06,0.0024105621980380913,0.0024102244118178067
2021-07-30_02h22m33s_C10H12N2O3_[M]-_-CH2O2_155,2021-07-30_02h22m33s,Kynurenine,C10H12N2O3,[M]-,-CH2O2,155,0.5002637515801384,4.332825212896675,0.005649717514124294,0.005649717514124294,0.0020358215596840584,0.0032756340906358937,0.0012934776830802487,0.0012934776830802487,0.5004274469291274,52,0.32203391194343567,0.2493228316307068,57.0,4.272263050079346,0.21262171864509583,0.07332423329353333,0.07271108776330948,4.368866634793194,1.5074961197108068,1.0261955196710915e-07,6.67264998810424e-08,1.8163660570280626e-05,1.3614020417662687e-06,9.67251168049188e-08,3.62823762145581e-08,3.5893055638780424e-08,0.00010261586877002197,0.0001026096270389485
2021-07-30_02h22m33s_C10H12N2O3_-H_-NH3_155,2021-07-30_02h22m33s,Kynurenine,C10H12N2O3,-H,-NH3,155,60.76468189064393,1163.7052574668671,0.807909604519774,0.5875706214689266,0.005606852820113472,0.00525904555836038,0.00329571026099899,0.00329571026099899,64.40998712432585,16,2175.780029296875,2174.07421875,385113.0625,5077.92431640625,2.869469404220581,1.8687002658843994,1.7057263851165771,1274.8265031059793,757.9875354524689,0.001099926419556141,0.0010992528405040503,0.19468697905540466,0.0028142754454165697,1.181622224066814e-06,7.731734967819648e-07,6.735848501193686e-07,1.099186024502573,1.098628255992872
2021-07-30_02h22m33s_C10H12N2O3_[M]-_-CH2O3_155,2021-07-30_02h22m33s,Kynurenine,C10H12N2O3,[M]-,-CH2O3,155,1.2630013362476706,6.164189247106177,0.01694915254237288,0.01694915254237288,0.003771276004004895,0.004297391513403053,0.0034197423675957263,0.0034197423675957263,1.261720329356497,80,1.2877589464187622,1.0787279605865479,227.93333435058594,9.950039863586426,0.2688864767551422,0.2079097032546997,0.20903092622756958,6.131282518953751,4.771483780519678,6.206898319760512e-07,5.280849677546939e-07,0.00010986209963448346,4.79191248814459e-06,1.216065470543981e-07,9.19223381856682e-08,9.260486422135727e-08,0.0006206323584007701,0.0006206143612065325
2021-07-30_02h22m33s_C10H12N2O3_[M]-_-CO2_155,2021-07-30_02h22m33s,Kynurenine,C10H12N2O3,[M]-,-CO2,155,0.0,0.0,0.0,0.0,0.0013572143731227055,0.0017429979564851546,0.001134007831741588,0.001134007831741588,0.0,44,0.0,-0.06348605453968048,0.0,0.0,0.10867645591497421,0.0638493001461029,0.06348605453968048,0.0,0.0,0.0,-2.9898099995762095e-08,0.0,0.0,5.156375948445202e-08,3.007813376143531e-08,2.9898099995762095e-08,0.0,0.0
2021-07-30_02h22m33s_C6H13O10P_-H_-CH2O2_85,2021-07-30_02h22m33s,6-Phosphogluconic acid,C6H13O10P,-H,-CH2O2,85,7.188175917413605,46.26680355935314,0.0847457627118644,0.005649717514124294,0.005973968183335188,0.012651761028969827,0.0017896061094671936,0.0017896061094671936,7.160728813299154,4,116.84706115722656,114.2588119506836,20681.9296875,424.5859680175781,253.755615234375,2.524505376815796,2.588252067565918,45.12772727727168,0.46046902481460095,4.2806270357687026e-05,4.150010863668285e-05,0.007576709613204002,0.00016073978622443974,0.00010927188850473613,1.2739918702209252e-06,1.3061616073173354e-06,0.042750431385515014,0.038589520568657464
2021-07-30_02h22m33s_C6H13O10P_-H_-CH2O3_85,2021-07-30_02h22m33s,6-Phosphogluconic acid,C6H13O10P,-H,-CH2O3,85,13.451620035266108,50.304111751721145,0.2598870056497175,0.096045197740113,0.017632662142618757,0.03044236086068037,0.009320126867126176,0.009320126867126176,13.289734038106031,10,127.021728515625,124.43391418457031,22482.845703125,312.0364685058594,70.67813110351562,2.524076461791992,2.5878121852874756,49.06564069711369,1.797160300819075,4.982186510460451e-05,4.849627657677047e-05,0.008818469941616058,0.00011883035040227696,3.1694358767708763e-05,1.2929407375850133e-06,1.3255890962682315e-06,0.04975590921387569,0.04829130321514354
2021-07-30_02h22m33s_C6H13O10P_-H_-H2O_85,2021-07-30_02h22m33s,6-Phosphogluconic acid,C6H13O10P,-H,-H2O,85,1.4847009013118624,18.49896169575564,1.0,0.9774011299435028,0.6611747691623094,0.655367231638418,0.6635363325477966,0.6635363325477966,1.4961891982027358,189,17850.880859375,16894.982421875,3159606.0,31809.171875,999.4893798828125,964.9656372070312,955.8983154296875,18.67443628343936,17.859982665834128,0.007270126137882471,0.006893651559948921,1.2868123054504395,0.011705366894602776,0.00038551806937903166,0.00038053683238103986,0.0003764745779335499,5.281700261254982,5.247225784028087
2021-07-30_02h22m33s_C6H13O10P_-H_-H3PO4_85,2021-07-30_02h22m33s,6-Phosphogluconic acid,C6H13O10P,-H,-H3PO4,85,2.6710415714975544,15.760445486365727,0.7909604519774012,0.4124293785310734,0.3351095783735677,0.41576511599951915,0.2861243510462994,0.2861243510462994,2.692728951536445,120,460.9808044433594,432.0464782714844,81593.6015625,791.5596923828125,59.41639709472656,29.24822425842285,28.934314727783203,15.931425276696,7.758347335687523,0.0001924133684951812,0.00017783493967726827,0.034057166427373886,0.00029132343479432166,2.801190385071095e-05,1.4709337847307324e-05,1.457843063690234e-05,0.18964858968507103,0.1871703700846675
2021-07-30_02h22m33s_C6H13O10P_+Cl_-H3PO4_85,2021-07-30_02h22m33s,6-Phosphogluconic acid,C6H13O10P,+Cl,-H3PO4,85,13.451620035266108,50.304111751721145,0.2598870056497175,0.096045197740113,0.017632662142618757,0.03044236086068037,0.009320126867126176,0.009320126867126176,13.289734038106031,10,127.021728515625,124.43391418457031,22482.845703125,312.0364685058594,70.67813110351562,2.524076461791992,2.5878121852874756,49.06564069711369,1.797160300819075,4.982186510460451e-05,4.849627657677047e-05,0.008818469941616058,0.00011883035040227696,3.1694358767708763e-05,1.2929407375850133e-06,1.3255890962682315e-06,0.04975590921387569,0.04829130321514354
2021-07-30_02h22m33s_C6H13O10P_+Cl_-H2_85,2021-07-30_02h22m33s,6-Phosphogluconic acid,C6H13O10P,+Cl,-H2,85,0.48334145439813364,0.8576907627828659,0.011299435028248588,0.005649717514124294,0.02191567471353877,0.03645269864166366,0.013377748640076546,0.013377748640076546,0.48386971302325216,119,0.571729302406311,-0.0933886170387268,101.19608306884766,5.455148696899414,6.176501274108887,0.6655914187431335,0.6651179194450378,0.8583004385809577,0.09255025244633135,2.7945264946538373e-07,-3.630859168879397e-08,4.946312037645839e-05,2.886849415517645e-06,2.5376305075042183e-06,3.1585523174726404e-07,3.157612411541777e-07,0.000279364437004021,0.0002787452968961567
2021-07-30_02h22m33s_C6H13O10P_-H_-H2_85,2021-07-30_02h22m33s,6-Phosphogluconic acid,C6H13O10P,-H,-H2,85,4.872644697938988,12.686524426232497,0.23728813559322035,0.1751412429378531,0.04733563243964846,0.06097487678807549,0.03869801725818169,0.03869801725818169,4.880308764903026,180,24.48902130126953,22.565122604370117,4334.556640625,54.160465240478516,4.319271087646484,1.929317593574524,1.923899531364441,12.722233499589871,5.668399228764645,9.80168169917306e-06,8.956448255048599e-06,0.0017348977271467447,2.131637120328378e-05,1.7851577922556316e-06,8.457116109639173e-07,8.452338420283922e-07,0.009793403982698227,0.009784215330933935
2021-07-30_02h22m33s_C6H13O10P_+Cl_-CH2O2_85,2021-07-30_02h22m33s,6-Phosphogluconic acid,C6H13O10P,+Cl,-CH2O2,85,7.588398142357124,25.19629304709391,0.11299435028248588,0.11299435028248588,0.008321281566358883,0.013583363385022237,0.004890408774385598,0.004890408774385598,7.6181611081852365,148,7.06403112411499,6.787577152252197,1250.33349609375,20.174556732177734,1.0474681854248047,0.27935993671417236,0.2764539420604706,25.46019375920562,6.737477800771684,2.8409797323547537e-06,2.717131337703904e-06,0.0005028534214943647,8.131152753776405e-06,4.3394169324528775e-07,1.252859078704205e-07,1.238484657051231e-07,0.00284062792494461,0.0028397474475389795
2021-07-30_02h22m33s_C6H13O10P_+Cl_-CO2_85,2021-07-30_02h22m33s,6-Phosphogluconic acid,C6H13O10P,+Cl,-CO2,85,0.8129016079457148,0.5743045418527213,0.07909604519774012,0.07909604519774012,0.0772054733563244,0.06007332612092799,0.0873008841717313,0.0873008841717313,0.8059276590152283,189,4.547247409820557,-3.4746642112731934,804.86279296875,15.943312644958496,4.364459037780762,7.91683292388916,8.02191162109375,0.5667826874553852,1.0416424413713452,1.8809621451509884e-06,-1.968688366105198e-06,0.0003329302999190986,6.6176407926832326e-06,2.0108750504732598e-06,3.7970137327647535e-06,3.849650511256186e-06,0.0018737488668676854,0.001877187355931881
2021-07-30_02h22m33s_C6H13O10P_-H_-CO2_85,2021-07-30_02h22m33s,6-Phosphogluconic acid,C6H13O10P,-H,-CO2,85,1.6029233263395553,3.098070947132605,0.6779661016949152,0.6779661016949152,0.4247191011235955,0.4433225147253276,0.41295603947764764,0.41295603947764764,1.6070641925686628,189,98.1226806640625,66.55792236328125,17367.71484375,122.60318756103516,36.386962890625,31.671186447143555,31.56475830078125,3.108516504785946,2.696569768387415,4.298894782550633e-05,2.8714148356812075e-05,0.00760904373601079,4.760905358125456e-05,1.6027235687943175e-05,1.430120573786553e-05,1.4274800378188957e-05,0.04238392574623484,0.04231082230428487
2021-07-30_02h22m33s_C6H13O10P_+Cl_-HPO3_85,2021-07-30_02h22m33s,6-Phosphogluconic acid,C6H13O10P,+Cl,-HPO3,85,1.6029233263395553,3.098070947132605,0.6779661016949152,0.6779661016949152,0.4247191011235955,0.4433225147253276,0.41295603947764764,0.41295603947764764,1.6070641925686628,189,98.1226806640625,66.55792236328125,17367.71484375,122.60318756103516,36.386962890625,31.671186447143555,31.56475830078125,3.108516504785946,2.696569768387415,4.298894782550633e-05,2.8714148356812075e-05,0.00760904373601079,4.760905358125456e-05,1.6027235687943175e-05,1.430120573786553e-05,1.4274800378188957e-05,0.04238392574623484,0.04231082230428487
2021-07-30_02h22m33s_C6H13O10P_-H_+HCl_85,2021-07-30_02h22m33s,6-Phosphogluconic acid,C6H13O10P,-H,+HCl,85,0.6757617369029555,0.9594018763283413,0.022598870056497175,0.022598870056497175,0.026321059072199355,0.031223704772208198,0.023442068146783138,0.023442068146783138,0.6740830249204809,185,1.3717737197875977,-0.06162130832672119,242.80393981933594,9.120670318603516,1.9995386600494385,1.4288218021392822,1.4333950281143188,0.9563430525766363,0.6857021797087879,7.407969633277389e-07,8.855403166307951e-08,0.00013112106535118073,5.447424882731866e-06,8.822724453239061e-07,6.488813824034878e-07,6.522429316646594e-07,0.0007403140986896569,0.0007401439547109244
2021-07-30_02h22m33s_C6H13O10P_+Cl__85,2021-07-30_02h22m33s,6-Phosphogluconic acid,C6H13O10P,+Cl,,85,0.6757617369029555,0.9594018763283413,0.022598870056497175,0.022598870056497175,0.026321059072199355,0.031223704772208198,0.023442068146783138,0.023442068146783138,0.6740830249204809,185,1.3717737197875977,-0.06162130832672119,242.80393981933594,9.120670318603516,1.9995386600494385,1.4288218021392822,1.4333950281143188,0.9563430525766363,0.6857021797087879,7.407969633277389e-07,8.855403166307951e-08,0.00013112106535118073,5.447424882731866e-06,8.822724453239061e-07,6.488813824034878e-07,6.522429316646594e-07,0.0007403140986896569,0.0007401439547109244
2021-07-30_02h22m33s_C6H13O10P_[M]-_+C12H14N2_85,2021-07-30_02h22m33s,6-Phosphogluconic acid,C6H13O10P,[M]-,+C12H14N2,85,0.9646997803470604,1.0448710742595573,0.1016949152542373,0.1016949152542373,0.10266992991433975,0.11497776175021036,0.09541612771763205,0.09541612771763205,0.9655936123860928,189,7.356242656707764,0.3230857849121094,1302.054931640625,23.280916213989258,8.359875679016113,7.039335250854492,7.033156871795654,1.0457888259790669,0.879841172040179,3.336777126605739e-06,8.920960681280121e-08,0.0005906095611862838,1.1051287401642185e-05,3.7012584925832925e-06,3.24450616062677e-06,3.2475675197929377e-06,0.0033259757956402,0.00332447239492068
2021-07-30_02h22m33s_C6H13O10P_[M]-__85,2021-07-30_02h22m33s,6-Phosphogluconic acid,C6H13O10P,[M]-,,85,1.7040564753851672,3.2866123569222254,0.06779661016949153,0.06779661016949153,0.03246189787518078,0.03681331890852266,0.029785424455587645,0.029785424455587645,1.7583287396288285,188,5.891725063323975,4.18821907043457,1042.8353271484375,22.443038940429688,2.2893476486206055,1.791643738746643,1.7035062313079834,3.45655824256087,2.572415181980059,2.4402506824117154e-06,1.6633957784506492e-06,0.0004319243598729372,9.499235602561384e-06,1.0190450439040433e-06,8.16403428416379e-07,7.768549039610662e-07,0.002438356433258933,0.0024377664885533597
2021-07-30_02h22m33s_C6H13O10P_[M]-_-H2O_85,2021-07-30_02h22m33s,6-Phosphogluconic acid,C6H13O10P,[M]-,-H2O,85,0.2642757254102219,0.47867370407736826,0.12429378531073447,0.12429378531073447,0.4641005673601068,0.47232239451857194,0.4603185853252299,0.4603185853252299,0.26504514715971317,189,17.408796310424805,-18.632104873657227,3081.35693359375,49.00730514526367,37.475772857666016,36.36781692504883,36.04090118408203,0.483015483048753,0.4645222889532702,7.589579126943136e-06,-8.64498178998474e-06,0.0013433555141091347,2.1417401512735523e-05,1.667651486059185e-05,1.636280103411991e-05,1.6234560462180525e-05,0.007468334006955458,0.007465087484571068
2021-07-30_02h22m33s_C6H13O10P_-H_+H2_85,2021-07-30_02h22m33s,6-Phosphogluconic acid,C6H13O10P,-H,+H2,85,0.8514230166504577,1.09171044516305,0.12994350282485875,0.12994350282485875,0.1606185337634887,0.19130905156869815,0.14261920371387565,0.14261920371387565,0.8542456114370744,189,10.022200584411621,0.8797245025634766,1773.9295654296875,27.047204971313477,13.21226692199707,9.17927360534668,9.142476081848145,1.096103986568953,0.7584952792959134,4.394637016957859e-06,3.27827365254052e-07,0.0007778507424518466,1.2209966371301562e-05,5.6989169934240635e-06,4.078480742464308e-06,4.066809651703807e-06,0.004376837252973529,0.004369734264103412
2021-07-30_02h22m33s_C6H13O10P_+Cl_+HCl_85,2021-07-30_02h22m33s,6-Phosphogluconic acid,C6H13O10P,+Cl,+HCl,85,0.387724634099776,1.0931373233234325,0.005649717514124294,0.005649717514124294,0.009745244187340083,0.018541892054333455,0.004571469071708276,0.004571469071708276,0.388521743475708,154,0.26879364252090454,0.028089389204978943,47.576473236083984,3.565950393676758,2.8830976486206055,0.2448919266462326,0.2407042533159256,1.1120765929161,0.09319852351374514,9.632243802570883e-08,-9.103253262310318e-09,1.7049071175279096e-05,1.2778613154296181e-06,1.126714096244541e-06,1.0735482192103518e-07,1.0542569128801915e-07,9.631228423656367e-05,9.621403231923823e-05
2021-07-30_02h22m33s_C6H13O10P_+Cl_+C12H14N2_85,2021-07-30_02h22m33s,6-Phosphogluconic acid,C6H13O10P,+Cl,+C12H14N2,85,0.4741147114378153,0.46776289779345187,0.0903954802259887,0.0903954802259887,0.1729447102013572,0.1602957086188244,0.18066162269433172,0.18066162269433172,0.4699451384383202,189,6.317049026489258,-7.32537841796875,1118.11767578125,20.672637939453125,11.529651641845703,13.503809928894043,13.642427444458008,0.4630104167157248,0.5478483977058293,2.2403139610105427e-06,-3.490677272566245e-06,0.0003965355863329023,7.256667686306173e-06,4.675770014728187e-06,5.666942342941184e-06,5.730991233576788e-06,0.0022275479035031936,0.002229887519809202
2021-07-30_02h22m33s_C6H13O10P_[M]-_+H2_85,2021-07-30_02h22m33s,6-Phosphogluconic acid,C6H13O10P,[M]-,+H2,85,1.697253462446534,2.3464835007069245,0.06779661016949153,0.06779661016949153,0.03655579041050173,0.04760187522538767,0.029944894306926307,0.029944894306926307,1.7060805405331272,189,4.283748626708984,2.4719133377075195,758.2235107421875,16.282987594604492,3.0521202087402344,1.82460355758667,1.8118351697921753,2.363010547285486,1.4030723763990043,2.124857473972952e-06,1.2595191947184503e-06,0.00037609977880492806,8.421450729656499e-06,1.3644807950186078e-06,8.702363061274809e-07,8.653382224110828e-07,0.0021230203433229185,0.0021219620974432334
2021-07-30_02h22m33s_C6H13O10P_+Cl_-CH2O3_85,2021-07-30_02h22m33s,6-Phosphogluconic acid,C6H13O10P,+Cl,-CH2O3,85,1.228926245916336,4.496512490178932,0.01694915254237288,0.01694915254237288,0.009656246523528757,0.01956364947710061,0.0037918386873859347,0.0037918386873859347,1.2432209148933335,174,1.0081754922866821,0.79336017370224,178.44705200195312,7.776273250579834,1.3210411071777344,0.22321276366710663,0.21481533348560333,4.671472948672276,0.7625901243259479,3.869132569889189e-07,2.9315873462110176e-07,6.848364864708856e-05,3.09861684399948e-06,5.175311912353209e-07,9.718744564679582e-08,9.375453657867183e-08,0.0003868769855164288,0.0003867131208868
2021-07-30_02h22m33s_C6H13O10P_[M]-_-CO2_85,2021-07-30_02h22m33s,6-Phosphogluconic acid,C6H13O10P,[M]-,-CO2,85,1.2021252809702105,1.3275834624602822,0.24293785310734464,0.24293785310734464,0.20223606630325955,0.21922707056136556,0.19209029537360242,0.19209029537360242,1.2065715881398156,189,16.98440170288086,4.253561019897461,3006.2392578125,30.967187881469727,14.98342227935791,12.792471885681152,12.730840682983398,1.3340099146528888,1.1334705727212495,7.41064013709547e-06,1.6828412299219053e-06,0.0013116833288222551,1.389216777170077e-05,6.6122379394073505e-06,5.747724117100006e-06,5.727798907173565e-06,0.007368435221883984,0.007361961098610794
2021-07-30_02h22m33s_C6H13O10P_[M]-_-H2_85,2021-07-30_02h22m33s,6-Phosphogluconic acid,C6H13O10P,[M]-,-H2,85,1.019777515454453,1.299191388991238,0.07909604519774012,0.07909604519774012,0.07306708198909778,0.082371679288376,0.06756206035047929,0.06756206035047929,1.0231537292003,189,5.446660041809082,1.2781014442443848,964.058837890625,18.83972930908203,5.153364658355713,4.191346168518066,4.168558597564697,1.3062917607130637,1.0567083244643023,2.274601911267382e-06,3.91096250496048e-07,0.0004026045207865536,7.9854098657961e-06,2.3020552362140734e-06,1.8900726672654855e-06,1.883505660771334e-06,0.002270325739884515,0.0022693776784996444
2021-07-30_02h22m33s_C6H13O10P_-H_+C12H14N2_85,2021-07-30_02h22m33s,6-Phosphogluconic acid,C6H13O10P,-H,+C12H14N2,85,1.1574898646488905,1.1858041456462254,0.20903954802259886,0.20903954802259886,0.18290132384024918,0.2036302440197139,0.17059730318762514,0.17059730318762514,1.1557308965928688,189,15.345962524414062,2.3908729553222656,2716.2353515625,31.208200454711914,15.804078102111816,12.940397262573242,12.955089569091797,1.1844594345058848,0.9709513882353794,6.855557330709416e-06,7.898829608166125e-07,0.0012134336866438389,1.427382267138455e-05,7.134039606171427e-06,6.049762305337936e-06,6.065674369892804e-06,0.0068142244640272695,0.006806995951988879
2021-07-30_02h22m33s_C6H13O10P_[M]-_-H3PO4_85,2021-07-30_02h22m33s,6-Phosphogluconic acid,C6H13O10P,[M]-,-H3PO4,85,1.4802887209039983,1.7984353842568994,0.23163841807909605,0.23163841807909605,0.14511069084436534,0.14232479865368433,0.14648191789074544,0.14648191789074544,1.4841464848273929,189,23.194618225097656,10.362406730651855,4105.447265625,46.23414993286133,12.132972717285156,12.896109580993652,12.8322114944458,1.8073900079599141,1.911543627591673,1.1174508472322486e-05,4.633870048564859e-06,0.001977887935936451,2.210480124631431e-05,6.066675268812105e-06,6.555307663802523e-06,6.540638423757628e-06,0.011101894991365439,0.01110712515086215
2021-07-30_02h22m33s_C6H13O10P_[M]-_-CH2O3_85,2021-07-30_02h22m33s,6-Phosphogluconic acid,C6H13O10P,[M]-,-CH2O3,85,1.1845734169033015,1.8514754650713943,0.04519774011299435,0.04519774011299435,0.030815441094671266,0.035250631085467006,0.028155288197459112,0.028155288197459112,1.2235243204964912,185,3.29970121383667,1.6562784910202026,584.047119140625,15.905529975891113,2.2745110988616943,1.781200885772705,1.6434227228164673,2.006601567865191,1.4500923399087433,1.3221770132076927e-06,5.617262672785728e-07,0.00023402534134220332,6.380852028087247e-06,1.0238799177386682e-06,8.186353284145298e-07,7.604507459291199e-07,0.0013211723267263326,0.0013208246473763896
2021-07-30_02h22m33s_C6H13O10P_+Cl_-H2O_85,2021-07-30_02h22m33s,6-Phosphogluconic acid,C6H13O10P,+Cl,-H2O,85,2.396725026456045,4.3092162216169765,0.05649717514124294,0.05649717514124294,0.018478139948826345,0.026595744680851064,0.013572656236157131,0.013572656236157131,2.395126572042481,179,3.6667776107788086,2.815277099609375,649.0196533203125,15.221035957336426,1.9181816577911377,0.8499152064323425,0.8515004515647888,4.301203130213402,1.9105943389429059,1.6167161902558291e-06,1.238198933606327e-06,0.00028615875635296106,6.86006342220935e-06,8.371378044103039e-07,3.7794342233610223e-07,3.785172850712115e-07,0.0016161044667806718,0.0016153639080605116
2021-07-30_02h22m33s_C6H13O10P_[M]-_-CH2O2_85,2021-07-30_02h22m33s,6-Phosphogluconic acid,C6H13O10P,[M]-,-CH2O2,85,1.3873754804878766,1.73341201855613,0.0847457627118644,0.0847457627118644,0.053888085437757256,0.058480586608967426,0.051083509045484345,0.051083509045484345,1.4032311917388334,189,5.471519470214844,2.363293409347534,968.4589233398438,18.431751251220703,3.678487777709961,3.1555025577545166,3.1082260608673096,1.7597689467097093,1.4870329243545435,2.4681614831933985e-06,1.0128904932571459e-06,0.00043686458957381546,8.289706784125883e-06,1.6696217244316358e-06,1.4732345334778074e-06,1.4552709899362526e-06,0.0024645748588987167,0.0024640474560307787
2021-07-30_02h22m33s_C6H13O10P_[M]-_-HPO3_85,2021-07-30_02h22m33s,6-Phosphogluconic acid,C6H13O10P,[M]-,-HPO3,85,1.0075546994886,0.9711154609269657,0.9943502824858758,0.1751412429378531,0.978774057180999,0.9818788315903354,0.9768945904282651,0.9768945904282651,1.0077980250207732,189,444.6795654296875,-12.203765869140625,78708.28125,246.57843017578125,453.6981506347656,457.90496826171875,456.8833312988281,0.9732869677661193,0.9801198984118465,0.00021375664800871164,-7.110342266969383e-06,0.037834927439689636,0.00011406847625039518,0.00021877769904676825,0.00022107927361503243,0.00022086699027568102,0.17508594278598993,0.17538608408727466
2021-07-30_02h22m33s_C16H32O2_-H__24,2021-07-30_02h22m33s,Palmitic acid,C16H32O2,-H,,24,0.6774235578882539,1.8558770564895566,0.011299435028248588,0.005649717514124294,0.01079096673712315,0.017760548142805626,0.006680014883852792,0.006680014883852792,0.7056442567443711,6,5.571463584899902,2.8126535415649414,986.1490478515625,58.33431625366211,138.3678741455078,3.0010650157928467,2.758810043334961,2.0187851690572636,0.04026529535133015,3.18528668685758e-06,1.3407250207819743e-06,0.0005637957365252078,3.2133099011844024e-05,5.674866770277731e-05,1.9815493033092935e-06,1.844561666075606e-06,0.0031794220468297223,0.003014232981037908
2021-07-30_02h22m33s_C16H32O2_-H_-H2O_24,2021-07-30_02h22m33s,Palmitic acid,C16H32O2,-H,-H2O,24,0.0,0.0,0.0,0.0,0.0011347202135943931,0.0025243418680129825,0.0003189397026773216,0.0003189397026773216,0.0,28,0.0,-0.01729399710893631,0.0,0.0,0.20108115673065186,0.016868365928530693,0.01729399710893631,0.0,0.0,0.0,-7.656880463002835e-09,0.0,0.0,8.1070652413473e-08,7.4684329831598e-09,7.656880463002835e-09,0.0,0.0
2021-07-30_02h22m33s_C16H32O2_[M]-__24,2021-07-30_02h22m33s,Palmitic acid,C16H32O2,[M]-,,24,1.1722071726928653,1.3594304154815953,0.192090395480226,0.192090395480226,0.15194126154188453,0.1484553431902873,0.1538706876694367,0.1538706876694367,1.173283279451991,189,14.00013256072998,3.721968650817871,2478.0234375,29.63506317138672,9.945340156555176,10.297528266906738,10.27816390991211,1.3619913723945751,1.4075662344508837,6.413014034478692e-06,1.92549305211287e-06,0.001135103520937264,1.3890686204831582e-05,4.253372480889084e-06,4.4975618038733955e-06,4.487520982365822e-06,0.006384364066769999,0.006385852624657959
2021-07-30_02h22m33s_C16H32O2_+Cl_+HCl_24,2021-07-30_02h22m33s,Palmitic acid,C16H32O2,+Cl,+HCl,24,0.7170361012850179,1.200031813135464,0.13559322033898305,0.13559322033898305,0.18083212815663588,0.18400649116480347,0.17910236192568704,0.17910236192568704,0.7195401729429601,189,21.67453384399414,3.7500953674316406,3836.392578125,87.61771392822266,17.66781234741211,18.060632705688477,17.9244384765625,1.2091494371160616,1.2267114177127323,1.2391614291118458e-05,4.346227797213942e-06,0.002193315653130412,5.322049037204124e-05,7.906585778982844e-06,8.103307663986925e-06,8.045386493904516e-06,0.012292714650694338,0.012294407503589556
2021-07-30_02h22m33s_C16H32O2_-H_-H2_24,2021-07-30_02h22m33s,Palmitic acid,C16H32O2,-H,-H2,24,0.9515223704003011,1.2056661838481242,0.07909604519774012,0.07909604519774012,0.0710090110134609,0.0673758865248227,0.07312578627496145,0.07312578627496145,0.948295341816843,188,5.4848127365112305,0.9167971611022949,970.8118286132812,19.8541202545166,4.623104572296143,4.548196792602539,4.5680155754089355,1.2004364279323625,1.1861350994031898,3.1872716590441996e-06,9.74726390268188e-07,0.0005641470779664814,1.2072850950062275e-05,2.1895682493777713e-06,2.2045446712581906e-06,2.2125452687760117e-06,0.0031802352446001648,0.0031803081572797827
2021-07-30_02h22m33s_C16H32O2_+Cl_+C12H14N2_24,2021-07-30_02h22m33s,Palmitic acid,C16H32O2,+Cl,+C12H14N2,24,0.0,0.0,0.0,0.0,0.008132161530759817,0.0068818367592258685,0.00889487393022308,0.00889487393022308,0.0,130,0.0,-0.5260939598083496,0.0,0.0,0.3977179527282715,0.5251157283782959,0.5260939598083496,0.0,0.0,0.0,-2.2002583932589914e-07,0.0,0.0,1.6633757127237914e-07,2.192675765400054e-07,2.2002583932589914e-07,0.0,0.0
2021-07-30_02h22m33s_C16H32O2_[M]-_-H2_24,2021-07-30_02h22m33s,Palmitic acid,C16H32O2,[M]-,-H2,24,0.3826918479624966,0.49989818515858636,0.011299435028248588,0.011299435028248588,0.01997997552564245,0.020795768722202186,0.019526197352800468,0.019526197352800468,0.3833707037590776,186,0.5831394791603088,-0.5769427418708801,103.21568298339844,5.457217216491699,1.255109429359436,1.1655164957046509,1.160082221031189,0.5022378851365124,0.4642425775417401,2.2870106874961493e-07,-2.685253548406763e-07,4.048008850077167e-05,2.1495006876648404e-06,5.176117952032655e-07,4.995856670575449e-07,4.97226437801146e-07,0.00022858740904648856,0.00022858275162119577
2021-07-30_02h22m33s_C16H32O2_+Cl_-H2_24,2021-07-30_02h22m33s,Palmitic acid,C16H32O2,+Cl,-H2,24,0.821303032179429,0.9405761398389264,0.03389830508474576,0.03389830508474576,0.032573144954944934,0.03476980406298834,0.031273809734748484,0.031273809734748484,0.8251383599700571,189,2.051091194152832,-0.10776495933532715,363.0431213378906,10.973811149597168,2.4744887351989746,2.179675340652466,2.158856153488159,0.9496424985711793,0.8285601000676619,1.045966882884386e-06,3.24534994433634e-08,0.0001851361448643729,5.768860773969209e-06,1.1448626082710689e-06,1.0242714552077814e-06,1.0135133834410226e-06,0.0010449078547890946,0.0010447707639025792
2021-07-30_02h22m33s_C16H32O2_+Cl_+H2_24,2021-07-30_02h22m33s,Palmitic acid,C16H32O2,+Cl,+H2,24,1.4828250553740714,1.794288708295174,0.06779661016949153,0.06779661016949153,0.037134275225275334,0.03936771246544056,0.03572124669986002,0.03572124669986002,1.4842304558438204,189,3.9472689628601074,1.7492258548736572,698.6666259765625,14.671611785888672,2.4391231536865234,2.1989073753356934,2.19804310798645,1.794993899175727,1.6176515340615483,1.9528808934410335e-06,9.357003136756248e-07,0.00034565990790724754,7.421610462188255e-06,1.1160967687828816e-06,1.0174853741773404e-06,1.0171805797654088e-06,0.0019508964794290257,0.0019507037193230443
2021-07-30_02h22m33s_C16H32O2_[M]-_+C12H14N2_24,2021-07-30_02h22m33s,Palmitic acid,C16H32O2,[M]-,+C12H14N2,24,0.0,0.0,0.0,0.0,0.0001779953276226499,0.0003906719557639139,5.315661711288694e-05,5.315661711288694e-05,0.0,2,0.0,-0.002906554378569126,0.0,0.0,0.031293828040361404,0.0028350194916129112,0.002906554378569126,0.0,0.0,0.0,-1.3202132720380177e-09,0.0,0.0,1.1368494590158207e-08,1.2877208188655231e-09,1.3202132720380177e-09,0.0,0.0
2021-07-30_02h22m33s_C16H32O2_+Cl_-CH2O2_24,2021-07-30_02h22m33s,Palmitic acid,C16H32O2,+Cl,-CH2O2,24,0.0,0.0,0.0,0.0,0.0002892424073868061,0.00030051688904916455,0.000283501957935397,0.000283501957935397,0.0,10,0.0,-0.015028594061732292,0.0,0.0,0.016404686495661736,0.01556481420993805,0.015028594061732292,0.0,0.0,0.0,-6.803942742550362e-09,0.0,0.0,8.36956992600335e-09,6.957022513631728e-09,6.803942742550362e-09,0.0,0.0
2021-07-30_02h22m33s_C16H32O2_[M]-_+HCl_24,2021-07-30_02h22m33s,Palmitic acid,C16H32O2,[M]-,+HCl,24,0.6523314866192695,0.9039118388564062,0.01694915254237288,0.01694915254237288,0.014862609856491267,0.012952277918018992,0.015982422878608005,0.015982422878608005,0.6486130840557688,171,1.469059705734253,-0.16668987274169922,260.0235595703125,11.449637413024902,1.3332507610321045,1.6242245435714722,1.6357495784759521,0.8975470194421297,1.1010371877905976,7.982279726093111e-07,-3.350675115143531e-08,0.00014128634938970208,6.138978278613649e-06,6.506188583443873e-07,8.250131031672936e-07,8.317347237607464e-07,0.0007975646104283751,0.0007977089681111875
2021-07-30_02h22m33s_C16H32O2_[M]-_-H2O_24,2021-07-30_02h22m33s,Palmitic acid,C16H32O2,[M]-,-H2O,24,0.0,0.0,0.0,0.0,0.00020024474357548114,0.00018031013342949875,0.00021262646845154776,0.00021262646845154776,0.0,6,0.0,-0.011263752356171608,0.0,0.0,0.010208145715296268,0.010986534878611565,0.011263752356171608,0.0,0.0,0.0,-5.4196167553755e-09,0.0,0.0,4.700926314882281e-09,5.286231896661775e-09,5.4196167553755e-09,0.0,0.0
2021-07-30_02h22m33s_C16H32O2_+Cl_-CO2_24,2021-07-30_02h22m33s,Palmitic acid,C16H32O2,+Cl,-CO2,24,0.0,0.0,0.0,0.0,0.00032261653131605296,0.000330568577954081,0.0003189397026773216,0.0003189397026773216,0.0,11,0.0,-0.01580396108329296,0.0,0.0,0.01949847862124443,0.01732669398188591,0.01580396108329296,0.0,0.0,0.0,-6.93844581789449e-09,0.0,0.0,7.889406461458748e-09,7.636443477565535e-09,6.93844581789449e-09,0.0,0.0
2021-07-30_02h22m33s_C16H32O2_-H_-CH2O2_24,2021-07-30_02h22m33s,Palmitic acid,C16H32O2,-H,-CH2O2,24,0.0,0.0,0.0,0.0,0.00018912003559906553,0.000330568577954081,0.00010631323422577388,0.00010631323422577388,0.0,11,0.0,-0.005892112385481596,0.0,0.0,0.019482335075736046,0.005747098475694656,0.005892112385481596,0.0,0.0,0.0,-2.662235765171772e-09,0.0,0.0,7.242702437793014e-09,2.5967137329274692e-09,2.662235765171772e-09,0.0,0.0
2021-07-30_02h22m33s_C16H32O2_[M]-_+H2_24,2021-07-30_02h22m33s,Palmitic acid,C16H32O2,[M]-,+H2,24,0.9397426277110099,1.0746930861855921,0.1016949152542373,0.1016949152542373,0.09948826343308488,0.10163481187642745,0.0982157095522441,0.0982157095522441,0.9430001777004647,189,6.494649410247803,0.47717952728271484,1149.552978515625,19.885395050048828,6.28410005569458,6.042259693145752,6.017469882965088,1.079119699282788,1.033340655311185,2.684407036213088e-06,1.1480756256787572e-07,0.0004751400265377015,8.18854368844768e-06,2.6302827791369054e-06,2.5797223770496203e-06,2.569599473645212e-06,0.0026775268645911634,0.00267736480966077
2021-07-30_02h22m33s_C16H32O2_+Cl_-H2O_24,2021-07-30_02h22m33s,Palmitic acid,C16H32O2,+Cl,-H2O,24,0.0,0.0,0.0,0.0,0.00021136945155189677,0.00024041351123933166,0.00019490759608058544,0.00019490759608058544,0.0,7,0.0,-0.011210180819034576,0.0,0.0,0.01430460438132286,0.010934281162917614,0.011210180819034576,0.0,0.0,0.0,-5.371743050375244e-09,0.0,0.0,6.940272800903813e-09,5.239536360335251e-09,5.371743050375244e-09,0.0,0.0
2021-07-30_02h22m33s_C16H32O2_[M]-_-CH2O2_24,2021-07-30_02h22m33s,Palmitic acid,C16H32O2,[M]-,-CH2O2,24,0.0,0.0,0.0,0.0,0.00021136945155189677,0.000330568577954081,0.0001417509789676985,0.0001417509789676985,0.0,11,0.0,-0.007068697363138199,0.0,0.0,0.01889720931649208,0.00781714916229248,0.007068697363138199,0.0,0.0,0.0,-3.1865963201482828e-09,0.0,0.0,8.423650221800472e-09,3.564528450183957e-09,3.1865963201482828e-09,0.0,0.0
2021-07-30_02h22m33s_C16H32O2_[M]-_-CO2_24,2021-07-30_02h22m33s,Palmitic acid,C16H32O2,[M]-,-CO2,24,0.0,0.0,0.0,0.0,0.00018912003559906553,0.00024041351123933166,0.0001594698513386608,0.0001594698513386608,0.0,8,0.0,-0.008767392486333847,0.0,0.0,0.013334699906408787,0.008551614359021187,0.008767392486333847,0.0,0.0,0.0,-4.0276240120817874e-09,0.0,0.0,5.3764597218730614e-09,3.928497971372735e-09,4.0276240120817874e-09,0.0,0.0
2021-07-30_02h22m33s_C16H32O2_-H_+H2_24,2021-07-30_02h22m33s,Palmitic acid,C16H32O2,-H,+H2,24,0.9887030349051528,1.0072921053662376,0.9717514124293786,0.9717514124293786,0.976015129602848,0.9813980045678568,0.9728546875276858,0.9728546875276858,0.9889901093802679,189,2040.3319091796875,13.8668212890625,361138.75,1364.6663818359375,2014.9822998046875,2025.560302734375,2026.465087890625,1.0068423653235152,1.012580059287567,0.0008735510054975748,1.0870746336877346e-05,0.1546185314655304,0.00043045709026046097,0.0008394675678573549,0.0008623830508440733,0.0008626802591606975,0.46897528505036445,0.4748933989171132
2021-07-30_02h22m33s_C6H13O9P_-H__57,2021-07-30_02h22m33s,Glucose 6-phosphate,C6H13O9P,-H,,57,39.074855669773754,450.1148061441741,0.9661016949152542,0.6440677966101694,0.018244521081321616,0.0191729775213367,0.014724382940269681,0.014724382940269681,40.825743294552936,9,33664.06640625,33590.06640625,5958540.0,60930.24609375,534.740478515625,74.78895568847656,73.99842834472656,454.9233306158237,62.95390905470286,0.014406129717826843,0.01436865795403719,2.5498850345611572,0.021729331463575363,0.0002565950562711805,3.7911246181465685e-05,3.747154551092535e-05,13.885807066382945,11.464416994107541
2021-07-30_02h22m33s_C6H13O9P_-H__100,2021-07-30_02h22m33s,Myo-inositol 1-phosphate,C6H13O9P,-H,,100,40.21739530924083,1197.9246885528535,0.9943502824858758,0.9943502824858758,0.018244521081321616,0.019022719076812116,0.014724382940269681,0.014724382940269681,84.75747315354909,9,89592.734375,89589.2890625,15857914.0,115413.0859375,237.2475128173828,74.78895568847656,3.448112964630127,25975.587141897995,377.63243828618715,0.04359905421733856,0.04359733313322067,7.717032432556152,0.05177778750658035,0.00010131355520570651,3.7911246181465685e-05,1.7199873809659039e-06,43.524193154346364,39.5882299016968
2021-07-30_02h22m33s_C6H13O9P_-H_-H2O_57,2021-07-30_02h22m33s,Glucose 6-phosphate,C6H13O9P,-H,-H2O,57,27.50040621966823,198.90068702799167,0.4406779661016949,0.21468926553672316,0.014184002669929915,0.025754297391513404,0.006024416606127186,0.006024416606127186,27.239525876797636,11,1328.2022705078125,1321.35546875,235091.796875,2799.853271484375,132.07867431640625,6.676715850830078,6.846803188323975,193.96034523487742,10.056068637222783,0.0005503740976564586,0.0005467058508656919,0.0974162146449089,0.0009981716284528375,5.6766552006592974e-05,3.577093593776226e-06,3.668218596430961e-06,0.5483625838288706,0.5208095360431364
2021-07-30_02h22m33s_C6H13O9P_-H_-H2O_100,2021-07-30_02h22m33s,Myo-inositol 1-phosphate,C6H13O9P,-H,-H2O,100,51.12255002374222,319.745768525526,0.8192090395480226,0.4293785310734463,0.014184002669929915,0.023740834234884,0.006024416606127186,0.006024416606127186,53.59113357011766,11,2135.17138671875,2128.900390625,377925.34375,3154.887451171875,127.78627014160156,6.676715850830078,6.271044731140137,340.4266835212154,16.708795675443714,0.0010863568168133497,0.0010829806560650468,0.19228515028953552,0.0015627678949385881,5.391558079281822e-05,3.577093593776226e-06,3.3761223221517866e-06,1.0827014841644353,1.0307816267372452
2021-07-30_02h22m33s_C6H13O9P_-H_-CH2O2_57,2021-07-30_02h22m33s,Glucose 6-phosphate,C6H13O9P,-H,-CH2O2,57,10.234928287702473,28.572734097196005,0.1977401129943503,0.05084745762711865,0.017632662142618757,0.030772929438634453,0.009320126867126176,0.009320126867126176,11.169114916245771,10,72.1483383178711,70.0207748413086,12770.255859375,185.62356567382812,70.97000885009766,2.524076461791992,2.1275670528411865,33.89526217723249,1.016588878851365,2.989168933709152e-05,2.8801434382330626e-05,0.005290829110890627,7.067796832416207e-05,3.1800369470147416e-05,1.2929407375850133e-06,1.090254613700381e-06,0.029859135277094564,0.028970419299657327
2021-07-30_02h22m33s_C6H13O9P_-H_-CH2O2_100,2021-07-30_02h22m33s,Myo-inositol 1-phosphate,C6H13O9P,-H,-CH2O2,100,7.3106630626446245,10.06082265248932,0.14124293785310735,0.0,0.017632662142618757,0.031073446327683617,0.009320126867126176,0.009320126867126176,9.582664054321246,10,25.404346466064453,24.30600357055664,4496.5693359375,62.64115905761719,71.2186508178711,2.524076461791992,1.0983434915542603,23.108652264950962,0.356704170468774,1.3860918443242554e-05,1.3294205018610228e-05,0.0024533825926482677,3.45946682500653e-05,3.188564005540684e-05,1.2929407375850133e-06,5.667131404152315e-07,0.013853067727726188,0.013432611042535968
2021-07-30_02h22m33s_C6H13O9P_-H_-H2_57,2021-07-30_02h22m33s,Glucose 6-phosphate,C6H13O9P,-H,-H2,57,1.2078922586943968,1.8250097137299173,0.8135593220338984,0.3446327683615819,0.6611747691623094,0.6563589373722803,0.6635363325477966,0.6635363325477966,1.206613710980051,189,1761.073486328125,793.4494018554688,311710.0,2016.968017578125,1085.073486328125,964.9656372070312,967.6240844726562,1.819995693154119,1.6229977835784988,0.0007343239849433303,0.00035315245622769,0.1299753487110138,0.000689085980411619,0.000420282973209396,0.00038053683238103986,0.0003811715287156403,0.5316674791480698,0.5170265354121562
2021-07-30_02h22m33s_C6H13O9P_-H_-H2_100,2021-07-30_02h22m33s,Myo-inositol 1-phosphate,C6H13O9P,-H,-H2,100,1.1407871332113746,1.6765636660893037,0.768361581920904,0.3220338983050847,0.6611747691623094,0.6565993508835196,0.6635363325477966,0.6635363325477966,1.1389666026886966,189,1617.8280029296875,649.4649047851562,286355.5625,1918.0084228515625,1085.8353271484375,964.9656372070312,968.3630981445312,1.670681519512738,1.489937260782513,0.0007172565092332661,0.00033601847826503217,0.12695440649986267,0.0008681755280122161,0.00042037374805659056,0.00038053683238103986,0.00038123803096823394,0.5192852304613105,0.5049773063002916
2021-07-30_02h22m33s_C6H13O9P_-H_-HPO3_57,2021-07-30_02h22m33s,Glucose 6-phosphate,C6H13O9P,-H,-HPO3,57,0.7320494159150523,0.6605363915133392,0.12429378531073447,0.0,0.1613861386138614,0.16429258324317828,0.15978879104133814,0.15978879104133814,0.7287719373959283,17,8.712264060974121,-4.574224472045898,1542.07080078125,23.125200271606445,54.39897918701172,13.188680648803711,13.28648853302002,0.6556742486982206,0.16015197415836918,4.603790330293123e-06,-1.913905180117581e-06,0.0008148708730004728,1.2533781045931391e-05,2.426082755846437e-05,6.475581812992459e-06,6.517695510410704e-06,0.004573978530957188,0.004494744118319159
2021-07-30_02h22m33s_C6H13O9P_-H_-HPO3_100,2021-07-30_02h22m33s,Myo-inositol 1-phosphate,C6H13O9P,-H,-HPO3,100,1.0980741238725786,0.9908046234222987,0.1864406779661017,0.0,0.1613861386138614,0.1639620146652242,0.15978879104133814,0.15978879104133814,1.092427325402733,17,13.06839656829834,-0.21727561950683594,2313.106201171875,27.298988342285156,54.375816345214844,13.188680648803711,13.285672187805176,0.9835718367683389,0.24033029968751304,7.039896445348859e-06,5.259307727101259e-07,0.0012460616417229176,1.5148050806601532e-05,2.4247870896942914e-05,6.475581812992459e-06,6.513965672638733e-06,0.006994335583455315,0.006873235127336862
2021-07-30_02h22m33s_C6H13O9P_-H_-CH2O3_57,2021-07-30_02h22m33s,Glucose 6-phosphate,C6H13O9P,-H,-CH2O3,57,0.0,0.0,0.0,0.0,0.018956502391812215,0.030051688904916458,0.012474086149157468,0.012474086149157468,0.0,13,0.0,-1.5066617727279663,0.0,0.0,22.132061004638672,1.4707574844360352,1.5066617727279663,0.0,0.0,0.0,-6.954026616767806e-07,0.0,0.0,9.185675480694044e-06,6.788617383790552e-07,6.954026616767806e-07,0.0,0.0
2021-07-30_02h22m33s_C6H13O9P_-H_-CH2O3_100,2021-07-30_02h22m33s,Myo-inositol 1-phosphate,C6H13O9P,-H,-CH2O3,100,0.2513880865556839,0.33019323019726526,0.005649717514124294,0.0,0.018956502391812215,0.03002163721601154,0.012474086149157468,0.012474086149157468,0.2484292540877569,13,0.4859643578529358,-1.0192594528198242,86.01569366455078,6.447046279907227,22.129472732543945,1.4707574844360352,1.5052237510681152,0.3226375613240209,0.021959059064215167,2.416403503957554e-07,-4.5288021510714316e-07,4.277034167898819e-05,3.20572144119069e-06,9.184391274175141e-06,6.788617383790552e-07,6.945205655028985e-07,0.00024147264267940818,0.00023944122846635124
2021-07-30_02h22m33s_C6H13O9P_+Cl_-H3PO4_57,2021-07-30_02h22m33s,Glucose 6-phosphate,C6H13O9P,+Cl,-H3PO4,57,0.0,0.0,0.0,0.0,0.018956502391812215,0.030051688904916458,0.012474086149157468,0.012474086149157468,0.0,13,0.0,-1.5066617727279663,0.0,0.0,22.132061004638672,1.4707574844360352,1.5066617727279663,0.0,0.0,0.0,-6.954026616767806e-07,0.0,0.0,9.185675480694044e-06,6.788617383790552e-07,6.954026616767806e-07,0.0,0.0
2021-07-30_02h22m33s_C6H13O9P_+Cl_-H3PO4_100,2021-07-30_02h22m33s,Myo-inositol 1-phosphate,C6H13O9P,+Cl,-H3PO4,100,0.2513880865556839,0.33019323019726526,0.005649717514124294,0.0,0.018956502391812215,0.03002163721601154,0.012474086149157468,0.012474086149157468,0.2484292540877569,13,0.4859643578529358,-1.0192594528198242,86.01569366455078,6.447046279907227,22.129472732543945,1.4707574844360352,1.5052237510681152,0.3226375613240209,0.021959059064215167,2.416403503957554e-07,-4.5288021510714316e-07,4.277034167898819e-05,3.20572144119069e-06,9.184391274175141e-06,6.788617383790552e-07,6.945205655028985e-07,0.00024147264267940818,0.00023944122846635124
2021-07-30_02h22m33s_C6H13O9P_-H_+H2_57,2021-07-30_02h22m33s,Glucose 6-phosphate,C6H13O9P,-H,+H2,57,0.6141825226965015,0.69334471924608,0.2768361581920904,0.23728813559322035,0.44162865724774725,0.44401370357014064,0.44073923135531656,0.44073923135531656,0.612456327640578,189,22.83316993713379,-10.269449234008789,4041.470947265625,39.96165084838867,32.636165618896484,32.93091583251953,33.10261917114258,0.6897484477177092,0.6996063997638842,1.1272904885117896e-05,-3.5324719647178426e-06,0.0019953041337430477,2.014289566432126e-05,1.4382823792402633e-05,1.474125929235015e-05,1.4805376849835739e-05,0.011108440241134027,0.011113067592146985
2021-07-30_02h22m33s_C6H13O9P_-H_+H2_100,2021-07-30_02h22m33s,Myo-inositol 1-phosphate,C6H13O9P,-H,+H2,100,0.23815240675986793,0.27733787032305085,0.10734463276836158,0.096045197740113,0.44162865724774725,0.4449152542372881,0.44073923135531656,0.44073923135531656,0.23737973777539648,189,9.133267402648926,-23.962730407714844,1616.58837890625,27.573219299316406,32.70903396606445,32.93091583251953,33.09599685668945,0.2759545659745543,0.27921913539204457,4.041885858896421e-06,-1.0749694411060773e-05,0.0007154138293117285,1.253959271707572e-05,1.4421287232835311e-05,1.474125929235015e-05,1.4791580724704545e-05,0.003982971415677241,0.0039844253169430055
2021-07-30_02h22m33s_C6H13O9P_[M]-_+H2_57,2021-07-30_02h22m33s,Glucose 6-phosphate,C6H13O9P,[M]-,+H2,57,1.0665053595498972,1.2097855315348225,0.11864406779661017,0.11864406779661017,0.1030592946935143,0.10605241014545018,0.10124563672767865,0.10124563672767865,1.059420002301742,189,7.9851555824279785,1.326988697052002,1413.37255859375,23.08143424987793,7.619877338409424,6.5994720458984375,6.658166885375977,1.1991223106247677,1.0478000403159073,4.150191671214998e-06,1.0160106285184156e-06,0.0007345839403569698,1.2122976841055788e-05,3.4341126138315303e-06,3.1089841741049895e-06,3.134181042696582e-06,0.004137224859491008,0.004135988221891541
2021-07-30_02h22m33s_C6H13O9P_[M]-_+H2_100,2021-07-30_02h22m33s,Myo-inositol 1-phosphate,C6H13O9P,[M]-,+H2,100,0.7617895425356408,0.7363911836851675,0.0847457627118644,0.0847457627118644,0.1030592946935143,0.10623272027887967,0.10124563672767865,0.10124563672767865,0.7595783734264456,189,4.86052942276001,-1.7782244682312012,860.313720703125,16.16803741455078,7.636497497558594,6.5994720458984375,6.638753890991211,0.732034575762628,0.636403406261505,2.441916194584337e-06,-6.801105882914271e-07,0.00043221915257163346,8.200483534892555e-06,3.443199148023268e-06,3.1089841741049895e-06,3.122026782875764e-06,0.002434316194227969,0.0024335370419149324
2021-07-30_02h22m33s_C6H13O9P_+Cl_+HCl_57,2021-07-30_02h22m33s,Glucose 6-phosphate,C6H13O9P,+Cl,+HCl,57,1.1029449305832315,2.2730703532359193,0.022598870056497175,0.022598870056497175,0.017276671487373458,0.02875946628200505,0.010489572443609688,0.010489572443609688,1.1091352508666537,184,1.3819873332977295,0.7807506322860718,244.61175537109375,9.180423736572266,1.801872968673706,0.6069826483726501,0.6012367010116577,2.2947577438841242,0.766547259463542,7.107643114068196e-07,4.3433252017166524e-07,0.00012580527982208878,4.827773864235496e-06,8.102755941763462e-07,2.785185699849535e-07,2.764317912351544e-07,0.0007105678878527862,0.0007101888627041146
2021-07-30_02h22m33s_C6H13O9P_+Cl_+HCl_100,2021-07-30_02h22m33s,Myo-inositol 1-phosphate,C6H13O9P,+Cl,+HCl,100,0.5514724652916158,0.9635842268925218,0.011299435028248588,0.011299435028248588,0.017276671487373458,0.028819569659814883,0.010489572443609688,0.010489572443609688,0.5516920818222744,184,0.585842490196228,-0.020134150981903076,103.69412231445312,5.481876850128174,1.8061078786849976,0.6069826483726501,0.6059766411781311,0.9651812779139539,0.3241878900016395,3.278445888099668e-07,5.0544315399747575e-08,5.802849045721814e-05,3.1017075343697798e-06,8.123123507175478e-07,2.785185699849535e-07,2.7730027341021923e-07,0.00032775370261861945,0.0003275784927544729
2021-07-30_02h22m33s_C6H13O9P_+Cl_-H2O_57,2021-07-30_02h22m33s,Glucose 6-phosphate,C6H13O9P,+Cl,-H2O,57,14.785104865472368,99.24106277997785,0.2033898305084746,0.2033898305084746,0.009233507620424963,0.017490082942661377,0.00375640094264401,0.00375640094264401,14.74097494177112,136,21.497730255126953,21.279266357421875,3805.09814453125,50.44370651245117,2.1657016277313232,0.21562132239341736,0.2184634953737259,97.95583642973662,9.921869250468266,8.728093234822154e-06,8.624449037597515e-06,0.0015448725316673517,1.9482702555251308e-05,9.114148724620463e-07,1.0238490943947909e-07,1.0364421143549407e-07,0.008727188712230025,0.008720145564464666
2021-07-30_02h22m33s_C6H13O9P_+Cl_-H2O_100,2021-07-30_02h22m33s,Myo-inositol 1-phosphate,C6H13O9P,+Cl,-H2O,100,6.5711577179877185,30.438151316616963,0.0903954802259887,0.0903954802259887,0.009233507620424963,0.018091116720759706,0.00375640094264401,0.00375640094264401,6.589252647148533,136,6.593552589416504,6.379706859588623,1167.058837890625,22.1186466217041,2.244978904724121,0.21562132239341736,0.21384590864181519,30.689681879905294,2.9357143896355544,3.1833440061745932e-06,3.0821649943391094e-06,0.0005634519038721919,1.0931446013273671e-05,9.40908307711652e-07,1.0238490943947909e-07,1.0117911131146684e-07,0.003183021950842322,0.0031803515869449927
2021-07-30_02h22m33s_C6H13O9P_[M]-_-H2_57,2021-07-30_02h22m33s,Glucose 6-phosphate,C6H13O9P,[M]-,-H2,57,0.9610026378553523,1.1523901931981864,0.4519774011299435,0.4519774011299435,0.4641005673601068,0.4705793965620868,0.4603185853252299,0.4603185853252299,0.9612118342624798,189,41.911067962646484,5.550323486328125,7418.2587890625,55.03596115112305,37.34544372558594,36.36781692504883,36.36074447631836,1.1526143359250072,1.1222237991547597,2.0003852114314213e-05,3.6605306377168745e-06,0.0035406816750764847,2.4888351617846638e-05,1.661048190726433e-05,1.636280103411991e-05,1.634332147659734e-05,0.01968217992051304,0.019677007536637786
2021-07-30_02h22m33s_C6H13O9P_[M]-_-H2_100,2021-07-30_02h22m33s,Myo-inositol 1-phosphate,C6H13O9P,[M]-,-H2,100,0.7928271762306657,0.8829035346163201,0.3728813559322034,0.3728813559322034,0.4641005673601068,0.47100012020675563,0.4603185853252299,0.4603185853252299,0.793276594737216,189,32.11015701293945,-4.235603332519531,5683.498046875,44.97336196899414,37.39757537841797,36.36781692504883,36.345760345458984,0.883439313648518,0.8585930530249459,1.56836467795074e-05,-6.422851583920419e-07,0.0027760055381804705,2.2058957256376743e-05,1.6633461200399324e-05,1.636280103411991e-05,1.632593193789944e-05,0.015431709736661246,0.015427041680281493
2021-07-30_02h22m33s_C6H13O9P_+Cl_-CH2O2_57,2021-07-30_02h22m33s,Glucose 6-phosphate,C6H13O9P,+Cl,-CH2O2,57,2.8674945738047843,12.009672418638141,0.03954802259887006,0.03954802259887006,0.009656246523528757,0.019443442721480946,0.0037918386873859347,0.0037918386873859347,2.8738699725738615,174,2.6927218437194824,2.4711694717407227,476.6117858886719,13.49055290222168,1.3120808601379395,0.22321276366710663,0.2215522676706314,12.099278393804573,2.0506900416145064,1.1426890296206693e-06,1.0462457566973171e-06,0.00020225596381351352,5.81750828132499e-06,5.135111109666468e-07,9.718744564679582e-08,9.644325160707012e-08,0.0011425788356025464,0.0011421025472727814
2021-07-30_02h22m33s_C6H13O9P_+Cl_-CH2O2_100,2021-07-30_02h22m33s,Myo-inositol 1-phosphate,C6H13O9P,+Cl,-CH2O2,100,0.409642081972112,1.2521933214098682,0.005649717514124294,0.005649717514124294,0.009656246523528757,0.019623752854910446,0.0037918386873859347,0.0037918386873859347,0.4080330877280436,174,0.28075772523880005,0.05421245098114014,49.69411849975586,3.724672317504883,1.3249104022979736,0.22321276366710663,0.2265452742576599,1.2338543446122516,0.21174713219853375,9.167911230179016e-08,-7.134197232971928e-09,1.6227202650043182e-05,1.2162608982180245e-06,5.191015475247696e-07,9.718744564679582e-08,9.881330953476208e-08,9.167005408036124e-05,9.163154622434301e-05
2021-07-30_02h22m33s_C6H13O9P_-H_-H3PO4_57,2021-07-30_02h22m33s,Glucose 6-phosphate,C6H13O9P,-H,-H3PO4,57,0.9214280670303764,1.416944702655955,0.3163841807909605,0.3163841807909605,0.3544888196684837,0.39052169731938935,0.33336286478728494,0.33336286478728494,0.9205329740042086,189,38.14193344116211,11.184457778930664,6751.1220703125,64.3162841796875,41.308197021484375,26.917434692382812,26.957475662231445,1.41484013855422,0.9233278831666708,2.107290129060857e-05,8.346921276825015e-06,0.003729903604835272,3.670506339403801e-05,1.9217521185055375e-05,1.2723411600745749e-05,1.2725980013783555e-05,0.020808097853203845,0.020675568122207
2021-07-30_02h22m33s_C6H13O9P_-H_-H3PO4_100,2021-07-30_02h22m33s,Myo-inositol 1-phosphate,C6H13O9P,-H,-H3PO4,100,0.9707902849070035,1.2805158552413498,0.3333333333333333,0.3333333333333333,0.3544888196684837,0.3904315422526746,0.33336286478728494,0.33336286478728494,0.967500661795919,189,34.469482421875,7.441007614135742,6101.0986328125,54.5494384765625,41.327735900878906,26.917434692382812,27.028474807739258,1.2752553524275458,0.8340318587179911,1.7452533938921988e-05,4.697329131886363e-06,0.0030890984926372766,2.8126723918830976e-05,1.923678064486012e-05,1.2723411600745749e-05,1.2755204807035625e-05,0.017232726976947298,0.01712313985360689
2021-07-30_02h22m33s_C6H13O9P_+Cl_-CO2_57,2021-07-30_02h22m33s,Glucose 6-phosphate,C6H13O9P,+Cl,-CO2,57,1.089751471225793,3.061395110848578,0.022598870056497175,0.022598870056497175,0.0157414617866281,0.02419160956845775,0.01073763665680316,0.01073763665680316,1.097391638557658,181,1.9634430408477783,1.3326046466827393,347.5294189453125,12.946637153625488,1.7137854099273682,0.64035564661026,0.6308383345603943,3.1075085721315987,1.1450080164438432,7.043861955935427e-07,4.2804376221283746e-07,0.0001246763567905873,4.695231837104075e-06,7.463198130608362e-07,2.8136628316133283e-07,2.763424333807052e-07,0.0007041915975739029,0.0007038608902654989
2021-07-30_02h22m33s_C6H13O9P_+Cl_-CO2_100,2021-07-30_02h22m33s,Myo-inositol 1-phosphate,C6H13O9P,+Cl,-CO2,100,1.089751471225793,2.5657406873428124,0.022598870056497175,0.022598870056497175,0.0157414617866281,0.02419160956845775,0.01073763665680316,0.01073763665680316,1.101423619994295,181,1.6455522775650024,1.0186328887939453,291.26275634765625,11.177810668945312,1.7154762744903564,0.64035564661026,0.6269193887710571,2.620642564940736,0.958680467665414,6.343532277242048e-07,3.598202056309674e-07,0.00011228051880607381,4.2949291128024925e-06,7.466922511412122e-07,2.8136628316133283e-07,2.745330220932374e-07,0.0006341791246125765,0.0006338799145038906
2021-07-30_02h22m33s_C6H13O9P_[M]-_-H3PO4_57,2021-07-30_02h22m33s,Glucose 6-phosphate,C6H13O9P,[M]-,-H3PO4,57,0.6736931037781508,0.6515658802034848,0.0847457627118644,0.0847457627118644,0.1123261764378685,0.10659334054573867,0.11579283094423871,0.11579283094423871,0.6755137052506691,189,5.249717712402344,-2.783015251159668,929.2000732421875,17.418455123901367,7.525941371917725,8.056078910827637,8.032732963562012,0.6534593241041353,0.6974569686418074,2.839270109689096e-06,-1.1884271771123167e-06,0.0005025507998652756,9.784218491404317e-06,3.7315844565455336e-06,4.043655735586071e-06,4.027697286801413e-06,0.002827880264022294,0.002828714522544763
2021-07-30_02h22m33s_C6H13O9P_[M]-_-H3PO4_100,2021-07-30_02h22m33s,Myo-inositol 1-phosphate,C6H13O9P,[M]-,-H3PO4,100,0.9431703452894113,0.9440178920493897,0.11864406779661017,0.11864406779661017,0.1123261764378685,0.10641303041230918,0.11579283094423871,0.11579283094423871,0.9458126559783767,189,7.606026649475098,-0.43280029296875,1346.2667236328125,21.106210708618164,7.5134077072143555,8.056078910827637,8.038826942443848,0.9460435782916382,1.0121924369598394,4.150868790020468e-06,1.2294458429096267e-07,0.0007347037899307907,1.1998820809822064e-05,3.7246081774355844e-06,4.043655735586071e-06,4.027924205729505e-06,0.004134216479391401,0.004135465800283227
2021-07-30_02h22m33s_C6H13O9P_+Cl__57,2021-07-30_02h22m33s,Glucose 6-phosphate,C6H13O9P,+Cl,,57,2.713216279518823,4.027732791505983,0.11299435028248588,0.11299435028248588,0.034475470018912005,0.03885683375405698,0.03164590605453869,0.03164590605453869,2.733049450764327,188,9.032458305358887,6.810163497924805,1598.7451171875,26.03842544555664,2.8079590797424316,2.2415664196014404,2.222294807434082,4.062645347417197,3.2155891378051407,4.096688826393802e-06,3.044766344828531e-06,0.0007251139031723142,1.1869281479448546e-05,1.2804972584490315e-06,1.0617754924169276e-06,1.0519223678784329e-06,0.004092383956172357,0.004091449736223485
2021-07-30_02h22m33s_C6H13O9P_+Cl__100,2021-07-30_02h22m33s,Myo-inositol 1-phosphate,C6H13O9P,+Cl,,100,1.4922689537353526,2.3845506434556016,0.062146892655367235,0.062146892655367235,0.034475470018912005,0.03912729895420122,0.03164590605453869,0.03164590605453869,1.4962395096005825,188,5.347513198852539,3.1127045154571533,946.5098266601562,22.142112731933594,2.8275599479675293,2.2415664196014404,2.2348086833953857,2.391757952532682,1.8905426426245666,2.326907861061045e-06,1.2689952200162224e-06,0.0004118627111893147,9.467645213590004e-06,1.2899109833597322e-06,1.0617754924169276e-06,1.0579126410448225e-06,0.002324448797294925,0.0023239102237391017
2021-07-30_02h22m33s_C6H13O9P_-H_+HCl_57,2021-07-30_02h22m33s,Glucose 6-phosphate,C6H13O9P,-H,+HCl,57,2.713216279518823,4.027732791505983,0.11299435028248588,0.11299435028248588,0.034475470018912005,0.03885683375405698,0.03164590605453869,0.03164590605453869,2.733049450764327,188,9.032458305358887,6.810163497924805,1598.7451171875,26.03842544555664,2.8079590797424316,2.2415664196014404,2.222294807434082,4.062645347417197,3.2155891378051407,4.096688826393802e-06,3.044766344828531e-06,0.0007251139031723142,1.1869281479448546e-05,1.2804972584490315e-06,1.0617754924169276e-06,1.0519223678784329e-06,0.004092383956172357,0.004091449736223485
2021-07-30_02h22m33s_C6H13O9P_-H_+HCl_100,2021-07-30_02h22m33s,Myo-inositol 1-phosphate,C6H13O9P,-H,+HCl,100,1.4922689537353526,2.3845506434556016,0.062146892655367235,0.062146892655367235,0.034475470018912005,0.03912729895420122,0.03164590605453869,0.03164590605453869,1.4962395096005825,188,5.347513198852539,3.1127045154571533,946.5098266601562,22.142112731933594,2.8275599479675293,2.2415664196014404,2.2348086833953857,2.391757952532682,1.8905426426245666,2.326907861061045e-06,1.2689952200162224e-06,0.0004118627111893147,9.467645213590004e-06,1.2899109833597322e-06,1.0617754924169276e-06,1.0579126410448225e-06,0.002324448797294925,0.0023239102237391017
2021-07-30_02h22m33s_C6H13O9P_[M]-_+C12H14N2_57,2021-07-30_02h22m33s,Glucose 6-phosphate,C6H13O9P,[M]-,+C12H14N2,57,1.012677089439139,1.0425719402471476,0.10734463276836158,0.10734463276836158,0.09470463900322616,0.09243899507152302,0.0960008505058738,0.0960008505058738,1.0160571455806375,189,11.157793045043945,0.5151758193969727,1974.929443359375,33.788963317871094,10.432967185974121,10.701180458068848,10.642617225646973,1.0483083719093176,1.0693720658852397,5.752979632234201e-06,3.4444201446603984e-07,0.001018277369439602,1.7879079678095877e-05,5.089068963570753e-06,5.4402739806391764e-06,5.408537617768161e-06,0.005722031807950833,0.005723850561987075
2021-07-30_02h22m33s_C6H13O9P_[M]-_+C12H14N2_100,2021-07-30_02h22m33s,Myo-inositol 1-phosphate,C6H13O9P,[M]-,+C12H14N2,100,0.479689147629066,0.4638469973553074,0.05084745762711865,0.05084745762711865,0.09470463900322616,0.09273951196057219,0.0960008505058738,0.0960008505058738,0.47989634190027197,189,4.964174270629883,-5.699963569641113,878.6588134765625,22.609783172607422,10.465911865234375,10.701180458068848,10.664137840270996,0.465458050798502,0.4742730553715927,2.3004906779533485e-06,-3.1119927825784544e-06,0.00040718683158047497,1.0697416655602865e-05,5.107433480588952e-06,5.4402739806391764e-06,5.412483460531803e-06,0.0022881063402309105,0.0022888007802180648
2021-07-30_02h22m33s_C6H13O9P_[M]-__57,2021-07-30_02h22m33s,Glucose 6-phosphate,C6H13O9P,[M]-,,57,0.29316748265780473,1.0024423978750572,0.06779661016949153,0.06779661016949153,0.22019134497719434,0.21919701887246062,0.22125555929620638,0.22125555929620638,0.2950639120845185,188,14.225545883178711,0.15913772583007812,2517.921630859375,57.103633880615234,13.809372901916504,14.189886093139648,14.066408157348633,1.0112414258590676,1.0300624019503914,6.465009846579051e-06,9.204995876643807e-08,0.0011443067342042923,2.6751151381176896e-05,6.17893556409399e-06,6.444303835451137e-06,6.372959887812613e-06,0.00642406950927989,0.006425308280732962
2021-07-30_02h22m33s_C6H13O9P_[M]-__100,2021-07-30_02h22m33s,Myo-inositol 1-phosphate,C6H13O9P,[M]-,,100,0.0,0.0,0.0,0.0,0.22019134497719434,0.21955763913931964,0.22125555929620638,0.22125555929620638,0.0,188,0.0,-13.906758308410645,0.0,0.0,13.885041236877441,14.189886093139648,13.906758308410645,0.0,0.0,0.0,-6.2843746491125785e-06,0.0,0.0,6.2133244682627264e-06,6.444303835451137e-06,6.2843746491125785e-06,0.0,0.0
2021-07-30_02h22m33s_C6H13O9P_[M]-_-CH2O3_57,2021-07-30_02h22m33s,Glucose 6-phosphate,C6H13O9P,[M]-,-CH2O3,57,0.8690226686234575,1.1134760124107579,0.03954802259887006,0.03954802259887006,0.03784625653576593,0.04180189926673879,0.03550862023140847,0.03550862023140847,0.867020703777885,189,2.460330009460449,0.24319243431091309,435.4784240722656,12.409936904907227,2.7075960636138916,2.2085940837860107,2.217137575149536,1.1091872916379344,0.9083414254755291,1.2238134559083846e-06,2.1463063148985384e-07,0.00021661497885361314,6.206793841556646e-06,1.2150914017183823e-06,1.0077749266201863e-06,1.0091828244185308e-06,0.0012225796495246007,0.0012223282154037696
2021-07-30_02h22m33s_C6H13O9P_[M]-_-CH2O3_100,2021-07-30_02h22m33s,Myo-inositol 1-phosphate,C6H13O9P,[M]-,-CH2O3,100,0.6207304775881839,0.7828534821294607,0.02824858757062147,0.02824858757062147,0.03784625653576593,0.041862002644548625,0.03550862023140847,0.03550862023140847,0.617015223637904,189,1.7297884225845337,-0.49700915813446045,306.17254638671875,10.228046417236328,2.711481809616089,2.2085940837860107,2.226797580718994,0.7764567290831988,0.6377142941391225,8.846638479553803e-07,-1.2988397202207125e-07,0.00015658550546504557,5.354085715225665e-06,1.2168953844593489e-06,1.0077749266201863e-06,1.0145478199774516e-06,0.0008837672238450608,0.0008835886130503985
2021-07-30_02h22m33s_C6H13O9P_[M]-_-H2O_57,2021-07-30_02h22m33s,Glucose 6-phosphate,C6H13O9P,[M]-,-H2O,57,0.9761491333727929,1.3532582812604568,0.07344632768361582,0.07344632768361582,0.06911781065747025,0.07567015266257963,0.06524088806988323,0.06524088806988323,0.9741570713648635,189,5.759610652923584,1.485063076019287,1019.4510498046875,22.21770477294922,4.915399551391602,4.255105972290039,4.274547576904297,1.3471047975318802,1.1715098809032534,3.2322627703251783e-06,1.3044439128861995e-06,0.0005721105262637138,1.3100902833684813e-05,2.210161028415314e-06,1.920430804602802e-06,1.9278188574389787e-06,0.0032260435427485484,0.003225134703292571
2021-07-30_02h22m33s_C6H13O9P_[M]-_-H2O_100,2021-07-30_02h22m33s,Myo-inositol 1-phosphate,C6H13O9P,[M]-,-H2O,100,1.426679502621774,2.2116682671564307,0.10734463276836158,0.10734463276836158,0.06911781065747025,0.07548984252915014,0.06524088806988323,0.06524088806988323,1.4350408323052615,189,9.413094520568848,5.1793341636657715,1666.11767578125,30.517396926879883,4.895965576171875,4.255105972290039,4.233760356903076,2.2228163407699273,1.9222300778204335,4.380334758025128e-06,2.47426942223683e-06,0.0007753192912787199,1.3605731510324404e-05,2.204054453613935e-06,1.920430804602802e-06,1.9060654494751361e-06,0.004372001437140739,0.00437070149393201
2021-07-30_02h22m33s_C6H13O9P_[M]-_-CH2O2_57,2021-07-30_02h22m33s,Glucose 6-phosphate,C6H13O9P,[M]-,-CH2O2,57,1.6287884482420396,2.047398664470057,0.062146892655367235,0.062146892655367235,0.030815441094671266,0.03516047601875225,0.028155288197459112,0.028155288197459112,1.6230119521143311,185,3.6488757133483887,1.8584036827087402,645.8510131835938,14.318696975708008,2.2726540565490723,1.781200885772705,1.7904720306396484,2.036803059685811,1.6048508799472394,1.6932049220486078e-06,8.708745440344501e-07,0.00029969727620482445,6.728188509441679e-06,1.0219065416094963e-06,8.186353284145298e-07,8.223303780141578e-07,0.0016918136922555258,0.0016914763912594017
2021-07-30_02h22m33s_C6H13O9P_[M]-_-CH2O2_100,2021-07-30_02h22m33s,Myo-inositol 1-phosphate,C6H13O9P,[M]-,-CH2O2,100,0.7403583855645635,0.9159415324324803,0.02824858757062147,0.02824858757062147,0.030815441094671266,0.03534078615218175,0.028155288197459112,0.028155288197459112,0.7387951246605501,185,1.6323918104171753,-0.15717732906341553,288.933349609375,9.664802551269531,2.2833797931671143,1.781200885772705,1.7895691394805908,0.911660864930745,0.7145886228287773,8.861526907821826e-07,6.592739509869716e-08,0.00015684902609791607,5.325115125742741e-06,1.0261992429150268e-06,8.186353284145298e-07,8.202252956834855e-07,0.000885426441617301,0.000885244253799139
2021-07-30_02h22m33s_C6H13O9P_+Cl_-H2_57,2021-07-30_02h22m33s,Glucose 6-phosphate,C6H13O9P,+Cl,-H2,57,0.23967250264560447,0.40358214876800513,0.005649717514124294,0.005649717514124294,0.018478139948826345,0.026866209880995313,0.013572656236157131,0.013572656236157131,0.23893049785978449,179,0.34341418743133545,-0.5122267007827759,60.7843132019043,4.555903911590576,1.9358590841293335,0.8499152064323425,0.8556408882141113,0.4008846555845248,0.17730468377657363,2.2612810823829932e-07,-1.5387006158107397e-07,4.002467539976351e-05,2.9999284834048012e-06,8.445345542895666e-07,3.7794342233610223e-07,3.799981698193733e-07,0.00022604221261120515,0.00022593729638439993
2021-07-30_02h22m33s_C6H13O9P_+Cl_-H2_100,2021-07-30_02h22m33s,Myo-inositol 1-phosphate,C6H13O9P,+Cl,-H2,100,0.9586900105824179,1.679422512630631,0.022598870056497175,0.022598870056497175,0.018478139948826345,0.026776054814280564,0.013572656236157131,0.013572656236157131,0.9591219276254486,179,1.4290461540222168,0.5778443813323975,252.94117736816406,9.5388822555542,1.930084466934204,0.8499152064323425,0.8512017726898193,1.6768870938999498,0.740022603097717,8.638431268082059e-07,4.857254225498764e-07,0.00015290023293346167,6.046865564712789e-06,8.411424232690479e-07,3.7794342233610223e-07,3.7811767583662004e-07,0.0008635166159123508,0.0008631171223803219
2021-07-30_02h22m33s_C6H13O9P_[M]-_-CO2_57,2021-07-30_02h22m33s,Glucose 6-phosphate,C6H13O9P,[M]-,-CO2,57,0.6902742116266997,0.6881484058737364,0.11864406779661017,0.11864406779661017,0.1603960396039604,0.15810193532876549,0.1618796179811117,0.1618796179811117,0.6851349920188075,189,7.921901226043701,-3.707449436187744,1402.176513671875,21.99001121520996,10.675667762756348,11.510908126831055,11.629350662231445,0.6811403590580797,0.7419825550512906,3.847737389151007e-06,-1.61034267875948e-06,0.0006810494814999402,1.0766150808194652e-05,4.922651442029746e-06,5.405655429058243e-06,5.458080067910487e-06,0.0038268501347078774,0.0038288891026882865
2021-07-30_02h22m33s_C6H13O9P_[M]-_-CO2_100,2021-07-30_02h22m33s,Myo-inositol 1-phosphate,C6H13O9P,[M]-,-CO2,100,0.5587934094120902,0.44625380291935124,0.096045197740113,0.096045197740113,0.1603960396039604,0.15822214208438515,0.1618796179811117,0.1618796179811117,0.5532518202510669,189,5.137232780456543,-6.524470329284668,909.2901611328125,15.857471466064453,10.69048023223877,11.510908126831055,11.661703109741211,0.44048388543524675,0.4804978046880623,2.401248821115587e-06,-3.0672949833387975e-06,0.0004250210477039218,7.525176897615893e-06,4.930345312459394e-06,5.405655429058243e-06,5.468543804454384e-06,0.0023881889054726975,0.002389467919161079
2021-07-30_02h22m33s_C6H13O9P_-H_-CO2_57,2021-07-30_02h22m33s,Glucose 6-phosphate,C6H13O9P,-H,-CO2,57,1.3733718759718925,1.4773745554433393,0.14689265536723164,0.0,0.12337301145844921,0.16804904435629284,0.09695766961390577,0.09695766961390577,1.3666540928492132,9,19.38810157775879,6.188078880310059,3431.694091796875,46.72368621826172,35.3214111328125,13.12234878540039,13.20002269744873,1.4686817848973015,0.5488895280919357,8.824749784253072e-06,3.0823980523564387e-06,0.0015619806945323944,2.1770083549199626e-05,1.5469378922716714e-05,5.711300673283404e-06,5.742351731896633e-06,0.008774364298228846,0.008690315993196175
2021-07-30_02h22m33s_C6H13O9P_-H_-CO2_100,2021-07-30_02h22m33s,Myo-inositol 1-phosphate,C6H13O9P,-H,-CO2,100,3.0636757233219134,3.57979228706584,0.327683615819209,0.005649717514124294,0.12337301145844921,0.1670873903113355,0.09695766961390577,0.09695766961390577,3.052232070522054,9,46.97886276245117,33.818294525146484,8315.2587890625,71.93553161621094,35.17464828491211,13.12234878540039,13.160568237304688,3.569397044137638,1.335550730492203,2.4918981580412947e-05,1.9202860130462795e-05,0.004410659894347191,4.0170609281631187e-05,1.5383771824417636e-05,5.711300673283404e-06,5.7161209952028e-06,0.02477735124276864,0.024541441641950913
2021-07-30_02h22m33s_C6H13O9P_+Cl_-HPO3_57,2021-07-30_02h22m33s,Glucose 6-phosphate,C6H13O9P,+Cl,-HPO3,57,1.3733718759718925,1.4773745554433393,0.14689265536723164,0.0,0.12337301145844921,0.16804904435629284,0.09695766961390577,0.09695766961390577,1.3666540928492132,9,19.38810157775879,6.188078880310059,3431.694091796875,46.72368621826172,35.3214111328125,13.12234878540039,13.20002269744873,1.4686817848973015,0.5488895280919357,8.824749784253072e-06,3.0823980523564387e-06,0.0015619806945323944,2.1770083549199626e-05,1.5469378922716714e-05,5.711300673283404e-06,5.742351731896633e-06,0.008774364298228846,0.008690315993196175
2021-07-30_02h22m33s_C6H13O9P_+Cl_-HPO3_100,2021-07-30_02h22m33s,Myo-inositol 1-phosphate,C6H13O9P,+Cl,-HPO3,100,3.0636757233219134,3.57979228706584,0.327683615819209,0.005649717514124294,0.12337301145844921,0.1670873903113355,0.09695766961390577,0.09695766961390577,3.052232070522054,9,46.97886276245117,33.818294525146484,8315.2587890625,71.93553161621094,35.17464828491211,13.12234878540039,13.160568237304688,3.569397044137638,1.335550730492203,2.4918981580412947e-05,1.9202860130462795e-05,0.004410659894347191,4.0170609281631187e-05,1.5383771824417636e-05,5.711300673283404e-06,5.7161209952028e-06,0.02477735124276864,0.024541441641950913
2021-07-30_02h22m33s_C8H16NO9P_-H_-H2O_74,2021-07-30_02h22m33s,N-Acetylgalactosamine 6-phosphate,C8H16NO9P,-H,-H2O,74,79.09591482653826,8114.318958991209,0.9717514124293786,0.7005649717514124,0.0063188341306040716,0.008023800937612693,0.002285734535854138,0.002285734535854138,95.1014448459552,5,6448.5400390625,6448.4765625,1141391.625,12545.7998046875,5.7692389488220215,0.7937111854553223,0.06342548131942749,100093.00523639152,1117.5516466920233,0.0027757876086980104,0.0027757559437304735,0.4913144111633301,0.004765310790389776,2.5182848730764817e-06,4.1530887529006577e-07,3.160246819788881e-08,2.7756998897305185,2.7688149439084175
2021-07-30_02h22m33s_C8H16NO9P_[M]-_-HPO3_74,2021-07-30_02h22m33s,N-Acetylgalactosamine 6-phosphate,C8H16NO9P,[M]-,-HPO3,74,0.37717580153617086,1.57366938630971,0.005649717514124294,0.0,0.007197686060740905,0.010968866450294507,0.00497900313624041,0.00497900313624041,0.39692199195077715,3,2.711155652999878,1.2026373147964478,479.8745422363281,35.96754455566406,39.290122985839844,1.7218241691589355,1.5085183382034302,1.7960402231526313,0.06900173492055581,1.149925651589001e-06,3.929185368178878e-07,0.0002035368379438296,1.5255487596732564e-05,1.7192374798469245e-05,8.799751185506466e-07,7.570071147711133e-07,0.0011490558081669495,0.0011304898464430876
2021-07-30_02h22m33s_C8H16NO9P_+Cl_-CH2O2_74,2021-07-30_02h22m33s,N-Acetylgalactosamine 6-phosphate,C8H16NO9P,+Cl,-CH2O2,74,1.0148578300830173,9.24370589739932,0.011299435028248588,0.011299435028248588,0.0031037935254199576,0.006401009736747205,0.001134007831741588,0.001134007831741588,1.0171949812860557,67,0.5686274766921997,0.5091289281845093,100.64706420898438,5.3309645652771,0.9192811250686646,0.06051509827375412,0.059498563408851624,9.399024450372371,0.6178845368036565,2.0968245451058465e-07,1.8226036502255738e-07,3.711379395099357e-05,1.963342583621852e-06,3.446307914600766e-07,2.791327879947403e-08,2.7422091264384107e-08,0.00020967670473685134,0.00020961021637581692
2021-07-30_02h22m33s_C8H16NO9P_-H_-H3PO4_74,2021-07-30_02h22m33s,N-Acetylgalactosamine 6-phosphate,C8H16NO9P,-H,-H3PO4,74,3.711732523167935,6.355430002528718,0.096045197740113,0.096045197740113,0.02516408944265213,0.0405397283327323,0.01587610964438223,0.01587610964438223,3.6928279063749367,184,6.510070323944092,5.47564697265625,1152.282470703125,20.98977279663086,5.878021240234375,1.0233319997787476,1.0344231128692627,6.287352718932482,1.1073391399559833,3.2165526135941036e-06,2.7212067834625486e-06,0.0005693298298865557,1.0740865036495961e-05,2.6354439341957914e-06,4.901828560832655e-07,4.953457732881361e-07,0.003214960096698914,0.0032080978515708746
2021-07-30_02h22m33s_C8H16NO9P_-H__74,2021-07-30_02h22m33s,N-Acetylgalactosamine 6-phosphate,C8H16NO9P,-H,,74,84.26939362055698,10026.54030647297,0.9830508474576272,0.672316384180791,0.003092668817443542,0.00030051688904916455,0.0016655740028704573,0.0016655740028704573,98.30508474576271,1,21695.701171875,21695.701171875,3840139.25,42603.2265625,0.38954487442970276,2.162827253341675,0.0,21695701.171875,55552.38998733852,0.009350957348942757,0.009350957348942757,1.6551194190979004,0.016151979565620422,1.427111868679276e-07,1.1458068911451846e-06,0.0,9.350957348942757,9.349623053140075
2021-07-30_02h22m33s_C8H16NO9P_+Cl_-H3PO4_74,2021-07-30_02h22m33s,N-Acetylgalactosamine 6-phosphate,C8H16NO9P,+Cl,-H3PO4,74,5.562290832835387,9.068455048278398,0.1807909604519774,0.1807909604519774,0.03593280676382245,0.05793965620867893,0.022502967911122135,0.022502967911122135,5.557337991629294,189,12.197850227355957,10.85142993927002,2159.01953125,27.06014060974121,4.485010623931885,1.3440858125686646,1.346420407295227,9.052742678761687,2.7190863441747317,6.11123095950461e-06,5.469876214192482e-06,0.0010816878639161587,1.4069355529500172e-05,1.9652920855151024e-06,6.405689418897964e-07,6.413545747818716e-07,0.006107314005727407,0.006099244163223003
2021-07-30_02h22m33s_C8H16NO9P_[M]-_-H3PO4_74,2021-07-30_02h22m33s,N-Acetylgalactosamine 6-phosphate,C8H16NO9P,[M]-,-H3PO4,74,0.0,0.0,0.0,0.0,0.002135943931471799,0.004808270224786633,0.000567003915870794,0.000567003915870794,0.0,2,0.0,-0.29619020223617554,0.0,0.0,16.756938934326172,0.2888217866420746,0.29619020223617554,0.0,0.0,0.0,-1.5342165227139049e-07,0.0,0.0,7.969728358148132e-06,1.4960492933369096e-07,1.5342165227139049e-07,0.0,0.0
2021-07-30_02h22m33s_C8H16NO9P_-H_-H2_74,2021-07-30_02h22m33s,N-Acetylgalactosamine 6-phosphate,C8H16NO9P,-H,-H2,74,25.5998849641137,376.933126177842,0.7740112994350282,0.711864406779661,0.02496384469907665,0.02899987979324438,0.020234952247638962,0.020234952247638962,27.76206151336929,85,402.05755615234375,401.1294250488281,71164.1875,737.337890625,3.1609888076782227,1.0656548738479614,0.9281322360038757,432.72371851133,127.15337738578701,0.00017699906311463565,0.00017658737488090992,0.03132883459329605,0.0002823704853653908,1.2228539389980142e-06,4.804674631486705e-07,4.1168769371324743e-07,0.17692622476520467,0.17678288346923784
2021-07-30_02h22m33s_C8H16NO9P_+Cl_-NH3_74,2021-07-30_02h22m33s,N-Acetylgalactosamine 6-phosphate,C8H16NO9P,+Cl,-NH3,74,0.8668752937290077,0.9490202651408994,0.05084745762711865,0.05084745762711865,0.05685838246746023,0.07080177905998317,0.04865602353066251,0.04865602353066251,0.8627824290445993,188,2.83544921875,-0.166367769241333,501.87451171875,12.336952209472656,5.339090347290039,2.986764669418335,3.001816987991333,0.9442630803306832,0.5309740162334367,1.1910057082786807e-06,-7.239816568471724e-08,0.0002108080079779029,5.198755388846621e-06,2.1896801172260894e-06,1.2588501476784586e-06,1.263403873963398e-06,0.0011895028857247653,0.0011884034847967789
2021-07-30_02h22m33s_C8H16NO9P_[M]-_-CH2O3_74,2021-07-30_02h22m33s,N-Acetylgalactosamine 6-phosphate,C8H16NO9P,[M]-,-CH2O3,74,1.7256102737615402,2.0633397194212804,0.5480225988700564,0.5480225988700564,0.35958393592168203,0.44677845894939294,0.3075819054875348,0.3075819054875348,1.7345577316135263,189,55.77122116088867,28.885021209716797,9871.505859375,57.49269485473633,44.6761474609375,27.028587341308594,26.886199951171875,2.0742666124464884,1.248316518185299,2.691482222871855e-05,1.4426456800720189e-05,0.0047639235854148865,2.841836067091208e-05,2.0193470845697448e-05,1.2567847079480998e-05,1.248836542799836e-05,0.02658284593457144,0.02638207653535294
2021-07-30_02h22m33s_C8H16NO9P_+Cl_+HCl_74,2021-07-30_02h22m33s,N-Acetylgalactosamine 6-phosphate,C8H16NO9P,+Cl,+HCl,74,1.100290235496852,3.571496073241381,0.01694915254237288,0.01694915254237288,0.007175436644788074,0.010127419160956845,0.005404256073143505,0.005404256073143505,1.0969420247014767,138,1.096842885017395,0.7876904010772705,194.1411895751953,8.359511375427246,0.8316199779510498,0.3061102032661438,0.3091524839401245,3.5364633263073992,1.3173391391791454,5.191641321289353e-07,3.90209663692076e-07,9.189204865833744e-05,4.0472000364388805e-06,3.301581443793111e-07,1.2751235090036062e-07,1.2895446843685932e-07,0.0005190971922264447,0.0005189927824349403
2021-07-30_02h22m33s_C8H16NO9P_+Cl_-H2_74,2021-07-30_02h22m33s,N-Acetylgalactosamine 6-phosphate,C8H16NO9P,+Cl,-H2,74,0.8624994450535801,3.498505889006107,0.011299435028248588,0.011299435028248588,0.005718099899877628,0.010127419160956845,0.0031008026649184048,0.0031008026649184048,0.8644736183804437,98,0.6080204248428345,0.43653398752212524,107.61961364746094,5.704503536224365,1.3956605195999146,0.17279431223869324,0.17148642241954803,3.5250335435905416,0.43533873572728127,2.0407195222560404e-07,1.2411837246872892e-07,3.612073487602174e-05,1.9174713088432327e-06,5.270679253044364e-07,8.029894615901867e-08,7.995358686230247e-08,0.0002040556372454868,0.00020396444910657756
2021-07-30_02h22m33s_C8H16NO9P_[M]-_-H2_74,2021-07-30_02h22m33s,N-Acetylgalactosamine 6-phosphate,C8H16NO9P,[M]-,-H2,74,2.0186319480408383,3.3204021073555268,0.5819209039548022,0.5819209039548022,0.2929469351429525,0.3162940257242457,0.2782748905859631,0.2782748905859631,2.0335396265727623,189,70.4955062866211,49.446754455566406,12477.705078125,84.49869537353516,25.137042999267578,21.23001480102539,21.048749923706055,3.348994954435522,2.804335496151194,3.257505159126595e-05,2.3403366867569275e-05,0.005765784066170454,3.648831261671148e-05,1.0954235222015996e-05,9.265538210456725e-06,9.171684723696671e-06,0.03227899879115687,0.03222208331133024
2021-07-30_02h22m33s_C8H16NO9P_[M]-_-CH2O2_74,2021-07-30_02h22m33s,N-Acetylgalactosamine 6-phosphate,C8H16NO9P,[M]-,-CH2O2,74,0.9495717052098385,0.8391871241401193,0.9152542372881356,0.9152542372881356,0.95760373790188,0.9641783868253396,0.9538600563460141,0.9538600563460141,0.9497468232497321,189,732.0464477539062,-141.48974609375,129572.21875,556.8807983398438,905.8762817382812,872.3270263671875,873.5361938476562,0.838025504706299,0.8081077453992308,0.0003159839834552258,-4.848805838264525e-05,0.055929165333509445,0.00019195849017705768,0.0003706836432684213,0.00036438513780012727,0.0003644720418378711,0.23157966874104086,0.23053020659220533
2021-07-30_02h22m33s_C8H16NO9P_[M]-__74,2021-07-30_02h22m33s,N-Acetylgalactosamine 6-phosphate,C8H16NO9P,[M]-,,74,1.31812578858621,8.485473686253375,0.14689265536723164,0.14689265536723164,0.14293024808098787,0.2132768361581921,0.10144054432375924,0.10144054432375924,1.3599419115064033,189,53.99406433105469,47.96940612792969,9556.94921875,179.8570098876953,15.245649337768555,6.362117290496826,6.024656772613525,8.960693641970531,3.5413724769875943,2.7258958652964793e-05,2.4464543457725085e-05,0.004824835807085037,9.070881787920371e-05,6.762892098777229e-06,2.9674486086150864e-06,2.7944154226133833e-06,0.027182998063942043,0.027075847617047764
2021-07-30_02h22m33s_C8H16NO9P_-H_-CH2O3_74,2021-07-30_02h22m33s,N-Acetylgalactosamine 6-phosphate,C8H16NO9P,-H,-CH2O3,74,5.562290832835387,9.068455048278398,0.1807909604519774,0.1807909604519774,0.03593280676382245,0.05793965620867893,0.022502967911122135,0.022502967911122135,5.557337991629294,189,12.197850227355957,10.85142993927002,2159.01953125,27.06014060974121,4.485010623931885,1.3440858125686646,1.346420407295227,9.052742678761687,2.7190863441747317,6.11123095950461e-06,5.469876214192482e-06,0.0010816878639161587,1.4069355529500172e-05,1.9652920855151024e-06,6.405689418897964e-07,6.413545747818716e-07,0.006107314005727407,0.006099244163223003
2021-07-30_02h22m33s_C8H16NO9P_-H_-NH3_74,2021-07-30_02h22m33s,N-Acetylgalactosamine 6-phosphate,C8H16NO9P,-H,-NH3,74,0.800581359587719,0.8124767444875293,0.12994350282485875,0.12994350282485875,0.15863833574368671,0.16952157711263374,0.15231142690079202,0.15231142690079202,0.7976483621863838,189,8.372282981872559,-1.9705724716186523,1481.89404296875,22.255592346191406,11.909193992614746,10.303643226623535,10.342855453491211,0.8093967495501674,0.7029510171760452,3.834486506093526e-06,-6.715695235470776e-07,0.0006787041202187538,1.0171515896217898e-05,5.097683697385946e-06,4.496152541832998e-06,4.506056029640604e-06,0.003817285603283988,0.0038150386457840154
2021-07-30_02h22m33s_C8H16NO9P_+Cl_-CO2_74,2021-07-30_02h22m33s,N-Acetylgalactosamine 6-phosphate,C8H16NO9P,+Cl,-CO2,74,0.6682823602799404,1.1052691618753065,0.01694915254237288,0.01694915254237288,0.01825564578929803,0.02316985214569059,0.015362262345624324,0.015362262345624324,0.6675321590922736,188,1.010900616645813,0.0964086651802063,178.92941284179688,7.751529693603516,1.4185727834701538,0.9136193990707397,0.9144919514656067,1.1042157334397829,0.7121160876124017,5.112655685479695e-07,7.280704039658303e-08,9.049400978256017e-05,3.978469067078549e-06,6.506932663796761e-07,4.393102983613062e-07,4.384585281513864e-07,0.0005110414980449124,0.0005109331078151437
2021-07-30_02h22m33s_C8H16NO9P_[M]-_+H2_74,2021-07-30_02h22m33s,N-Acetylgalactosamine 6-phosphate,C8H16NO9P,[M]-,+H2,74,1.676836310315731,2.0781576120792984,0.423728813559322,0.423728813559322,0.28949827567026365,0.3681632407741315,0.24269539486507077,0.24269539486507077,1.6830395087385264,188,41.8937873840332,21.833982467651367,7415.2001953125,56.1143684387207,33.50365447998047,20.158100128173828,20.059804916381836,2.0883403013316952,1.2503870890256568,2.0239705918356776e-05,1.025449364533415e-05,0.00358242797665298,2.6680556402425282e-05,1.561327553645242e-05,1.0045226190413814e-05,9.985212273022626e-06,0.020039606196615788,0.019928555884291738
2021-07-30_02h22m33s_C8H16NO9P_[M]-_+C12H14N2_74,2021-07-30_02h22m33s,N-Acetylgalactosamine 6-phosphate,C8H16NO9P,[M]-,+C12H14N2,74,1.0338359767024659,1.1011942240818373,0.24858757062146894,0.24858757062146894,0.231772165980643,0.2339223464358697,0.23045165405673582,0.23045165405673582,1.0395271071478678,189,18.662769317626953,1.8235816955566406,3303.31005859375,34.054988861083984,17.319408416748047,16.946754455566406,16.839187622070312,1.1082281110198564,1.0775016886773237,9.084259545488749e-06,1.1284473657724448e-06,0.0016079138731583953,1.696575418463908e-05,7.994788575160783e-06,8.016591891646385e-06,7.955812179716304e-06,0.00901255733209567,0.009012208841208095
2021-07-30_02h22m33s_C8H16NO9P_-H_-CH2O2_74,2021-07-30_02h22m33s,N-Acetylgalactosamine 6-phosphate,C8H16NO9P,-H,-CH2O2,74,18.934182872833645,149.44766510809188,0.7288135593220338,0.7288135593220338,0.040838802981421736,0.05811996634210843,0.0284919467725074,0.0284919467725074,19.764551162289766,189,244.75552368164062,243.22628784179688,43321.7265625,390.96234130859375,3.838693141937256,1.6367340087890625,1.5292410850524902,159.94572755393315,63.743511430226725,0.00011147867917316034,0.00011079166870331392,0.019731726497411728,0.00015746749704703689,1.6652942349537625e-06,7.402765618280682e-07,6.870079118925787e-07,0.11140214501813109,0.11129334301065597
2021-07-30_02h22m33s_C8H16NO9P_[M]-_-NH3_74,2021-07-30_02h22m33s,N-Acetylgalactosamine 6-phosphate,C8H16NO9P,[M]-,-NH3,74,0.26585049429669977,0.5525936431591718,0.005649717514124294,0.005649717514124294,0.012348425853821338,0.0142445005409304,0.011251483955561067,0.011251483955561067,0.26865362857162806,167,0.36291128396987915,-0.2791343331336975,64.23529815673828,4.81456184387207,0.9156432151794434,0.6557416915893555,0.6420456171035767,0.5643632027297129,0.39591334770184833,1.211655842325854e-07,-1.8406890944788756e-07,2.1446308892336674e-05,1.6074433233370655e-06,4.053498230405239e-07,3.1248154641616566e-07,3.0523449368047295e-07,0.00012112861160215279,0.00012111648968492431
2021-07-30_02h22m33s_C8H16NO9P_-H_+HCl_74,2021-07-30_02h22m33s,N-Acetylgalactosamine 6-phosphate,C8H16NO9P,-H,+HCl,74,2.383536359374372,3.29909515977367,0.0903954802259887,0.0903954802259887,0.02821225942819001,0.028368794326241134,0.027924942856636603,0.027924942856636603,2.390170930739881,187,5.548355579376221,3.8725056648254395,982.0588989257812,17.72937774658203,1.7640323638916016,1.6807810068130493,1.6758500337600708,3.3087965337812064,3.1434865971199666,2.740111767707276e-06,1.8979045535161276e-06,0.0004849997931160033,8.98197504284326e-06,8.334770882356679e-07,8.438294685220171e-07,8.422072141911485e-07,0.0027378059677701646,0.002737829849256433
2021-07-30_02h22m33s_C8H16NO9P_+Cl__74,2021-07-30_02h22m33s,N-Acetylgalactosamine 6-phosphate,C8H16NO9P,+Cl,,74,2.383536359374372,3.29909515977367,0.0903954802259887,0.0903954802259887,0.02821225942819001,0.028368794326241134,0.027924942856636603,0.027924942856636603,2.390170930739881,187,5.548355579376221,3.8725056648254395,982.0588989257812,17.72937774658203,1.7640323638916016,1.6807810068130493,1.6758500337600708,3.3087965337812064,3.1434865971199666,2.740111767707276e-06,1.8979045535161276e-06,0.0004849997931160033,8.98197504284326e-06,8.334770882356679e-07,8.438294685220171e-07,8.422072141911485e-07,0.0027378059677701646,0.002737829849256433
2021-07-30_02h22m33s_C8H16NO9P_+Cl_-H2O_74,2021-07-30_02h22m33s,N-Acetylgalactosamine 6-phosphate,C8H16NO9P,+Cl,-H2O,74,11.98412224662094,100.9454146212443,0.15254237288135594,0.15254237288135594,0.004016019579486038,0.005409304002884962,0.002728706345128196,0.002728706345128196,11.98701241811669,93,15.879561424255371,15.723548889160156,2810.682373046875,43.52784729003906,0.32700833678245544,0.1563083976507187,0.15601250529289246,101.1356477283991,48.41206653472089,6.760769792890642e-06,6.692439910693793e-06,0.0011966562597081065,1.821178557293024e-05,1.3760430306319904e-07,6.851414013908652e-08,6.83298679859945e-08,0.00676030786194689,0.006759839609872306
2021-07-30_02h22m33s_C8H16NO9P_+Cl_+C12H14N2_74,2021-07-30_02h22m33s,N-Acetylgalactosamine 6-phosphate,C8H16NO9P,+Cl,+C12H14N2,74,1.126198620193671,3.992467434056648,0.01694915254237288,0.01694915254237288,0.006685949493825787,0.00940617862723885,0.005049878625724259,0.005049878625724259,1.1315404169014918,144,1.160784363746643,0.8750545978546143,205.45883178710938,8.853017807006836,0.5640667080879211,0.2897436022758484,0.2857297658920288,4.048356682241875,2.0542430603893083,4.776971422870702e-07,3.5464901770865254e-07,8.455239731119946e-05,3.660147285700077e-06,2.2622262463301013e-07,1.2512707314726867e-07,1.2304812457841763e-07,0.00047763836978144186,0.0004775891008271849
2021-07-30_02h22m33s_C8H16NO9P_-H_+H2_74,2021-07-30_02h22m33s,N-Acetylgalactosamine 6-phosphate,C8H16NO9P,-H,+H2,74,1.9665993295348319,3.5423331547302688,0.22598870056497175,0.22598870056497175,0.1133941484036044,0.12717874744560645,0.10491344330846784,0.10491344330846784,1.9780791143763876,189,24.74775505065918,17.808673858642578,4380.3525390625,52.364166259765625,8.885688781738281,6.985286712646484,6.93908166885376,3.565916977854034,2.784811717668636,1.3068404769001063e-05,9.780085747479461e-06,0.002313107717782259,3.0071041692281142e-05,4.135914423386566e-06,3.3187848202942405e-06,3.2883187941479264e-06,0.013025572534032866,0.01301457758983299
2021-07-30_02h22m33s_C8H16NO9P_-H_+C12H14N2_74,2021-07-30_02h22m33s,N-Acetylgalactosamine 6-phosphate,C8H16NO9P,-H,+C12H14N2,74,2.0328486461529187,3.413043685333838,0.288135593220339,0.288135593220339,0.13780175770386027,0.14728332732299554,0.13173981607810478,0.13173981607810478,2.0391323544261777,189,30.60649299621582,21.673107147216797,5417.34912109375,57.80007553100586,10.040177345275879,8.966506958007812,8.933385848999023,3.4256963504262425,3.048098041074377,1.3260703781270422e-05,9.15264172363095e-06,0.0023471445310860872,2.390403278695885e-05,4.499884653341724e-06,4.128514774492942e-06,4.108062057639472e-06,0.013206450861569926,0.013201299456442208
2021-07-30_02h22m33s_C8H16NO9P_+Cl_+H2_74,2021-07-30_02h22m33s,N-Acetylgalactosamine 6-phosphate,C8H16NO9P,+Cl,+H2,74,0.5247811770958871,0.6358933093991893,0.022598870056497175,0.0,0.036544665702525306,0.042523139800456786,0.033063415844215675,0.033063415844215675,0.5271342354902488,107,1.0611721277236938,-0.5962643623352051,187.8274688720703,6.978769302368164,2.907639980316162,1.6677895784378052,1.657436490058899,0.6398629878711887,0.3648344707165673,4.675107447837945e-07,-3.065619580411294e-07,8.274940046248958e-05,3.089660594923771e-06,1.2730570233543403e-06,7.806909820828878e-07,7.740727028249239e-07,0.00046714913738839394,0.00046691633366590225
2021-07-30_02h22m33s_C8H16NO9P_+Cl_-CH2O3_74,2021-07-30_02h22m33s,N-Acetylgalactosamine 6-phosphate,C8H16NO9P,+Cl,-CH2O3,74,1.441969522338813,9.655071874613025,0.01694915254237288,0.01694915254237288,0.0035376571365001667,0.006491164803461955,0.0017541683647252688,0.0017541683647252688,1.4387159500013986,88,0.9413980841636658,0.8432981967926025,166.62745666503906,7.175425052642822,0.5661264657974243,0.09650295972824097,0.09809985756874084,9.499489779898653,1.6599438413440752,5.40585915587144e-07,4.947067395733029e-07,9.568370296619833e-05,4.200510375085287e-06,2.3587242026223976e-07,4.5187519503997464e-08,4.587918311926842e-08,0.0005405611150847579,0.0005404584363477115
2021-07-30_02h22m33s_C8H16NO9P_-H_-HPO3_74,2021-07-30_02h22m33s,N-Acetylgalactosamine 6-phosphate,C8H16NO9P,-H,-HPO3,74,1.3686053281929496,1.459824917261438,0.15254237288135594,0.005649717514124294,0.10482812326176438,0.11028969828104339,0.1014582631961302,0.1014582631961302,1.3702925579881693,32,10.079207420349121,3.1711912155151367,1784.0196533203125,25.798654556274414,9.268097877502441,6.90339469909668,6.908016204833984,1.4588484266829582,1.0873989630439596,5.010942459193757e-06,1.6786680134828202e-06,0.0008869368466548622,1.3215204489824828e-05,4.267425993020879e-06,3.3351830097672064e-06,3.3322744457109366e-06,0.004994300080660759,0.004989649499224702
2021-07-30_02h22m33s_C8H16NO9P_[M]-_-CO2_74,2021-07-30_02h22m33s,N-Acetylgalactosamine 6-phosphate,C8H16NO9P,[M]-,-CO2,74,1.1845257433043597,1.3592207113552361,0.13559322033898305,0.13559322033898305,0.10714206252085882,0.11152181752614497,0.10447047149919379,0.10447047149919379,1.1853392427267917,189,20.326753616333008,5.370757102966309,3597.83544921875,53.488582611083984,18.043441772460938,14.95371150970459,14.9559965133667,1.3590130610893363,1.1264828179586739,1.0487025974725839e-05,2.8054546419298276e-06,0.001856203656643629,2.744858829828445e-05,9.121137736656237e-06,7.684138836339116e-06,7.681571332796011e-06,0.010407083222585206,0.0103922369501119
2021-07-30_02h22m33s_C22H45O9P_-H_-H2O_32,2021-07-30_02h22m33s,Lyso PG 16:0,C22H45O9P,-H,-H2O,32,15.483436307847311,75.38827856928877,0.3559322033898305,0.13559322033898305,0.014250750917788407,0.014575069118884482,0.012987933447915375,0.012987933447915375,15.422010525315935,2,56.241943359375,55.48930740356445,9954.82421875,130.56927490234375,9.91214370727539,0.7450303435325623,0.7526344656944275,74.627615799858,5.67347201050846,2.1352196199586615e-05,2.0947887605871074e-05,0.0037793386727571487,4.3928179366048425e-05,4.275361789041199e-06,3.991365815636527e-07,4.04309446366824e-07,0.021343566793912673,0.021261296465094275
2021-07-30_02h22m33s_C22H45O9P_-H_-CH2O2_32,2021-07-30_02h22m33s,Lyso PG 16:0,C22H45O9P,-H,-CH2O2,32,0.0,0.0,0.0,0.0,0.005184113917009679,0.0093160235605241,0.0027641440898701205,0.0027641440898701205,0.0,70,0.0,-0.14540044963359833,0.0,0.0,2.1735451221466064,0.14754825830459595,0.14540044963359833,0.0,0.0,0.0,-7.061154150278526e-08,0.0,0.0,8.954981467468315e-07,7.136635815641057e-08,7.061154150278526e-08,0.0,0.0
2021-07-30_02h22m33s_C22H45O9P_[M]-_-HPO3_32,2021-07-30_02h22m33s,Lyso PG 16:0,C22H45O9P,[M]-,-HPO3,32,0.0,0.0,0.0,0.0,0.00038936477917454667,0.0007813439115278278,0.0001594698513386608,0.0001594698513386608,0.0,7,0.0,-0.009479213505983353,0.0,0.0,0.0646677017211914,0.009245917201042175,0.009479213505983353,0.0,0.0,0.0,-4.019577559688514e-09,0.0,0.0,2.5450379581570814e-08,3.920649582767055e-09,4.019577559688514e-09,0.0,0.0
2021-07-30_02h22m33s_C22H45O9P_-H_-H2_32,2021-07-30_02h22m33s,Lyso PG 16:0,C22H45O9P,-H,-H2,32,11.815126632958838,109.0584327816814,0.7005649717514124,0.7005649717514124,0.05030592946935143,0.04856352927034499,0.04929390293601715,0.04929390293601715,12.019616941658278,188,287.2453918457031,284.6687927246094,50842.43359375,570.7606201171875,2.7605268955230713,2.632866859436035,2.5766053199768066,111.43885746181179,104.01687280735135,0.00011215872655157,0.00011098063987446949,0.01985209435224533,0.0001905827666632831,1.244256054633297e-06,1.2053319551341701e-06,1.178085994979483e-06,0.1120267494070305,0.1120193458023194
2021-07-30_02h22m33s_C22H45O9P_+Cl_-CH2O3_32,2021-07-30_02h22m33s,Lyso PG 16:0,C22H45O9P,+Cl,-CH2O3,32,0.7661331074993879,1.985961133766229,0.011299435028248588,0.011299435028248588,0.006663700077872956,0.009887005649717515,0.0047486577954179,0.0047486577954179,0.7618206195314378,122,0.5551345944404602,0.2715480923652649,98.25882720947266,5.192808628082275,0.687889575958252,0.27852943539619446,0.2835865020751953,1.9506708518936675,0.8058397366054824,2.414889195279102e-07,1.1021087686913233e-07,4.274353705113754e-05,2.3449908894690452e-06,2.8154326514595596e-07,1.289980247065614e-07,1.3127804265877785e-07,0.0002414572214964863,0.00024142094908562997
2021-07-30_02h22m33s_C22H45O9P_[M]-_-H2_32,2021-07-30_02h22m33s,Lyso PG 16:0,C22H45O9P,[M]-,-H2,32,6.599343566064936,48.817822448582874,0.096045197740113,0.096045197740113,0.006129714095005006,0.008324317826661858,0.0045537501993373145,0.0045537501993373145,6.588445874286886,119,12.458868980407715,12.203073501586914,2205.2197265625,50.05868148803711,0.7711011171340942,0.2542114853858948,0.25579556822776794,48.51668222466039,16.136317774869802,4.8542274271312635e-06,4.735561560664792e-06,0.0008591982768848538,1.8573542547528632e-05,3.1061287586453545e-07,1.1821465051298219e-07,1.1866582383390778e-07,0.004853651464581616,0.0048527201097821986
2021-07-30_02h22m33s_C22H45O9P_+Cl_+HCl_32,2021-07-30_02h22m33s,Lyso PG 16:0,C22H45O9P,+Cl,+HCl,32,1.6091321296767889,2.356267952193409,0.05084745762711865,0.05084745762711865,0.027667148737345645,0.03783507633128982,0.02159930542020306,0.02159930542020306,1.604518737651121,189,2.9347736835479736,1.686271071434021,519.4549560546875,12.764695167541504,2.529884099960327,1.2445178031921387,1.2485026121139526,2.3487535400848985,1.1595843853908512,1.0809460491145728e-06,5.365520792111056e-07,0.00019132744637317955,4.781953066412825e-06,1.0391356681793695e-06,5.428998406387109e-07,5.443939699034672e-07,0.0010803579087836934,0.0010798239655166496
2021-07-30_02h22m33s_C22H45O9P_[M]-_+C12H14N2_32,2021-07-30_02h22m33s,Lyso PG 16:0,C22H45O9P,[M]-,+C12H14N2,32,1.0011163670740355,1.1263626980221868,0.2994350282485876,0.2994350282485876,0.272510846590277,0.24423007573025604,0.2891011216046211,0.2891011216046211,0.9987166778370631,189,63.792362213134766,7.125904083251953,11291.248046875,126.45359802246094,44.01863479614258,56.63471984863281,56.66645812988281,1.1257318453727279,1.4491797241971864,2.7816169676952995e-05,1.682770744082518e-06,0.004923461936414242,5.31349542143289e-05,2.0071187464054674e-05,2.6103203708771616e-05,2.6133398932870477e-05,0.027107751980279052,0.027268851447618387
2021-07-30_02h22m33s_C22H45O9P_[M]-_-CH2O3_32,2021-07-30_02h22m33s,Lyso PG 16:0,C22H45O9P,[M]-,-CH2O3,32,0.4955983451895997,3.781172962795141,0.005649717514124294,0.005649717514124294,0.0016464567805095115,0.002043514845534319,0.0013997909173060227,0.0013997909173060227,0.49643348505541146,38,0.3088512420654297,0.2290198802947998,54.66666793823242,4.09737491607666,0.13092352449893951,0.08068133145570755,0.07983136922121048,3.820932950179271,2.3411384985239114,1.1541388289515453e-07,7.965752502059331e-08,2.042825690296013e-05,1.5311381957872072e-06,5.957506132858725e-08,3.6161601713047276e-08,3.5756361427274896e-08,0.00011540975626219738,0.00011540700751560404
2021-07-30_02h22m33s_C22H45O9P_+Cl_-CH2O2_32,2021-07-30_02h22m33s,Lyso PG 16:0,C22H45O9P,+Cl,-CH2O2,32,0.3964010434807772,1.178456486538129,0.005649717514124294,0.005649717514124294,0.005362109244632329,0.007242457026084866,0.004252529369030955,0.004252529369030955,0.39594343550124017,107,0.2842805087566376,0.0429469496011734,50.317649841308594,3.771407127380371,0.4432472288608551,0.2402312308549881,0.24133355915546417,1.173095916831986,0.639915097468573,1.3026867407006648e-07,1.8280516655977408e-08,2.3057555154082365e-05,1.7282094404436066e-06,1.8472233875854727e-07,1.1145863965111857e-07,1.1198815741408907e-07,0.00013025408715485034,0.00013024461498017663
2021-07-30_02h22m33s_C22H45O9P_[M]-_+HCl_32,2021-07-30_02h22m33s,Lyso PG 16:0,C22H45O9P,[M]-,+HCl,32,0.7526314530886294,0.8355899751488578,0.10734463276836158,0.10734463276836158,0.12895761486260984,0.12285130424329847,0.1326257596966529,0.1326257596966529,0.7537626659718206,189,7.627251625061035,-1.475581169128418,1350.0235595703125,22.579439163208008,8.292391777038574,9.126983642578125,9.102832794189453,0.8378066466608602,0.9196782004412427,3.345822278788546e-06,-8.206702659663279e-07,0.0005922105628997087,1.0095945071952883e-05,3.7212944334896747e-06,4.177175014774548e-06,4.166492544754874e-06,0.0033319397765499783,0.0033334176502422034
2021-07-30_02h22m33s_C22H45O9P_+Cl_-H2_32,2021-07-30_02h22m33s,Lyso PG 16:0,C22H45O9P,+Cl,-H2,32,2.638068084403083,5.71943569132517,0.3220338983050847,0.3220338983050847,0.1162309489375904,0.1221901670873903,0.11207186774633662,0.11207186774633662,2.6484462542501515,189,41.439239501953125,34.23186492919922,7334.7451171875,80.70759582519531,8.029006958007812,7.24433708190918,7.207373142242432,5.748764483224562,5.160548392878841,1.703872658254113e-05,1.3725370990869123e-05,0.0030158546287566423,3.050431769224815e-05,3.650681946965051e-06,3.329404989926843e-06,3.3133553642983316e-06,0.016982457665336716,0.016976749868278865
2021-07-30_02h22m33s_C22H45O9P_[M]-_-H2O_32,2021-07-30_02h22m33s,Lyso PG 16:0,C22H45O9P,[M]-,-H2O,32,3.4130683045306367,18.097215762842183,0.04519774011299435,0.04519774011299435,0.003648904216264323,0.004117081379973554,0.0032425536438861033,0.0032425536438861033,3.424795173631914,91,3.393685817718506,3.2096168994903564,600.682373046875,16.774307250976562,0.2480611354112625,0.18652530014514923,0.18406888842582703,18.337419360891914,13.62591482655324,1.4894271771481726e-06,1.4021399010744062e-06,0.0002636286080814898,7.188954441517126e-06,1.1571655988973362e-07,8.82116424349988e-08,8.728730449547584e-08,0.0014892971804117017,0.001489254845700629
2021-07-30_02h22m33s_C22H45O9P_+Cl_-CO2_32,2021-07-30_02h22m33s,Lyso PG 16:0,C22H45O9P,+Cl,-CO2,32,0.4511955218302819,0.6566936907474134,0.011299435028248588,0.011299435028248588,0.01599733007008566,0.01764034138718596,0.015043322642947003,0.015043322642947003,0.45122983244953,177,0.5815442800521851,-0.30338525772094727,102.93333435058594,5.441694736480713,1.061730146408081,0.8845639824867249,0.8849295377731323,0.6564227235429486,0.5472172611436169,2.5938305725503596e-07,-1.4763369904358115e-07,4.591080141835846e-05,2.4470236894558184e-06,4.730744649350527e-07,4.0690031255508075e-07,4.070167562986171e-07,0.0002592775269570328,0.0002592604077763483
2021-07-30_02h22m33s_C22H45O9P_-H_-CH2O3_32,2021-07-30_02h22m33s,Lyso PG 16:0,C22H45O9P,-H,-CH2O3,32,0.0,0.0,0.0,0.0,0.0049504950495049506,0.006521216492366871,0.004039902900579407,0.004039902900579407,0.0,78,0.0,-0.24665747582912445,0.0,0.0,0.5239953398704529,0.25208520889282227,0.24665747582912445,0.0,0.0,0.0,-1.0972742359172116e-07,0.0,0.0,2.1863979782210663e-07,1.1207666972268271e-07,1.0972742359172116e-07,0.0,0.0
2021-07-30_02h22m33s_C22H45O9P_-H_-HPO3_32,2021-07-30_02h22m33s,Lyso PG 16:0,C22H45O9P,-H,-HPO3,32,0.0,0.0,0.0,0.0,0.0009678495939481589,0.0022839283567736507,0.00019490759608058544,0.00019490759608058544,0.0,10,0.0,-0.01278883870691061,0.0,0.0,0.24931353330612183,0.01247408613562584,0.01278883870691061,0.0,0.0,0.0,-6.113400452534279e-09,0.0,0.0,9.306557302579677e-08,5.9629408077910284e-09,6.113400452534279e-09,0.0,0.0
2021-07-30_02h22m33s_C22H45O9P_[M]-_-CH2O2_32,2021-07-30_02h22m33s,Lyso PG 16:0,C22H45O9P,[M]-,-CH2O2,32,0.0,0.0,0.0,0.0,0.0014462120369340304,0.0021937732900589014,0.0010099757251448517,0.0010099757251448517,0.0,33,0.0,-0.05604735016822815,0.0,0.0,0.17743755877017975,0.05649193376302719,0.05604735016822815,0.0,0.0,0.0,-2.4731180658932317e-08,0.0,0.0,7.370638854808931e-08,2.4934992737257744e-08,2.4731180658932317e-08,0.0,0.0
2021-07-30_02h22m33s_C22H45O9P_-H_+H2_32,2021-07-30_02h22m33s,Lyso PG 16:0,C22H45O9P,-H,+H2,32,2.910261563606183,22.499486239590706,0.03389830508474576,0.03389830508474576,0.0018912003559906551,0.0021336699122490683,0.001647855130499495,0.001647855130499495,2.941044474695947,48,2.1280159950256348,2.041494607925415,376.6588134765625,11.543949127197266,0.12546852231025696,0.09358064830303192,0.08652127534151077,24.314270864107606,16.82644784767163,9.240488338946307e-07,8.87031774254865e-07,0.0001635566441109404,5.0021717470372096e-06,5.2851525822461554e-08,4.068690273584252e-08,3.701705253433829e-08,0.0009240146295965444,0.0009239999990848191
2021-07-30_02h22m33s_C22H45O9P_-H_-H3PO4_32,2021-07-30_02h22m33s,Lyso PG 16:0,C22H45O9P,-H,-H3PO4,32,0.0,0.0,0.0,0.0,0.0006786071865613528,0.0007813439115278278,0.0006201605329836809,0.0006201605329836809,0.0,20,0.0,-0.034707680344581604,0.0,0.0,0.04993860423564911,0.0347723513841629,0.034707680344581604,0.0,0.0,0.0,-1.7101239535577406e-08,0.0,0.0,2.0908236919581213e-08,1.7208252600653395e-08,1.7101239535577406e-08,0.0,0.0
2021-07-30_02h22m33s_C22H45O9P_[M]-_+H2_32,2021-07-30_02h22m33s,Lyso PG 16:0,C22H45O9P,[M]-,+H2,32,0.0,0.0,0.0,0.0,0.0005784848147736122,0.0007813439115278278,0.0004606906816450201,0.0004606906816450201,0.0,18,0.0,-0.02426823228597641,0.0,0.0,0.04859676584601402,0.024717828258872032,0.02426823228597641,0.0,0.0,0.0,-1.0802870598070058e-08,0.0,0.0,1.8927956091374654e-08,1.1028134849766502e-08,1.0802870598070058e-08,0.0,0.0
2021-07-30_02h22m33s_C22H45O9P_+Cl_-HPO3_32,2021-07-30_02h22m33s,Lyso PG 16:0,C22H45O9P,+Cl,-HPO3,32,0.0,0.0,0.0,0.0,0.0008232283902547558,0.0012020675561966582,0.0006024416606127186,0.0006024416606127186,0.0,21,0.0,-0.03416626155376434,0.0,0.0,0.07373859733343124,0.033325377851724625,0.03416626155376434,0.0,0.0,0.0,-1.6448993278572743e-08,0.0,0.0,3.052729269370502e-08,1.6044158002159747e-08,1.6448993278572743e-08,0.0,0.0
2021-07-30_02h22m33s_C22H45O9P_+Cl_-H3PO4_32,2021-07-30_02h22m33s,Lyso PG 16:0,C22H45O9P,+Cl,-H3PO4,32,0.0,0.0,0.0,0.0,0.0049504950495049506,0.006521216492366871,0.004039902900579407,0.004039902900579407,0.0,78,0.0,-0.24665747582912445,0.0,0.0,0.5239953398704529,0.25208520889282227,0.24665747582912445,0.0,0.0,0.0,-1.0972742359172116e-07,0.0,0.0,2.1863979782210663e-07,1.1207666972268271e-07,1.0972742359172116e-07,0.0,0.0
2021-07-30_02h22m33s_C22H45O9P_[M]-_-H3PO4_32,2021-07-30_02h22m33s,Lyso PG 16:0,C22H45O9P,[M]-,-H3PO4,32,0.0,0.0,0.0,0.0,0.00018912003559906553,0.00027046520014424813,0.0001417509789676985,0.0001417509789676985,0.0,7,0.0,-0.008332336321473122,0.0,0.0,0.016433795914053917,0.008127264678478241,0.008332336321473122,0.0,0.0,0.0,-3.8379481814843075e-09,0.0,0.0,6.895163107145663e-09,3.743490406549199e-09,3.8379481814843075e-09,0.0,0.0
2021-07-30_02h22m33s_C22H45O9P_-H_-CO2_32,2021-07-30_02h22m33s,Lyso PG 16:0,C22H45O9P,-H,-CO2,32,0.0,0.0,0.0,0.0,0.0008232283902547558,0.0012020675561966582,0.0006024416606127186,0.0006024416606127186,0.0,21,0.0,-0.03416626155376434,0.0,0.0,0.07373859733343124,0.033325377851724625,0.03416626155376434,0.0,0.0,0.0,-1.6448993278572743e-08,0.0,0.0,3.052729269370502e-08,1.6044158002159747e-08,1.6448993278572743e-08,0.0,0.0
2021-07-30_02h22m33s_C22H45O9P_[M]-__32,2021-07-30_02h22m33s,Lyso PG 16:0,C22H45O9P,[M]-,,32,0.49101915293997683,6.249200875289413,0.005649717514124294,0.005649717514124294,0.0018244521081321615,0.0023440317345834838,0.0015061041515317965,0.0015061041515317965,0.5302919958353467,38,0.7018943428993225,0.6634290814399719,124.23529815673828,9.31167984008789,0.14978258311748505,0.1113174557685852,0.03846525773406029,17.78511995611665,4.65500940750185,2.4960866085166344e-07,2.3277692662304617e-07,4.4180735130794346e-05,3.31143337461981e-06,6.870515534274091e-08,5.015463244717466e-08,1.683172889954676e-08,0.0002496044595770677,0.0002495915126280161
2021-07-30_02h22m33s_C6H8O7_-H__68,2021-07-30_02h22m33s,Citric acid,C6H8O7,-H,,68,69.55691356328833,4018.256870074867,0.9322033898305084,0.6892655367231638,0.0066525753698965405,0.007242457026084866,0.003402023495224764,0.003402023495224764,85.0325461255027,10,11790.60546875,11789.53515625,2086937.125,19157.20703125,9.737810134887695,2.9332587718963623,1.0703740119934082,11005.125508702879,1210.6823426521155,0.0050125690177083015,0.00501207634806633,0.8872247338294983,0.007467422168701887,3.913335604011081e-06,1.3594875554190367e-06,4.927299528389995e-07,5.010100391178837,4.993029617135683
2021-07-30_02h22m33s_C6H8O7_-H_-CH2O2_68,2021-07-30_02h22m33s,Citric acid,C6H8O7,-H,-CH2O2,68,3.7858155942054625,4.6588053196442685,0.23728813559322035,0.0,0.11757703860273667,0.22701045798773892,0.052678207558870954,0.052678207558870954,3.8029168125395363,67,34.87635040283203,27.433483123779297,6173.1142578125,64.19929504394531,49.60773468017578,7.485114574432373,7.442867279052734,4.685246135563852,0.7030284208552697,1.4040553651284426e-05,1.124288701248588e-05,0.00248517794534564,2.6128189347218722e-05,1.996160062844865e-05,2.811815420500352e-06,2.797666638798546e-06,0.014001382450705029,0.013765766909884989
2021-07-30_02h22m33s_C6H8O7_+Cl_-H2O_68,2021-07-30_02h22m33s,Citric acid,C6H8O7,+Cl,-H2O,68,0.0,0.0,0.0,0.0,0.012515296473467571,0.02160716432263493,0.007193862182610699,0.007193862182610699,0.0,136,0.0,-0.5927621722221375,0.0,0.0,7.696453094482422,0.5814440250396729,0.5927621722221375,0.0,0.0,0.0,-2.787784580959851e-07,0.0,0.0,3.448944426054368e-06,2.734211932420294e-07,2.787784580959851e-07,0.0,0.0
2021-07-30_02h22m33s_C6H8O7_-H_-H2O_68,2021-07-30_02h22m33s,Citric acid,C6H8O7,-H,-H2O,68,28.430706520093807,191.5110796568799,0.5875706214689266,0.3672316384180791,0.016920680832128155,0.02449212645750691,0.010666761167319311,0.010666761167319311,28.210483197163917,9,735.4866943359375,731.5684204101562,130181.1484375,1286.730224609375,73.08470916748047,3.8394393920898438,3.9182937145233154,187.65796796767788,10.063344841472684,0.0003102630435023457,0.00030851419433020055,0.054916560649871826,0.0005046185106039047,2.834887163771782e-05,1.7146404616141808e-06,1.7488609955762513e-06,0.30972138385462644,0.30170990804728554
2021-07-30_02h22m33s_C6H8O7_+Cl_-H2_68,2021-07-30_02h22m33s,Citric acid,C6H8O7,+Cl,-H2,68,0.4413986009173038,1.9813145259827254,0.005649717514124294,0.005649717514124294,0.0042496384469907665,0.00670152662579637,0.0027995818346120455,0.0027995818346120455,0.4458887777987861,95,0.290727823972702,0.1517391949892044,51.458824157714844,3.8569400310516357,0.7525932788848877,0.14573481678962708,0.13898862898349762,2.076795994673068,0.3857887697763173,9.415480661800757e-08,3.173074958340294e-08,1.6665400835336186e-05,1.2491045708884485e-06,3.060446260860772e-07,6.568333077439092e-08,6.242405703460463e-08,9.414892945986521e-05,9.412599986157495e-05
2021-07-30_02h22m33s_C6H8O7_+Cl_+H2_68,2021-07-30_02h22m33s,Citric acid,C6H8O7,+Cl,+H2,68,0.0,0.0,0.0,0.0,0.005973968183335188,0.013102536362543575,0.0017896061094671936,0.0017896061094671936,0.0,4,0.0,-2.588487148284912,0.0,0.0,254.3771514892578,2.524505376815796,2.588487148284912,0.0,0.0,0.0,-1.3062802963759168e-06,0.0,0.0,0.00010949958232231438,1.2739918702209252e-06,1.3062802963759168e-06,0.0,0.0
2021-07-30_02h22m33s_C6H8O7_-H_+C12H14N2_68,2021-07-30_02h22m33s,Citric acid,C6H8O7,-H,+C12H14N2,68,0.9155172390655236,0.6959712499538807,0.559322033898305,0.559322033898305,0.575748136611414,0.5331169611732179,0.6009355564611868,0.6009355564611868,0.9152911838124961,188,86.48543548583984,-37.91747283935547,15307.921875,89.34430694580078,90.0207748413086,124.26481628417969,124.40290832519531,0.69519870115145,0.960716844766695,4.060252467752434e-05,-2.2588796127820387e-05,0.007186646573245525,4.383445775602013e-05,4.490111314225942e-05,6.302269321167842e-05,6.319132080534473e-05,0.038189292823392125,0.03885776765556614
2021-07-30_02h22m33s_C6H8O7_[M]-_+C12H14N2_68,2021-07-30_02h22m33s,Citric acid,C6H8O7,[M]-,+C12H14N2,68,0.8168733230807292,0.6103950708215761,0.768361581920904,0.288135593220339,0.8951941261541885,0.8357975718235365,0.9306128957953116,0.9306128957953116,0.8170121135731917,189,153.3763427734375,-98.08258056640625,27147.611328125,121.2772216796875,185.67572021484375,251.27288818359375,251.45892333984375,0.6099434881563692,0.8260397027477006,7.209936302388087e-05,-5.3601535910274833e-05,0.012761587277054787,6.125987420091406e-05,9.120069444179535e-05,0.00012545175559353083,0.0001257008989341557,0.0640484191601397,0.0660734211324557
2021-07-30_02h22m33s_C6H8O7_+Cl_-CH2O2_68,2021-07-30_02h22m33s,Citric acid,C6H8O7,+Cl,-CH2O2,68,0.3479523635045154,0.5756498020900523,0.005649717514124294,0.005649717514124294,0.017654911558571587,0.03708378410866691,0.006237043074578734,0.006237043074578734,0.3457469829583836,100,0.2582917809486389,-0.19825896620750427,45.717647552490234,3.4266273975372314,7.251862525939941,0.4476960301399231,0.4565507471561432,0.5645095818420652,0.03561239166258226,9.609569673330043e-08,-1.1485970929925315e-07,1.7008938812068664e-05,1.2748537301376928e-06,2.997772298840573e-06,2.0665123656726792e-07,2.1095540603255358e-07,9.607542910214443e-05,9.580848471183739e-05
2021-07-30_02h22m33s_C6H8O7_+Cl_+C12H14N2_68,2021-07-30_02h22m33s,Citric acid,C6H8O7,+Cl,+C12H14N2,68,1.914292303279945,2.308972837241663,0.1638418079096045,0.1638418079096045,0.10020024474357549,0.14160355811996633,0.07558870953452522,0.07558870953452522,1.9145173447294406,188,10.0149564743042,5.674243927001953,1772.647216796875,23.96241569519043,9.799697875976562,4.336407661437988,4.340712547302246,2.3066834492594546,1.0218615654761511,4.008070845884504e-06,2.0548427528410684e-06,0.0007094285683706403,9.511213647783734e-06,4.183926193945808e-06,1.9507451725075953e-06,1.9532280930434354e-06,0.004000257430691471,0.003991371243190357
2021-07-30_02h22m33s_C6H8O7_-H_-H2_68,2021-07-30_02h22m33s,Citric acid,C6H8O7,-H,-H2,68,1.324834038344951,2.805008912668929,0.02824858757062147,0.02824858757062147,0.01932361775503393,0.03284649597307369,0.011322359445044918,0.011322359445044918,1.3228112139168529,185,1.8455744981765747,1.1865625381469727,326.66668701171875,11.068866729736328,2.2495691776275635,0.6569567322731018,0.659011960029602,2.7962743252316202,0.8200478867848383,7.937107966426993e-07,4.861105935560772e-07,0.0001404868089593947,4.778670245286776e-06,9.828935390032711e-07,3.069176557346509e-07,3.076002315083315e-07,0.0007934667260940586,0.0007929314294638066
2021-07-30_02h22m33s_C6H8O7_+Cl_-CO2_68,2021-07-30_02h22m33s,Citric acid,C6H8O7,+Cl,-CO2,68,0.8592281098233803,1.2978073612758276,0.022598870056497175,0.022598870056497175,0.022716653687840694,0.0335977881956966,0.01630136258128533,0.01630136258128533,0.8641584844240857,178,1.400598168373108,0.33072471618652344,247.9058837890625,9.602608680725098,2.9997594356536865,1.0782034397125244,1.0698734521865845,1.3079025962528705,0.4667479011252367,6.210844958332018e-07,1.4428383110498544e-07,0.00010993195610353723,4.298479780118214e-06,1.3006603012399864e-06,4.807431537301454e-07,4.7680066472821636e-07,0.0006207885034620954,0.0006202777252202643
2021-07-30_02h22m33s_C6H8O7_+Cl_+HCl_68,2021-07-30_02h22m33s,Citric acid,C6H8O7,+Cl,+HCl,68,0.2531846140090941,0.43279731047561376,0.005649717514124294,0.005649717514124294,0.01544109467126488,0.020795768722202186,0.012314616297818807,0.012314616297818807,0.25314774377853616,184,0.3069901466369629,-0.40274232625961304,54.337257385253906,4.072684288024902,1.313791275024414,0.7083162069320679,0.7097324728965759,0.4319348817506969,0.23348964392181754,1.829876623560267e-07,-1.3374537388699537e-07,3.238881618017331e-05,2.4276059775729664e-06,5.602382202596345e-07,3.155452930059255e-07,3.1673303624302207e-07,0.0001829297224696098,0.00018288520307534396
2021-07-30_02h22m33s_C6H8O7_[M]-_+H2_68,2021-07-30_02h22m33s,Citric acid,C6H8O7,[M]-,+H2,68,0.0,0.0,0.0,0.0,0.0014350873289576149,0.00288496213487198,0.0005847227882417563,0.0005847227882417563,0.0,63,0.0,-0.7273175120353699,0.0,0.0,2.4361889362335205,0.7582923173904419,0.7273175120353699,0.0,0.0,0.0,-2.675687653663772e-07,0.0,0.0,8.916625233723607e-07,2.770902938209474e-07,2.675687653663772e-07,0.0,0.0
2021-07-30_02h22m33s_C6H8O7_[M]-_+HCl_68,2021-07-30_02h22m33s,Citric acid,C6H8O7,[M]-,+HCl,68,0.703582659056749,1.645736563617742,0.011299435028248588,0.011299435028248588,0.007553676715986206,0.010067315783147013,0.006059854350869111,0.006059854350869111,0.6984833031882244,123,0.5750747919082642,0.2199244201183319,101.78823852539062,5.379333019256592,0.6967028379440308,0.34843307733535767,0.35515037178993225,1.6146965929533266,0.8242402934792079,2.4003676912798255e-07,7.353366981988074e-08,4.248650657245889e-05,2.2740005078958347e-06,3.0258135552685417e-07,1.6321821760811872e-07,1.665030993081018e-07,0.00023999680891547407,0.0002399641604470366
2021-07-30_02h22m33s_C6H8O7_[M]-_-CH2O3_68,2021-07-30_02h22m33s,Citric acid,C6H8O7,[M]-,-CH2O3,68,1.0057283766394232,1.2179221956805968,0.05649717514124294,0.05649717514124294,0.04476582489709645,0.04231277797812237,0.04617538139872779,0.04617538139872779,1.0114810319098544,189,3.581920862197876,0.6603701114654541,634.0,14.74856185913086,2.6556477546691895,2.940009593963623,2.921550750732422,1.2256145975566752,1.3482859577083464,1.6144608707691077e-06,1.1126553545182105e-07,0.0002857595682144165,6.725794264639262e-06,1.3588220326710143e-06,1.5102604038474965e-06,1.5031953353172867e-06,0.0016120376632733195,0.0016122700826581755
2021-07-30_02h22m33s_C6H8O7_[M]-_-H2O_68,2021-07-30_02h22m33s,Citric acid,C6H8O7,[M]-,-H2O,68,1.1475249962681195,1.2332340393833925,0.10734463276836158,0.0,0.07933029257981979,0.07203389830508475,0.08354448322908731,0.08354448322908731,1.1550299441367782,3,13.247591972351074,2.583981513977051,2344.82373046875,38.20222854614258,21.069307327270508,10.741155624389648,10.663610458374023,1.2422012059473633,0.6287327359105584,6.1165478655311745e-06,9.193959158437792e-07,0.0010826289653778076,1.7802007278078236e-05,9.327750376542099e-06,5.2340278671181295e-06,5.197151949687395e-06,0.006084923593016032,0.006060021497723927
2021-07-30_02h22m33s_C6H8O7_+Cl_-CH2O3_68,2021-07-30_02h22m33s,Citric acid,C6H8O7,+Cl,-CH2O3,68,0.8509897843378645,2.8682080170475035,0.011299435028248588,0.011299435028248588,0.013193903660028924,0.03002163721601154,0.003277991388628028,0.003277991388628028,0.8480045578588787,92,0.5499058961868286,0.35684406757354736,97.33334350585938,5.152892112731934,4.397526264190674,0.19072455167770386,0.19306184351444244,2.8336631572084574,0.1250204871262741,2.29019065045577e-07,1.4016943339356658e-07,4.0536375308874995e-05,2.151215994672384e-06,1.7796156726035406e-06,8.788839522821945e-08,8.884963165201043e-08,0.00022899871859378116,0.00022861222315030997
2021-07-30_02h22m33s_C6H8O7_[M]-_-CO2_68,2021-07-30_02h22m33s,Citric acid,C6H8O7,[M]-,-CO2,68,0.9021278865430309,0.8091962540474642,0.7401129943502824,0.7401129943502824,0.7961286016242074,0.7722081981007333,0.8104080656307032,0.8104080656307032,0.9015784519316227,189,192.99737548828125,-45.567596435546875,34160.53515625,162.7788848876953,192.12872314453125,238.5040283203125,238.56497192382812,0.8089895383315752,1.0045159714465277,9.298817894887179e-05,-2.843995753210038e-05,0.01645890809595585,8.349985000677407e-05,9.729654993861914e-05,0.00012124882050557062,0.00012142813648097217,0.08291942740144506,0.08474297941980533
2021-07-30_02h22m33s_C6H8O7_[M]-__68,2021-07-30_02h22m33s,Citric acid,C6H8O7,[M]-,,68,0.533843009391524,0.5625426858013219,0.5141242937853108,0.5141242937853108,0.9433974858159974,0.9292883760067315,0.9530627070893208,0.9530627070893208,0.5340291580729324,189,205.66778564453125,-160.44158935546875,36403.19921875,230.15719604492188,290.7488098144531,365.6028747558594,366.109375,0.5617644286768199,0.7073703187485544,9.748339653015137e-05,-9.155050793197006e-05,0.017254561185836792,0.00011596640979405493,0.00014861133240628988,0.0001884980156319216,0.00018903390446212143,0.08198538003359084,0.08487065535556572
2021-07-30_02h22m33s_C6H8O7_-H_+H2_68,2021-07-30_02h22m33s,Citric acid,C6H8O7,-H,+H2,68,0.8226021879892503,0.5942478261973715,0.4350282485875706,0.4350282485875706,0.5213260651907887,0.5259947109027527,0.5188440207665184,0.5188440207665184,0.8184468523065044,189,428.5086975097656,-298.6169128417969,75846.0390625,592.1346435546875,564.7792358398438,721.09326171875,727.1256103515625,0.5893178593788275,0.758717586624754,0.000199845468159765,-0.00018984382040798664,0.035372648388147354,0.0002869131858460605,0.00029421556973829865,0.00038566088187508285,0.00038968928856775165,0.1438058635148082,0.15441435942559048
2021-07-30_02h22m33s_C11H22N2O4S_-H_+HCl_119,2021-07-30_02h22m33s,Pantetheine,C11H22N2O4S,-H,+HCl,119,78.11872279278835,9826.24430956383,0.9943502824858758,0.8531073446327684,0.003704527756146401,9.015506671474937e-05,0.002728706345128196,0.002728706345128196,99.25470612565522,1,22409.27734375,22409.265625,3966442.25,29842.80859375,0.05445330962538719,2.2795536518096924,0.010973168537020683,1871624.6475994366,404110.7283791545,0.009431582875549793,0.00943158008158207,1.6693902015686035,0.011143629439175129,2.1358511403946068e-08,1.181074139822158e-06,3.1323064142441126e-09,9.431553333034792,9.431381435281853
2021-07-30_02h22m33s_C11H22N2O4S_+Cl__119,2021-07-30_02h22m33s,Pantetheine,C11H22N2O4S,+Cl,,119,78.11872279278835,9826.24430956383,0.9943502824858758,0.8531073446327684,0.003704527756146401,9.015506671474937e-05,0.002728706345128196,0.002728706345128196,99.25470612565522,1,22409.27734375,22409.265625,3966442.25,29842.80859375,0.05445330962538719,2.2795536518096924,0.010973168537020683,1871624.6475994366,404110.7283791545,0.009431582875549793,0.00943158008158207,1.6693902015686035,0.011143629439175129,2.1358511403946068e-08,1.181074139822158e-06,3.1323064142441126e-09,9.431553333034792,9.431381435281853
2021-07-30_02h22m33s_C11H22N2O4S_+Cl_-H2O_119,2021-07-30_02h22m33s,Pantetheine,C11H22N2O4S,+Cl,-H2O,119,1.0607936394409638,1.1352959986751707,0.7344632768361582,0.7344632768361582,0.6845477806207587,0.6879733141002524,0.6823714938781296,0.6823714938781296,1.0603699983683503,189,185.03158569335938,21.992477416992188,32750.58984375,129.33651733398438,174.76539611816406,162.97991943359375,163.0391082763672,1.1348838494373097,1.0587366324602514,9.006165055325255e-05,1.1538053513504565e-05,0.015940912067890167,7.135963824111968e-05,8.515709487255663e-05,7.856850425014272e-05,7.852359703974798e-05,0.08350457124948135,0.08299411299875396
2021-07-30_02h22m33s_C11H22N2O4S_+Cl_-NH3_119,2021-07-30_02h22m33s,Pantetheine,C11H22N2O4S,+Cl,-NH3,119,1.0284611088829716,1.064786488166173,0.8418079096045198,0.8418079096045198,0.813705640226944,0.8223644668830389,0.8085121462870103,0.8085121462870103,1.0289163576561142,189,119.1601791381836,7.364631652832031,21091.3515625,62.6834602355957,119.17242431640625,111.90892791748047,111.79554748535156,1.0658663600841238,0.9998888579538715,5.790199793409556e-05,5.292738933349028e-06,0.010248653590679169,3.421135988901369e-05,5.6256594689330086e-05,5.271411646390334e-05,5.260925900074653e-05,0.05500806442559945,0.05481811732605173
2021-07-30_02h22m33s_C11H22N2O4S_-H_+C12H14N2_119,2021-07-30_02h22m33s,Pantetheine,C11H22N2O4S,-H,+C12H14N2,119,4.814512209348576,10.830970931035637,0.15819209039548024,0.15819209039548024,0.027333407498053176,0.034228873662699846,0.022857345358541382,0.022857345358541382,4.80955752591286,187,14.548178672790527,13.206019401550293,2575.027587890625,39.07337951660156,2.375925302505493,1.3422017097473145,1.3421595096588135,10.831311224149413,6.120587238250794,6.4542919062660076e-06,5.839266123075504e-06,0.0011424096301198006,1.6289568520733155e-05,1.024907874125347e-06,6.158206247164344e-07,6.150260105641792e-07,0.006450324788744343,0.006447683624549338
2021-07-30_02h22m33s_C11H22N2O4S_+Cl_+HCl_119,2021-07-30_02h22m33s,Pantetheine,C11H22N2O4S,+Cl,+HCl,119,1.0889420011086806,1.13047764192809,0.4350282485875706,0.4350282485875706,0.3907998665035043,0.3927755739872581,0.38949625245849356,0.38949625245849356,1.0916745904500662,189,31.56900405883789,3.7079391479492188,5587.7138671875,38.59929275512695,29.9149227142334,27.924367904663086,27.861064910888672,1.1330461026418943,1.0552575750510944,1.4551384083461016e-05,9.632858564145863e-07,0.0025755949318408966,1.8037304471363313e-05,1.3976817172078881e-05,1.3619031960843131e-05,1.358809822704643e-05,0.014356309144625993,0.014350805498733158
2021-07-30_02h22m33s_C11H22N2O4S_+Cl_-CO2_119,2021-07-30_02h22m33s,Pantetheine,C11H22N2O4S,+Cl,-CO2,119,1.1068149911586393,1.0816398550679154,0.4406779661016949,0.4406779661016949,0.39118923128267885,0.3960812597667989,0.3881496181583004,0.3881496181583004,1.1123943571915615,189,52.89944076538086,4.258537292480469,9363.201171875,65.26375579833984,53.48853302001953,48.905704498291016,48.64090347290039,1.0875281802006875,0.988968079896719,2.5903906134772114e-05,2.7845035219797865e-06,0.0045849913731217384,3.4542921639513224e-05,2.5578639906598255e-05,2.327289621462114e-05,2.3119402612792328e-05,0.025318556239496567,0.02525784481737182
2021-07-30_02h22m33s_C11H22N2O4S_+Cl_+H2_119,2021-07-30_02h22m33s,Pantetheine,C11H22N2O4S,+Cl,+H2,119,0.5156904227342018,0.6180885576945578,0.11864406779661017,0.11864406779661017,0.21867838469240183,0.21685298713787715,0.2200683948473519,0.2200683948473519,0.5156995714217091,189,9.780791282653809,-6.041379928588867,1731.2000732421875,27.589197158813477,16.381969451904297,15.82325553894043,15.822171211242676,0.6181309139664977,0.597009675893458,4.926564088236773e-06,-2.482051968399901e-06,0.0008720018668100238,1.4289753380580805e-05,7.571530204586452e-06,7.416902917611878e-06,7.408616056636674e-06,0.004890333485057071,0.004889542767486135
2021-07-30_02h22m33s_C11H22N2O4S_[M]-_+C12H14N2_119,2021-07-30_02h22m33s,Pantetheine,C11H22N2O4S,[M]-,+C12H14N2,119,1.0668479270349136,1.8828186539292082,0.02824858757062147,0.02824858757062147,0.01805540104572255,0.02067556196658252,0.01647855130499495,0.01647855130499495,1.065407046346668,178,1.829888105392456,0.8573026061058044,323.89019775390625,11.014954566955566,1.2656627893447876,0.9708876013755798,0.9725854992866516,1.8795350862694846,1.4446529264027805,6.822548925811134e-07,2.4995006242534146e-07,0.00012075911945430562,4.16277634940343e-06,5.415935788732895e-07,4.3165505303477403e-07,4.323048301557719e-07,0.0006819600779454442,0.0006818855877252752
2021-07-30_02h22m33s_C11H22N2O4S_+Cl_-CH2O2_119,2021-07-30_02h22m33s,Pantetheine,C11H22N2O4S,+Cl,-CH2O2,119,1.4188275145491602,1.519703365864694,0.3898305084745763,0.3898305084745763,0.27208810768717323,0.2838983050847458,0.26475539096691886,0.26475539096691886,1.423716308138385,189,106.33699798583984,36.75743865966797,18821.6484375,143.34889221191406,83.59431457519531,69.97120666503906,69.57955932617188,1.5282573037012435,1.2720449528327096,4.975180490873754e-05,1.6444460925413296e-05,0.008806069381535053,7.268779154401273e-05,3.956538421334699e-05,3.3523374440846965e-05,3.3307343983324245e-05,0.04814811894876114,0.047858273913559936
2021-07-30_02h22m33s_C11H22N2O4S_+Cl_+C12H14N2_119,2021-07-30_02h22m33s,Pantetheine,C11H22N2O4S,+Cl,+C12H14N2,119,2.1586335264956924,3.9992177990125555,0.0903954802259887,0.0903954802259887,0.03503170541773278,0.04008895299915855,0.031876251395361196,0.031876251395361196,2.183801309708482,189,7.64205265045166,5.764074325561523,1352.643310546875,27.153337478637695,2.4652111530303955,1.9098868370056152,1.8779780864715576,4.067132397910133,3.0987016829687795,3.7546196836046875e-06,2.914396418418619e-06,0.0006645676912739873,1.3841467989550438e-05,1.0650794592947932e-06,8.544320166947728e-07,8.402232083426497e-07,0.0037514676134505205,0.0037506249699896335
2021-07-30_02h22m33s_C11H22N2O4S_[M]-_-NH3_119,2021-07-30_02h22m33s,Pantetheine,C11H22N2O4S,[M]-,-NH3,119,0.8679006505071569,0.8889630961991797,0.2994350282485876,0.2994350282485876,0.3294137278896429,0.32008053852626517,0.3350107199177844,0.3350107199177844,0.8673067051520176,189,22.35316276550293,-2.802549362182617,3956.509765625,36.053836822509766,24.685123443603516,25.144208908081055,25.155712127685547,0.8885566067635187,0.9054950574386321,9.987998964788858e-06,-1.680258719716221e-06,0.0017678758595138788,1.6730982679291628e-05,1.129332940763561e-05,1.1673655535560101e-05,1.1668257684505079e-05,0.0098728005835127,0.009876460839150716
2021-07-30_02h22m33s_C11H22N2O4S_[M]-_-H2O_119,2021-07-30_02h22m33s,Pantetheine,C11H22N2O4S,[M]-,-H2O,119,0.7566977816251304,0.8815565168096507,0.05084745762711865,0.05084745762711865,0.05847146512404049,0.06067435989902632,0.05719652001346634,0.05719652001346634,0.7606603767892015,189,3.0458626747131348,-0.38459086418151855,539.11767578125,13.496341705322266,3.7646987438201904,3.4540963172912598,3.4304535388946533,0.8876304575274169,0.8088439575023457,1.2189644849058823e-06,-3.826894499070477e-07,0.00021575670689344406,5.372906798584154e-06,1.7160888319267542e-06,1.6129708910739282e-06,1.60165393481293e-06,0.0012170152476457632,0.0012168762172196743
2021-07-30_02h22m33s_C11H22N2O4S_[M]-_-H2_119,2021-07-30_02h22m33s,Pantetheine,C11H22N2O4S,[M]-,-H2,119,0.6766247008769948,0.8356362119995613,0.07909604519774012,0.07909604519774012,0.10022249415952832,0.08901310253636255,0.10689795701401562,0.10689795701401562,0.6780984475836057,189,6.409106731414795,-1.2467503547668457,1134.411865234375,22.292570114135742,6.251347064971924,7.6687331199646,7.655857086181641,0.8370414465461729,1.0250721312834823,3.4319759834033903e-06,-3.965542418882251e-07,0.000607459747698158,1.2411200259521138e-05,3.1198646865959745e-06,3.842098522000015e-06,3.828530225291615e-06,0.0034188866724411027,0.003421301984160826
2021-07-30_02h22m33s_C11H22N2O4S_[M]-_+H2_119,2021-07-30_02h22m33s,Pantetheine,C11H22N2O4S,[M]-,+H2,119,1.2364227219993684,1.3946913156303258,0.07909604519774012,0.07909604519774012,0.05535654689064412,0.05757903594181993,0.0539716852419512,0.0539716852419512,1.2426917665885173,188,4.711222171783447,1.3559811115264893,833.8862915039062,16.159915924072266,3.6048035621643066,3.376967668533325,3.355241060256958,1.4037198422877142,1.3065665088409966,2.5028755317180185e-06,9.320598337581032e-07,0.00044300896115601063,8.649889423395507e-06,1.669899347689352e-06,1.5834169744266546e-06,1.5708156979599153e-06,0.002498950141607163,0.002498702949292925
2021-07-30_02h22m33s_C11H22N2O4S_+Cl_-CH2O3_119,2021-07-30_02h22m33s,Pantetheine,C11H22N2O4S,+Cl,-CH2O3,119,1.145829089836771,1.1868178911452985,0.3389830508474576,0.3389830508474576,0.2813994882634331,0.2735605241014545,0.285840849088364,0.285840849088364,1.1495379068755254,189,28.81794548034668,4.61817741394043,5100.7763671875,42.471466064453125,25.43263053894043,24.280691146850586,24.19976806640625,1.1907863998890869,1.133064563323929,1.3580300219473429e-05,2.0063134797965176e-06,0.0024037130642682314,2.0655115804402158e-05,1.187305952043971e-05,1.1604452993196901e-05,1.1573986739676911e-05,0.013424920369139786,0.013420952452187614
2021-07-30_02h22m33s_C11H22N2O4S_-H_-NH3_119,2021-07-30_02h22m33s,Pantetheine,C11H22N2O4S,-H,-NH3,119,0.9218654027921335,0.9002086145295682,0.21468926553672316,0.21468926553672316,0.21781065747024142,0.20921985815602837,0.22288569555433493,0.22288569555433493,0.9236160769129889,189,13.926421165466309,-1.499227523803711,2464.9765625,27.092836380004883,14.794900894165039,15.469215393066406,15.42564868927002,0.9027509114894675,0.9412350937656239,6.5305857788189314e-06,-8.092188181763049e-07,0.0011559136910364032,1.3026596207055263e-05,6.976476470299531e-06,7.366790669038892e-06,7.339804596995236e-06,0.006483001812314576,0.0064853409502774505
2021-07-30_02h22m33s_C11H22N2O4S_-H_-CH2O2_119,2021-07-30_02h22m33s,Pantetheine,C11H22N2O4S,-H,-CH2O2,119,1.4357966594226825,3.234213252060397,0.02824858757062147,0.02824858757062147,0.011280453888085438,0.01391393196297632,0.009674504314545423,0.009674504314545423,1.4364781146584236,158,1.831837773323059,1.2674747705459595,324.23529052734375,10.953561782836914,0.9250068664550781,0.5653936266899109,0.5643630027770996,3.2401090349473765,1.9782118682722791,7.318654979826533e-07,4.5497333189814526e-07,0.00012954018893651664,4.587439434544649e-06,4.3383607817304437e-07,2.7785350198428205e-07,2.7689216608450806e-07,0.0007316629062556965,0.0007315481260126691
2021-07-30_02h22m33s_C11H22N2O4S_[M]-__119,2021-07-30_02h22m33s,Pantetheine,C11H22N2O4S,[M]-,,119,0.0,0.0,0.0,0.0,0.06311046835020581,0.06091477341026566,0.06460300866452859,0.06460300866452859,0.0,187,0.0,-4.004334449768066,0.0,0.0,3.8673641681671143,4.105391502380371,4.004334449768066,0.0,0.0,0.0,-1.987831183214439e-06,0.0,0.0,1.9001017790287733e-06,2.04140314963297e-06,1.987831183214439e-06,0.0,0.0
2021-07-30_02h22m33s_C11H22N2O4S_+Cl_-H2_119,2021-07-30_02h22m33s,Pantetheine,C11H22N2O4S,+Cl,-H2,119,11.803153310876679,214.16120372912061,0.14689265536723164,0.14689265536723164,0.0036377795082879073,0.004898425291501383,0.002445204387192799,0.002445204387192799,11.796116932988827,51,113.3607177734375,112.83326721191406,20064.84765625,295.1307373046875,7.170103073120117,0.5283242464065552,0.5274490118026733,214.51590454627853,15.807988898995802,4.696770338341594e-05,4.664155494538136e-05,0.008313283324241638,0.00012479069118853658,2.8536408080981346e-06,3.2663555771250685e-07,3.2614701694910764e-07,0.04695239000147832,0.04683405581054621
2021-07-30_02h22m33s_C11H22N2O4S_[M]-_-CO2_119,2021-07-30_02h22m33s,Pantetheine,C11H22N2O4S,[M]-,-CO2,119,0.529330988171112,8.303817996832997,0.005649717514124294,0.005649717514124294,0.0008343530982311714,0.0010818608005769925,0.0006733171500965679,0.0006733171500965679,0.5284866528388144,31,0.3229866027832031,0.28413069248199463,57.16862869262695,4.284901142120361,0.06118570640683174,0.037896156311035156,0.0388559028506279,8.103858642813675,5.193904217637378,1.6205702024763013e-07,1.447505297846874e-07,2.8684091375907883e-05,2.1499290596693754e-06,2.6559117571878232e-08,1.6879017294968435e-08,1.7306488686585908e-08,0.00016205421565818024,0.00016205271627048586
2021-07-30_02h22m33s_C11H22N2O4S_[M]-_-CH2O3_119,2021-07-30_02h22m33s,Pantetheine,C11H22N2O4S,[M]-,-CH2O3,119,0.0,0.0,0.0,0.0,0.0027255534542218267,0.0029150138237768962,0.002622393110902422,0.002622393110902422,0.0,73,0.0,-0.15614858269691467,0.0,0.0,0.16987334191799164,0.15555807948112488,0.15614858269691467,0.0,0.0,0.0,-7.554437786438939e-08,0.0,0.0,7.816077385314202e-08,7.549164138254127e-08,7.554437786438939e-08,0.0,0.0
2021-07-30_02h22m33s_C11H22N2O4S_[M]-_-CH2O2_119,2021-07-30_02h22m33s,Pantetheine,C11H22N2O4S,[M]-,-CH2O2,119,0.9671447210053014,6.321451286032636,0.011299435028248588,0.011299435028248588,0.001635332072533096,0.0015025844452458228,0.0016832928752414196,0.0016832928752414196,0.9666238786812661,42,0.6065802574157715,0.5111701488494873,107.36470794677734,5.686182498931885,0.08825120329856873,0.09495585411787033,0.09541011601686478,6.291666087297975,6.796325819682242,2.1485958257017046e-07,1.6799702962089214e-07,3.8030146242817864e-05,2.0098309505556244e-06,4.005176634791496e-08,4.6461813951736985e-08,4.6862549396564646e-08,0.00021484951417419964,0.00021485097740902364
2021-07-30_02h22m33s_C6H14NO8P_-H_-NH3_106,2021-07-30_02h22m33s,Glucosamine 6-phosphate,C6H14NO8P,-H,-NH3,106,0.0,0.0,0.0,0.0,0.014184002669929915,0.028098329126096888,0.006024416606127186,0.006024416606127186,0.0,11,0.0,-6.825985431671143,0.0,0.0,139.14356994628906,6.676715850830078,6.825985431671143,0.0,0.0,0.0,-3.6602689306164393e-06,0.0,0.0,5.969407720840536e-05,3.577093593776226e-06,3.6602689306164393e-06,0.0,0.0
2021-07-30_02h22m33s_C6H14NO8P_-H_-H2O_106,2021-07-30_02h22m33s,Glucosamine 6-phosphate,C6H14NO8P,-H,-H2O,106,80.02095976625358,8005.191066438495,0.9661016949152542,0.711864406779661,0.005551229280231394,0.006340906358937372,0.0020731080674025906,0.0020731080674025906,94.71720215200499,5,4023.841064453125,4023.8056640625,712219.875,7278.681640625,1.7707663774490356,0.5016539692878723,0.03536408767104149,110654.2559476202,2271.090091599207,0.0015688050771132112,0.0015687865670770407,0.2776784896850586,0.002590326126664877,7.506384349653672e-07,2.3980567220860394e-07,1.8564497494821808e-08,1.5687759535759511,1.5676283550181929
2021-07-30_02h22m33s_C6H14NO8P_+Cl_-CH2O2_106,2021-07-30_02h22m33s,Glucosamine 6-phosphate,C6H14NO8P,+Cl,-CH2O2,106,0.0,0.0,0.0,0.0,0.007142062520858828,0.012952277918018992,0.003738682070273048,0.003738682070273048,0.0,29,0.0,-0.19887086749076843,0.0,0.0,3.280719041824341,0.19736574590206146,0.19887086749076843,0.0,0.0,0.0,-9.104407183713192e-08,0.0,0.0,1.2891628102806862e-06,9.011194634922504e-08,9.104407183713192e-08,0.0,0.0
2021-07-30_02h22m33s_C6H14NO8P_+Cl_-HPO3_106,2021-07-30_02h22m33s,Glucosamine 6-phosphate,C6H14NO8P,+Cl,-HPO3,106,2.005106234415324,2.5627176901889976,0.1016949152542373,0.1016949152542373,0.057192123706752696,0.08489602115638899,0.04071796870847139,0.04071796870847139,2.0023210043618875,189,5.814955234527588,3.5412745475769043,1029.2470703125,17.56386375427246,7.8985981941223145,2.2680580615997314,2.2736806869506836,2.5563830861565053,0.7361077223970958,2.571980303400778e-06,1.4603245972466539e-06,0.00045524051529355347,7.971717423060909e-06,3.5323612337379018e-06,1.1067691048083361e-06,1.1116557061541243e-06,0.0025691243216887536,0.0025629271190007246
2021-07-30_02h22m33s_C6H14NO8P_[M]-_-CO2_106,2021-07-30_02h22m33s,Glucosamine 6-phosphate,C6H14NO8P,[M]-,-CO2,106,4.251884990793998,9.37165545301611,0.3954802259887006,0.3954802259887006,0.20073423072644342,0.3993568938574348,0.08301291705795844,0.08301291705795844,4.267749909500839,189,50.90349197387695,45.49884796142578,9009.91796875,71.11508178710938,46.260250091552734,5.430643558502197,5.404644012451172,9.416730338998947,1.1003483881896199,2.1783027477795258e-05,1.9198745576431975e-05,0.0038555958308279514,3.070254751946777e-05,2.0896834030281752e-05,2.5920280677382834e-06,2.5842823561106343e-06,0.02172687908751604,0.021337148624313525
2021-07-30_02h22m33s_C6H14NO8P_[M]-_-H2O_106,2021-07-30_02h22m33s,Glucosamine 6-phosphate,C6H14NO8P,[M]-,-H2O,106,3.565851667659744,10.232474373361002,0.11299435028248588,0.11299435028248588,0.060396039603960394,0.12576631806707536,0.02168789978205787,0.02168789978205787,3.5940875170758337,188,13.246548652648926,11.968642234802246,2344.63916015625,43.90082550048828,9.403413772583008,1.2935596704483032,1.2779066562652588,10.357713432606806,1.4085459203493385,6.237369689188199e-06,5.638927632389823e-06,0.0011040144599974155,2.1007583200116642e-05,3.996927716798382e-06,6.047303031664342e-07,5.984421704852139e-07,0.006233639216605392,0.006212538621380722
2021-07-30_02h22m33s_C6H14NO8P_-H_-CH2O2_106,2021-07-30_02h22m33s,Glucosamine 6-phosphate,C6H14NO8P,-H,-CH2O2,106,6.005560716526102,14.485008023579065,0.2655367231638418,0.2655367231638418,0.04376460117921904,0.05878110349801659,0.03421514254832823,0.03421514254832823,6.0258684105458284,189,29.90182876586914,27.84780502319336,5292.62353515625,61.743717193603516,3.8479397296905518,2.0633294582366943,2.0540239810943604,14.550598455763783,7.768848271436352,1.2059842447342817e-05,1.1108135367976502e-05,0.0021345920395106077,2.3738073650747538e-05,1.7263398603972746e-06,9.534489890938858e-07,9.517074204268283e-07,0.012048375918577015,0.012039058940013
2021-07-30_02h22m33s_C6H14NO8P_-H_-CO2_106,2021-07-30_02h22m33s,Glucosamine 6-phosphate,C6H14NO8P,-H,-CO2,106,2.005106234415324,2.5627176901889976,0.1016949152542373,0.1016949152542373,0.057192123706752696,0.08489602115638899,0.04071796870847139,0.04071796870847139,2.0023210043618875,189,5.814955234527588,3.5412745475769043,1029.2470703125,17.56386375427246,7.8985981941223145,2.2680580615997314,2.2736806869506836,2.5563830861565053,0.7361077223970958,2.571980303400778e-06,1.4603245972466539e-06,0.00045524051529355347,7.971717423060909e-06,3.5323612337379018e-06,1.1067691048083361e-06,1.1116557061541243e-06,0.0025691243216887536,0.0025629271190007246
2021-07-30_02h22m33s_C6H14NO8P_+Cl_+H2_106,2021-07-30_02h22m33s,Glucosamine 6-phosphate,C6H14NO8P,+Cl,+H2,106,0.7253801198522717,0.9023231551170577,0.07344632768361582,0.07344632768361582,0.0914562242741128,0.09189806467123453,0.09125219271045591,0.09125219271045591,0.7253177370556958,189,5.099368572235107,-0.5567708015441895,902.5882568359375,19.82640266418457,6.953126907348633,5.65037727355957,5.656139373779297,0.9014040905321435,0.7332866713787539,1.9167791833751835e-06,-5.526435415958986e-07,0.000339269929099828,7.141266451071715e-06,2.9367533898039255e-06,2.4628818664496066e-06,2.469422724971082e-06,0.001912057505120587,0.001911166558506011
2021-07-30_02h22m33s_C6H14NO8P_+Cl_-NH3_106,2021-07-30_02h22m33s,Glucosamine 6-phosphate,C6H14NO8P,+Cl,-NH3,106,0.4106973573742324,1.2682563507183644,0.005649717514124294,0.005649717514124294,0.009233507620424963,0.018541892054333455,0.00375640094264401,0.00375640094264401,0.4116500555697658,136,0.2747313678264618,0.060484305024147034,48.6274528503418,3.644723653793335,2.278589963912964,0.21562132239341736,0.21424706280231476,1.2763536201131722,0.12051788794282971,1.1506200081612405e-07,1.3203830917518644e-08,2.036597470578272e-05,1.5264699868566822e-06,9.57228849074454e-07,1.0238490943947909e-07,1.0185816989860541e-07,0.0001150502820049527,0.00011495196547851021
2021-07-30_02h22m33s_C6H14NO8P_+Cl_-H2O_106,2021-07-30_02h22m33s,Glucosamine 6-phosphate,C6H14NO8P,+Cl,-H2O,106,4.574139608367782,59.1879264267209,0.05084745762711865,0.05084745762711865,0.0018467015240849927,0.002824858757062147,0.0011162889593706257,0.0011162889593706257,4.59245826681426,50,3.8883349895477295,3.8266472816467285,688.2352905273438,17.97132682800293,0.1774817407131195,0.06469473242759705,0.061687763780355453,62.02701699763331,21.785617811726738,1.485494749431382e-06,1.4557504073309246e-06,0.00026293256087228656,6.778802344342694e-06,7.304218030412812e-08,3.092374001312237e-08,2.9744347429527807e-08,0.0014854505656736671,0.0014853862535808265
2021-07-30_02h22m33s_C6H14NO8P_-H_+C12H14N2_106,2021-07-30_02h22m33s,Glucosamine 6-phosphate,C6H14NO8P,-H,+C12H14N2,106,1.3639800105766466,1.8673200589898296,0.5480225988700564,0.5480225988700564,0.40600734230726443,0.4293785310734463,0.3917819869943477,0.3917819869943477,1.3692852790855399,189,71.57646942138672,33.567222595214844,12669.03515625,72.5872573852539,43.95235824584961,38.33012008666992,38.009246826171875,1.8830835208389884,1.6284641783462697,3.084864511038177e-05,1.3654522263095714e-05,0.005460210144519806,3.1946339731803164e-05,1.9894139768439345e-05,1.7310987459495664e-05,1.7194122847286053e-05,0.030327195583898545,0.030246908877607396
2021-07-30_02h22m33s_C6H14NO8P_+Cl_-CH2O3_106,2021-07-30_02h22m33s,Glucosamine 6-phosphate,C6H14NO8P,+Cl,-CH2O3,106,0.5114989610418095,5.502785881813994,0.005649717514124294,0.005649717514124294,0.002280565135165202,0.004357494891212886,0.0010454134698867764,0.0010454134698867764,0.5111118540062477,67,0.33220338821411133,0.27234387397766113,58.79999923706055,4.4071760177612305,0.2912249267101288,0.05937003716826439,0.0598595030605793,5.4585294244587805,1.1368071572608829,9.363291297859178e-08,6.742350677768627e-08,1.6573025277466513e-05,1.242181042471202e-06,1.2500245816227107e-07,2.5954358662261257e-08,2.6209407977262345e-08,9.363045897969328e-05,9.36212100971935e-05
2021-07-30_02h22m33s_C6H14NO8P_[M]-_+C12H14N2_106,2021-07-30_02h22m33s,Glucosamine 6-phosphate,C6H14NO8P,[M]-,+C12H14N2,106,0.9520648436144659,1.2176555991618319,0.22033898305084745,0.22033898305084745,0.2324618978751808,0.2512321192451016,0.22143274801991603,0.22143274801991603,0.9487621751094195,189,26.407976150512695,4.703069686889648,4674.2119140625,52.41765594482422,26.3074951171875,21.68655776977539,21.704906463623047,1.2166262761138242,1.0037813273956595,1.1192036254215054e-05,1.179113496618811e-06,0.0019809904042631388,2.3349795810645446e-05,1.2013770174235106e-05,9.990166290663183e-06,1.0012922757596243e-05,0.011081082233738063,0.0110591738808931
2021-07-30_02h22m33s_C6H14NO8P_[M]-_-H2_106,2021-07-30_02h22m33s,Glucosamine 6-phosphate,C6H14NO8P,[M]-,-H2,106,0.8380423924287292,1.0590127397000395,0.24293785310734464,0.24293785310734464,0.288463677828457,0.30325159273951197,0.2798873079717207,0.2798873079717207,0.8327188358655977,189,258.60406494140625,13.523452758789062,45772.91796875,594.24462890625,276.4712219238281,244.19253540039062,245.0806121826172,1.055175305231439,0.9353708779200799,0.00010368524817749858,-4.2064712033607066e-06,0.018352288752794266,0.00021009796182624996,0.00011743402865249664,0.00010734845272963867,0.00010789171938085929,0.09358788983046344,0.09278869760439608
2021-07-30_02h22m33s_C6H14NO8P_-H_+HCl_106,2021-07-30_02h22m33s,Glucosamine 6-phosphate,C6H14NO8P,-H,+HCl,106,1.5531207787592016,1.9151648581896752,0.1016949152542373,0.1016949152542373,0.055045055067304484,0.054062988339944704,0.055477789393482996,0.055477789393482996,1.5490364021678258,189,6.977733612060547,3.321120262145996,1235.058837890625,21.277936935424805,3.5834672451019287,3.642411470413208,3.656613349914551,1.9077286045621966,1.9466584948140953,2.7486260023579234e-06,1.0847729754459579e-06,0.0004865068185608834,8.511646228726022e-06,1.574077145960473e-06,1.6539127045689384e-06,1.6638530269119656e-06,0.002744060289339477,0.0027443062526041825
2021-07-30_02h22m33s_C6H14NO8P_+Cl__106,2021-07-30_02h22m33s,Glucosamine 6-phosphate,C6H14NO8P,+Cl,,106,1.5531207787592016,1.9151648581896752,0.1016949152542373,0.1016949152542373,0.055045055067304484,0.054062988339944704,0.055477789393482996,0.055477789393482996,1.5490364021678258,189,6.977733612060547,3.321120262145996,1235.058837890625,21.277936935424805,3.5834672451019287,3.642411470413208,3.656613349914551,1.9077286045621966,1.9466584948140953,2.7486260023579234e-06,1.0847729754459579e-06,0.0004865068185608834,8.511646228726022e-06,1.574077145960473e-06,1.6539127045689384e-06,1.6638530269119656e-06,0.002744060289339477,0.0027443062526041825
2021-07-30_02h22m33s_C6H14NO8P_[M]-_+HCl_106,2021-07-30_02h22m33s,Glucosamine 6-phosphate,C6H14NO8P,[M]-,+HCl,106,0.9339478606110909,0.9144143920423068,0.2711864406779661,0.2711864406779661,0.2884414284125042,0.3022298353167448,0.28036571752573664,0.28036571752573664,0.9329163402949645,189,35.279605865478516,-3.4521255493164062,6244.490234375,69.12055969238281,39.48571014404297,38.58063888549805,38.73173141479492,0.9108473525314716,0.8934551837006066,1.4781518984818831e-05,-3.5386037779971957e-06,0.0026163288857787848,2.7610587494564243e-05,1.8149774405173957e-05,1.8213548173662275e-05,1.8320122762816027e-05,0.014515591565366422,0.014518020193497098
2021-07-30_02h22m33s_C6H14NO8P_+Cl_-CO2_106,2021-07-30_02h22m33s,Glucosamine 6-phosphate,C6H14NO8P,+Cl,-CO2,106,0.9913746724459072,0.7548531786407806,0.615819209039548,0.615819209039548,0.6153965958393592,0.6225507873542493,0.611177064691603,0.611177064691603,0.9910322169717241,189,90.31306457519531,-30.01128387451172,15985.412109375,85.96503448486328,106.38591003417969,119.64221954345703,120.32434844970703,0.7505738877036695,0.8489114360608817,3.963212657254189e-05,-1.811796028050594e-05,0.007014886476099491,3.683029717649333e-05,4.944395914208144e-05,5.730682096327655e-05,5.775008685304783e-05,0.03746832741035543,0.03776488132338299
2021-07-30_02h22m33s_C6H14NO8P_[M]-_-NH3_106,2021-07-30_02h22m33s,Glucosamine 6-phosphate,C6H14NO8P,[M]-,-NH3,106,1.2765027128721136,1.489593901205264,0.096045197740113,0.096045197740113,0.06911781065747025,0.07554994590695997,0.06524088806988323,0.06524088806988323,1.2733843242317817,189,6.339869499206543,2.064742088317871,1122.1568603515625,20.55711555480957,4.9123125076293945,4.255105972290039,4.275127410888672,1.4826194100444217,1.2903452587967872,2.7729829525924288e-06,8.3992131294508e-07,0.0004908179980702698,9.571585906087421e-06,2.2126041585579515e-06,1.920430804602802e-06,1.9330616396473488e-06,0.002767632947508975,0.002766860984472034
2021-07-30_02h22m33s_C6H14NO8P_-H_+H2_106,2021-07-30_02h22m33s,Glucosamine 6-phosphate,C6H14NO8P,-H,+H2,106,0.8151904353132337,1.2941717520865148,0.096045197740113,0.03389830508474576,0.11255979530537323,0.12068758264214449,0.10781933837730567,0.10781933837730567,0.822211665725545,71,7.4396820068359375,1.7155084609985352,1316.82373046875,25.932279586791992,5.711670398712158,5.747604846954346,5.724173545837402,1.2994683824466948,1.3023124891842368,3.6489739159151213e-06,6.933275926712668e-07,0.0006458683637902141,1.2332541700743604e-05,2.5802437448874116e-06,2.9560326311184326e-06,2.9556463232438546e-06,0.0036382206225090523,0.0036395829048907775
2021-07-30_02h22m33s_C6H14NO8P_+Cl_+HCl_106,2021-07-30_02h22m33s,Glucosamine 6-phosphate,C6H14NO8P,+Cl,+HCl,106,0.7439566097856295,0.5920059695071125,0.3954802259887006,0.011299435028248588,0.472243853598843,0.3889590094963337,0.5215904459840176,0.5215904459840176,0.7470547007769422,98,42.983097076416016,-29.777538299560547,7608.00830078125,70.96122741699219,47.96620559692383,72.60485076904297,72.76063537597656,0.5907384688965853,0.8960934151055185,1.9105335013591684e-05,-1.559448537591379e-05,0.003381644142791629,2.9888033168390393e-05,2.2796228222432546e-05,3.45954395015724e-05,3.4699820389505476e-05,0.01846461614963808,0.01867951258169555
2021-07-30_02h22m33s_C6H14NO8P_-H_-H2_106,2021-07-30_02h22m33s,Glucosamine 6-phosphate,C6H14NO8P,-H,-H2,106,4.137879258765783,22.09694575379233,0.7288135593220338,0.7288135593220338,0.17401268216709312,0.1844272148094723,0.16613214735014264,0.16613214735014264,4.18053424610592,189,229.2203369140625,218.97714233398438,40572.0,372.2953796386719,11.990190505981445,10.372394561767578,10.243189811706543,22.37564327948327,19.115728067177553,9.031928493641317e-05,8.590440120315179e-05,0.01598651334643364,0.00013196970394346863,5.050149866292486e-06,4.464223820832558e-06,4.41488555225078e-06,0.0899222883248624,0.08986545094135735
2021-07-30_02h22m33s_C6H14NO8P_+Cl_-H2_106,2021-07-30_02h22m33s,Glucosamine 6-phosphate,C6H14NO8P,+Cl,-H2,106,0.4401798905871761,1.7223764947105034,0.005649717514124294,0.005649717514124294,0.003715652464122817,0.0051989421805505465,0.00283501957935397,0.00283501957935397,0.44208196186721804,114,0.2819984555244446,0.12207812070846558,49.913726806640625,3.7411324977874756,0.30302873253822327,0.16272637248039246,0.159920334815979,1.7524103205907748,0.9275388321693938,8.333375944857835e-08,1.0092655600146827e-08,1.4750075933989137e-05,1.105547312363342e-06,1.324294771620771e-07,7.49250830267556e-08,7.324110384843152e-08,8.332765643903965e-05,8.332272506366244e-05
2021-07-30_02h22m33s_C6H14NO8P_-H_-HPO3_106,2021-07-30_02h22m33s,Glucosamine 6-phosphate,C6H14NO8P,-H,-HPO3,106,0.8819151279943651,1.005494427964581,0.04519774011299435,0.04519774011299435,0.042451885638002,0.04447649957927636,0.041249534879600265,0.041249534879600265,0.8864323032423065,189,2.406248092651367,0.0274503231048584,425.9059143066406,11.265676498413086,3.32890248298645,2.392099380493164,2.378797769546509,1.0111145255463867,0.7226181862519001,1.2383702596707735e-06,6.371340077748755e-08,0.00021919152641203254,5.9371377574279904e-06,1.5541230595772504e-06,1.1790982625825563e-06,1.174656858893286e-06,0.001236917306273076,0.001236448666286514
2021-07-30_02h22m33s_C20H32O2_-H__17,2021-07-30_02h22m33s,Arachidonic acid,C20H32O2,-H,,17,0.0,0.0,0.0,0.0,0.006719323617755034,0.006761630003606202,0.0067154526285947164,0.0067154526285947164,0.0,1,0.0,-0.6358400583267212,0.0,0.0,10.072978019714355,0.6227415204048157,0.6358400583267212,0.0,0.0,0.0,-3.378183635049936e-07,0.0,0.0,3.972006652475102e-06,3.308181817374134e-07,3.378183635049936e-07,0.0,0.0
2021-07-30_02h22m33s_C20H32O2_+Cl_+C12H14N2_17,2021-07-30_02h22m33s,Arachidonic acid,C20H32O2,+Cl,+C12H14N2,17,0.0,0.0,0.0,0.0,0.0025809322505284237,0.005469407380694795,0.0008859436185481155,0.0008859436185481155,0.0,32,0.0,-0.04957154393196106,0.0,0.0,0.5710203051567078,0.048338331282138824,0.04957154393196106,0.0,0.0,0.0,-2.182493119562423e-08,0.0,0.0,2.1966270935536159e-07,2.1281985951304705e-08,2.182493119562423e-08,0.0,0.0
2021-07-30_02h22m33s_C20H32O2_[M]-_-CH2O2_17,2021-07-30_02h22m33s,Arachidonic acid,C20H32O2,[M]-,-CH2O2,17,1.1334160904131532,1.270420295953967,0.12994350282485875,0.12994350282485875,0.10571809989987763,0.10740473614617141,0.10464766022290341,0.10464766022290341,1.1316359156683464,189,8.327373504638672,1.7631096839904785,1473.945068359375,22.231483459472656,6.746963977813721,6.5538177490234375,6.564263820648193,1.2683989146709573,1.2340571959212896,3.3454330150561873e-06,5.485380825120956e-07,0.0005921416450291872,9.03884028957691e-06,2.8168713015475078e-06,2.7877913453266956e-06,2.7968949325440917e-06,0.003336102287473903,0.003336035831461609
2021-07-30_02h22m33s_C20H32O2_+Cl_+H2_17,2021-07-30_02h22m33s,Arachidonic acid,C20H32O2,+Cl,+H2,17,0.4815166567418966,0.8114914822420094,0.011299435028248588,0.011299435028248588,0.015329847591500722,0.018511840365428536,0.013466343001931357,0.013466343001931357,0.48155142985108723,146,0.6339426636695862,-0.14716070890426636,112.20784759521484,5.958009243011475,1.8532052040100098,0.7802067995071411,0.7811033725738525,0.8105612197826498,0.341894555305198,2.770955234154826e-07,-9.981025073102501e-08,4.904590605292469e-05,2.651654767760192e-06,8.097683803498512e-07,3.755991713205731e-07,3.769057741465076e-07,0.00027699112386151185,0.0002768713217736846
2021-07-30_02h22m33s_C20H32O2_-H_+C12H14N2_17,2021-07-30_02h22m33s,Arachidonic acid,C20H32O2,-H,+C12H14N2,17,0.524973422040326,7.6352451017703284,0.005649717514124294,0.005649717514124294,0.0010568472577594838,0.0015326361341507393,0.0007619115119513794,0.0007619115119513794,0.5257993065712923,34,0.33964774012565613,0.2970294654369354,60.11764907836914,4.505936622619629,0.08847571164369583,0.043484196066856384,0.042618278414011,7.786821316096578,3.7959769627558653,1.6487041420987225e-07,1.4634086653586564e-07,2.9182063371990807e-05,2.1872533579880837e-06,3.3964223433713414e-08,1.8795413225802804e-08,1.8529553003077126e-08,0.0001648673592913998,0.00016486481470446928
2021-07-30_02h22m33s_C20H32O2_-H_-CO2_17,2021-07-30_02h22m33s,Arachidonic acid,C20H32O2,-H,-CO2,17,0.7441253531736624,1.074320337409797,0.11864406779661017,0.11864406779661017,0.14996106352208255,0.1510097367472052,0.14944096957669614,0.14944096957669614,0.7365026437877493,189,49.07524490356445,3.0081748962402344,8686.318359375,156.0725860595703,43.4196662902832,45.67927169799805,46.06707000732422,1.0652767718674157,1.1302278176819835,1.9299968698760495e-05,-1.1110678315162659e-06,0.0034160944633185863,5.6781434977892786e-05,1.9124541722703725e-05,2.0212679373798892e-05,2.041103653027676e-05,0.01891391606698664,0.018937792103540445
2021-07-30_02h22m33s_C20H32O2_+Cl_+HCl_17,2021-07-30_02h22m33s,Arachidonic acid,C20H32O2,+Cl,+HCl,17,0.9916045331678446,1.1393674857294112,0.14689265536723164,0.14689265536723164,0.1227945266436756,0.09664623151821132,0.13813632900402217,0.13813632900402217,0.9929512134780015,189,10.220539093017578,1.2599706649780273,1809.035400390625,25.73283576965332,6.554407119750977,8.969362258911133,8.96056842803955,1.1404855271805856,1.5591005877001627,4.416463070811005e-06,4.958410499966703e-07,0.0007817139849066734,1.1304951840429567e-05,2.8591759928531246e-06,3.917672984243836e-06,3.920622020814335e-06,0.004399215410000252,0.004403871626780109
2021-07-30_02h22m33s_C20H32O2_-H_+HCl_17,2021-07-30_02h22m33s,Arachidonic acid,C20H32O2,-H,+HCl,17,0.9355510553113542,1.2405248011310164,0.11299435028248588,0.11299435028248588,0.10632995883858049,0.09874984974155547,0.11077839006325638,0.11077839006325638,0.9326699112082417,189,10.354802131652832,1.9810609817504883,1832.800048828125,31.161556243896484,8.514188766479492,8.346114158630371,8.373741149902344,1.236432499382214,1.216039058630747,4.335809535405133e-06,2.832421159837395e-07,0.0007674383232370019,1.2675845027843025e-05,3.99433110942482e-06,4.033613095089095e-06,4.0525674194213934e-06,0.004318309295845804,0.004318559777737007
2021-07-30_02h22m33s_C20H32O2_+Cl__17,2021-07-30_02h22m33s,Arachidonic acid,C20H32O2,+Cl,,17,0.9355510553113542,1.2405248011310164,0.11299435028248588,0.11299435028248588,0.10632995883858049,0.09874984974155547,0.11077839006325638,0.11077839006325638,0.9326699112082417,189,10.354802131652832,1.9810609817504883,1832.800048828125,31.161556243896484,8.514188766479492,8.346114158630371,8.373741149902344,1.236432499382214,1.216039058630747,4.335809535405133e-06,2.832421159837395e-07,0.0007674383232370019,1.2675845027843025e-05,3.99433110942482e-06,4.033613095089095e-06,4.0525674194213934e-06,0.004318309295845804,0.004318559777737007
2021-07-30_02h22m33s_C20H32O2_[M]-_-CO2_17,2021-07-30_02h22m33s,Arachidonic acid,C20H32O2,[M]-,-CO2,17,0.315580537174137,0.7024451036640914,0.005649717514124294,0.005649717514124294,0.008254533318500389,0.008865248226950355,0.007902617077449192,0.007902617077449192,0.31555002278911864,138,0.31618478894233704,-0.1324179470539093,55.9647102355957,4.19466495513916,0.517703652381897,0.44912028312683105,0.44860273599624634,0.7032537029422722,0.6095673078267533,1.0296515995378286e-07,-9.181350435483182e-08,1.8224833183921874e-05,1.3659872593052569e-06,2.2251833797781728e-07,1.9478200385947275e-07,1.9477866430861468e-07,0.00010294510844306322,0.00010294225341464534
2021-07-30_02h22m33s_C20H32O2_+Cl_-CO2_17,2021-07-30_02h22m33s,Arachidonic acid,C20H32O2,+Cl,-CO2,17,0.5379807272744085,0.8932704866590262,0.011299435028248588,0.011299435028248588,0.011191456224274112,0.011509796850583003,0.011003419742367595,0.011003419742367595,0.5359180646105888,160,0.5806580185890198,-0.0730331540107727,102.77647399902344,5.431890487670898,0.6930358409881592,0.6490360498428345,0.6536911725997925,0.8869189671264613,0.8366398164139283,2.973443429254985e-07,-1.8689576108954498e-08,5.2629948186222464e-05,2.842857384166564e-06,3.1503736863669474e-07,3.1289238222598215e-07,3.16033919034453e-07,0.0002972504017161096,0.0002972506978478231
2021-07-30_02h22m33s_C20H32O2_[M]-_+H2_17,2021-07-30_02h22m33s,Arachidonic acid,C20H32O2,[M]-,+H2,17,0.6303014334491055,0.7697391073831302,0.02824858757062147,0.02824858757062147,0.03651129157859606,0.03942781584325039,0.03481758420894094,0.03481758420894094,0.6282931216830461,188,1.6386396884918213,-0.49717140197753906,290.0392150878906,9.668532371520996,2.4614055156707764,2.1278247833251953,2.1358110904693604,0.7668622162251538,0.6654629702798747,7.591635267090169e-07,-2.302659822817077e-07,0.00013437194866128266,4.4758012336387765e-06,1.1145106100229896e-06,9.84436496764829e-07,9.894295089907246e-07,0.000758413130377815,0.000758318372836715
2021-07-30_02h22m33s_C20H32O2_-H_+H2_17,2021-07-30_02h22m33s,Arachidonic acid,C20H32O2,-H,+H2,17,0.9024952349253035,0.9100838368865247,0.23163841807909605,0.23163841807909605,0.24611191456224274,0.2452518331530232,0.24666442227616633,0.24666442227616633,0.9023472278305167,189,19.35938835144043,-1.932535171508789,3426.61181640625,38.68007278442383,21.27220344543457,21.271093368530273,21.29192352294922,0.9091935323289518,0.9100363469515512,8.464726306556258e-06,-1.7261208995478228e-06,0.0014982565771788359,1.7241294699488208e-05,1.0082258086185902e-05,1.0159863450098783e-05,1.0190847206104081e-05,0.008379333796150742,0.00838023461831165
2021-07-30_02h22m33s_C20H32O2_+Cl_-CH2O2_17,2021-07-30_02h22m33s,Arachidonic acid,C20H32O2,+Cl,-CH2O2,17,1.38199968675809,1.4545420098768673,0.2937853107344633,0.2937853107344633,0.1966625876070753,0.18611010938814762,0.2025798678172121,0.2025798678172121,1.3878812777773244,189,74.43372344970703,23.381183624267578,13174.7685546875,124.9129638671875,49.624053955078125,51.172306060791016,51.05253982543945,1.4579542124641762,1.4999222674314139,3.421921792323701e-05,9.46622276387643e-06,0.006056801415979862,5.807721754536033e-05,2.370138099649921e-05,2.474138636898715e-05,2.475299515936058e-05,0.0333926498237905,0.033426952975219276
2021-07-30_02h22m33s_C20H32O2_-H_-H2O_17,2021-07-30_02h22m33s,Arachidonic acid,C20H32O2,-H,-H2O,17,0.0,0.0,0.0,0.0,0.0002447435754811436,0.0004808270224786633,0.00010631323422577388,0.00010631323422577388,0.0,10,0.0,-0.006621766369789839,0.0,0.0,0.042337529361248016,0.006457034964114428,0.006621766369789839,0.0,0.0,0.0,-3.5492371264211897e-09,0.0,0.0,1.5356123483911688e-08,3.460941533361961e-09,3.5492371264211897e-09,0.0,0.0
2021-07-30_02h22m33s_C20H32O2_[M]-_-H2O_17,2021-07-30_02h22m33s,Arachidonic acid,C20H32O2,[M]-,-H2O,17,0.0,0.0,0.0,0.0,0.00011124707976415619,0.00015025844452458227,8.859436185481156e-05,8.859436185481156e-05,0.0,2,0.0,-0.004884200170636177,0.0,0.0,0.00934454333037138,0.004762694239616394,0.004884200170636177,0.0,0.0,0.0,-2.379529240315037e-09,0.0,0.0,4.036063039336568e-09,2.3203328147758384e-09,2.379529240315037e-09,0.0,0.0
2021-07-30_02h22m33s_C20H32O2_[M]-_-H2_17,2021-07-30_02h22m33s,Arachidonic acid,C20H32O2,[M]-,-H2,17,0.0,0.0,0.0,0.0,0.00037824007119813106,0.0003906719557639139,0.00037209631979020857,0.00037209631979020857,0.0,9,0.0,-0.019717294722795486,0.0,0.0,0.022875700145959854,0.021032579243183136,0.019717294722795486,0.0,0.0,0.0,-1.0417996243461403e-08,0.0,0.0,9.26431020786822e-09,1.1015663048397073e-08,1.0417996243461403e-08,0.0,0.0
2021-07-30_02h22m33s_C20H32O2_[M]-__17,2021-07-30_02h22m33s,Arachidonic acid,C20H32O2,[M]-,,17,0.0,0.0,0.0,0.0,0.0008454778062075871,0.0008414472893376608,0.000850505873806191,0.000850505873806191,0.0,16,0.0,-0.049142707139253616,0.0,0.0,0.06281156837940216,0.04792017117142677,0.049142707139253616,0.0,0.0,0.0,-2.434127743811132e-08,0.0,0.0,3.092133127324814e-08,2.373573160241449e-08,2.434127743811132e-08,0.0,0.0
2021-07-30_02h22m33s_C6H8O6_-H__175,2021-07-30_02h22m33s,Ascorbic acid,C6H8O6,-H,,175,62.263076723752704,3129.848576560276,0.903954802259887,0.6045197740112994,0.00700856602514184,0.0064611131145570384,0.004518312454595389,0.004518312454595389,65.1737913497304,3,20170.0078125,20164.267578125,3570091.25,37936.109375,138.358154296875,6.443403720855713,5.740740776062012,3512.8732903775663,145.78007443744227,0.00791256409138441,0.007909872569143772,1.4005237817764282,0.013531655073165894,5.529134432435967e-05,3.031444975931663e-06,2.691169811441796e-06,7.891327189878799,7.497990136979997
2021-07-30_02h22m33s_C6H8O6_+Cl_+HCl_175,2021-07-30_02h22m33s,Ascorbic acid,C6H8O6,+Cl,+HCl,175,0.0,0.0,0.0,0.0,0.0025253087106463456,0.006641423247986537,0.00010631323422577388,0.00010631323422577388,0.0,3,0.0,-0.027095874771475792,0.0,0.0,27.07634735107422,0.026425162330269814,0.027095874771475792,0.0,0.0,0.0,-1.3004492593893247e-08,0.0,0.0,1.0228134669887368e-05,1.268258920106291e-08,1.3004492593893247e-08,0.0,0.0
2021-07-30_02h22m33s_C6H8O6_-H_+H2_175,2021-07-30_02h22m33s,Ascorbic acid,C6H8O6,-H,+H2,175,1.3736785224844568,1.7116877996962059,0.4067796610169492,0.03389830508474576,0.3351095783735677,0.4178086308450535,0.2861243510462994,0.2861243510462994,1.3825243628892014,120,50.0655403137207,21.185264587402344,8861.6005859375,70.68038177490234,61.60211944580078,29.24822425842285,28.88027572631836,1.7334947662335416,0.8127111218413057,2.4969222067738883e-05,1.0427405868540518e-05,0.0044195521622896194,3.6882593121845275e-05,2.890256291721016e-05,1.4709337847307324e-05,1.4541816199198365e-05,0.02461132865009119,0.02426781987688373
2021-07-30_02h22m33s_C6H8O6_+Cl_-H2_175,2021-07-30_02h22m33s,Ascorbic acid,C6H8O6,+Cl,-H2,175,53.56004049710434,2019.9407854276008,0.9209039548022598,0.9209039548022598,0.012515296473467571,0.01670873903113355,0.007193862182610699,0.007193862182610699,66.39579993753783,136,1176.50244140625,1176.3056640625,208240.9375,1033.8358154296875,1.4384617805480957,0.5814440250396729,0.1968349665403366,5946.888267430584,817.3210691000631,0.0005351825966499746,0.0005350918509066105,0.09472732245922089,0.00047327857464551926,6.02228226398438e-07,2.734211932420294e-07,9.073281859173221e-08,0.5351340424299805,0.5348604885665745
2021-07-30_02h22m33s_C6H8O6_-H_-H2_175,2021-07-30_02h22m33s,Ascorbic acid,C6H8O6,-H,-H2,175,47.02001462938591,842.7483408402489,0.9717514124293786,0.807909604519774,0.016920680832128155,0.022448611611972594,0.010666761167319311,0.010666761167319311,51.50731677591775,9,3236.52392578125,3233.13134765625,572864.75,3714.73291015625,59.78131866455078,3.8394393920898438,3.3924920558929443,953.7443649413847,54.138481043901315,0.0013670915504917502,0.001365588279440999,0.24197520315647125,0.001368604484014213,2.272744313813746e-05,1.7146404616141808e-06,1.5032910596346483e-06,1.3650394988171302,1.3367115155304385
2021-07-30_02h22m33s_C6H8O6_-H_-CO2_175,2021-07-30_02h22m33s,Ascorbic acid,C6H8O6,-H,-CO2,175,2.076105276564895,3.2001864263123223,0.2655367231638418,0.02824858757062147,0.16708198909778618,0.2499699483110951,0.11790137675638322,0.11790137675638322,2.081810330314206,175,22.509052276611328,15.482759475708008,3984.102294921875,47.72177505493164,29.848115921020508,7.0326690673828125,7.026292324066162,3.2030903566549003,0.7540944373752752,9.699657312012278e-06,6.281329660851043e-06,0.0017168392660096288,1.9057986719417386e-05,1.3106640835758299e-05,3.4206768759759143e-06,3.418327651161235e-06,0.009666613659247777,0.00957417207729542
2021-07-30_02h22m33s_C6H8O6_+Cl_+H2_175,2021-07-30_02h22m33s,Ascorbic acid,C6H8O6,+Cl,+H2,175,0.292426522505785,0.4024328985459455,0.005649717514124294,0.0,0.017632662142618757,0.03179468686140161,0.009320126867126176,0.009320126867126176,0.29269620856306583,10,1.0161738395690918,-1.5229496955871582,179.86276245117188,13.481070518493652,71.3483657836914,2.524076461791992,2.53912353515625,0.40004898403753586,0.014242226660427617,4.857812996306166e-07,-8.153738804139721e-07,8.598328713560477e-05,6.444616246881196e-06,3.195678800693713e-05,1.2929407375850133e-06,1.3011551800445886e-06,0.00048515004413758806,0.00047073802437874073
2021-07-30_02h22m33s_C6H8O6_-H_+C12H14N2_175,2021-07-30_02h22m33s,Ascorbic acid,C6H8O6,-H,+C12H14N2,175,0.9462224333386939,2.0911135233504563,0.8135593220338984,0.8135593220338984,0.8348870842140393,0.809712705854069,0.8497971189113525,0.8497971189113525,0.9468793895747502,189,347.8130187988281,182.01611328125,61562.90625,254.38304138183594,154.2328643798828,166.32809448242188,165.79690551757812,2.097813103929425,2.2551014992541054,0.00016334865358658135,8.06811367510818e-05,0.028912711888551712,0.00012147613597335294,7.563768303953111e-05,8.281977352453396e-05,8.266751683549955e-05,0.15087610096960222,0.15186215224906552
2021-07-30_02h22m33s_C6H8O6_-H_-CH2O3_175,2021-07-30_02h22m33s,Ascorbic acid,C6H8O6,-H,-CH2O3,175,10.701001413610902,29.409523077886018,0.3785310734463277,0.3785310734463277,0.04682389587273334,0.0814400769323236,0.02537342523521803,0.02537342523521803,10.803956794485519,188,44.062255859375,42.586151123046875,7799.01953125,73.35795593261719,7.49489164352417,1.497230887413025,1.4761030673980713,29.83018371019364,5.878187406489679,1.8548136722529307e-05,1.7858697901829146e-05,0.003283020108938217,2.9220347641967237e-05,3.1654587928642286e-06,6.982465379223868e-07,6.89439275447512e-07,0.018535357718933405,0.01848960862832017
2021-07-30_02h22m33s_C6H8O6_+Cl_-H2O_175,2021-07-30_02h22m33s,Ascorbic acid,C6H8O6,+Cl,-H2O,175,0.9238816288224482,1.7412445280664206,0.01694915254237288,0.0,0.024641228167760595,0.05231999038345955,0.00834558888672325,0.00834558888672325,0.9133359662543601,20,2.7035560607910156,1.1125152111053467,478.5294189453125,20.58966827392578,65.4461898803711,1.5516573190689087,1.591040849685669,1.6981700320847943,0.04130897087763069,1.1955559102716506e-06,4.366529537946917e-07,0.00021161339827813208,9.126483746513259e-06,2.646038592502009e-05,7.401176276289334e-07,7.589029564769589e-07,0.0011946492873954931,0.0011647365321305078
2021-07-30_02h22m33s_C6H8O6_+Cl_-CO2_175,2021-07-30_02h22m33s,Ascorbic acid,C6H8O6,+Cl,-CO2,175,0.5437745917162078,5.438756956878418,0.005649717514124294,0.005649717514124294,0.0007898542663255089,0.00144248106743599,0.0003898151921611709,0.0003898151921611709,0.5432572536292822,24,0.2831505537033081,0.23079290986061096,50.11764907836914,3.756415843963623,0.23683737218379974,0.05106163024902344,0.05235765129327774,5.306653251039571,1.1905217044043461,1.0021187790698605e-07,8.05823106020398e-08,1.7737502275849693e-05,1.3294609289005166e-06,8.346923863200573e-08,1.9143671536880902e-08,1.962956730494625e-08,0.00010020991082979679,0.00010020351399596455
2021-07-30_02h22m33s_C6H8O6_[M]-_+C12H14N2_175,2021-07-30_02h22m33s,Ascorbic acid,C6H8O6,[M]-,+C12H14N2,175,1.1125323637114108,1.1299904665008975,0.8022598870056498,0.8022598870056498,0.6876293247302259,0.6471931722562808,0.7111115048638305,0.7111115048638305,1.1148237288249707,189,183.9268035888672,21.99029541015625,32555.04296875,111.80775451660156,126.81621551513672,162.7674560546875,161.93650817871094,1.1357887722089024,1.4503299322710168,8.892513869795948e-05,7.685317541472614e-06,0.015739750117063522,6.224946992006153e-05,6.291826866799966e-05,8.153956878231838e-05,8.123982115648687e-05,0.08224367708067369,0.08366131368632546
2021-07-30_02h22m33s_C6H8O6_[M]-__175,2021-07-30_02h22m33s,Ascorbic acid,C6H8O6,[M]-,,175,0.49288179927150094,0.701961574993807,0.3785310734463277,0.3785310734463277,0.7432973634442096,0.7203089313619425,0.7579956411573967,0.7579956411573967,0.493700303373567,189,128.98854064941406,-53.732177734375,22830.97265625,174.9217071533203,153.23948669433594,183.75341796875,182.72071838378906,0.705928894443113,0.8417393042264576,6.631846190430224e-05,-2.3912354663480073e-05,0.0117383673787117,9.320505341747776e-05,7.565545092802495e-05,9.065608901437372e-05,9.023081656778231e-05,0.060829744395854785,0.06165400068124583
2021-07-30_02h22m33s_C6H8O6_[M]-_-CH2O3_175,2021-07-30_02h22m33s,Ascorbic acid,C6H8O6,[M]-,-CH2O3,175,1.2212320618760462,1.5700880383602909,0.0847457627118644,0.0847457627118644,0.06442318389142285,0.07284529390551749,0.05939366018746567,0.05939366018746567,1.226055824745299,187,6.570865631103516,2.3984384536743164,1163.043212890625,22.465402603149414,5.274386405944824,4.184030055999756,4.172427177429199,1.574453165647692,1.2455704900969562,3.2231387194769923e-06,1.3098583622195292e-06,0.0005704955547116697,1.1154218555020634e-05,2.4079481590888463e-06,1.919216174428584e-06,1.913280357257463e-06,0.0032169837277011646,0.003215396212087355
2021-07-30_02h22m33s_C6H8O6_+Cl_-CH2O3_175,2021-07-30_02h22m33s,Ascorbic acid,C6H8O6,+Cl,-CH2O3,175,0.0,0.0,0.0,0.0,0.007509177884080543,0.009706695516288015,0.006237043074578734,0.006237043074578734,0.0,122,0.0,-0.4107821583747864,0.0,0.0,0.6335355639457703,0.4133673906326294,0.4107821583747864,0.0,0.0,0.0,-1.7074206937195413e-07,0.0,0.0,2.5500239075881836e-07,1.7206676261594112e-07,1.7074206937195413e-07,0.0,0.0
2021-07-30_02h22m33s_C6H8O6_[M]-_+HCl_175,2021-07-30_02h22m33s,Ascorbic acid,C6H8O6,[M]-,+HCl,175,2.8847435392353518,3.9098923678455995,0.06779661016949153,0.06779661016949153,0.019434864834798088,0.029240293304483713,0.013501780746673282,0.013501780746673282,2.8695212424860146,138,3.9467155933380127,2.9253945350646973,698.5686645507812,14.712362289428711,3.5075018405914307,1.0084179639816284,1.021321177482605,3.860543711963912,1.124900533805253,1.773494318513258e-06,1.2718039670289727e-06,0.0003139085019938648,6.863949693070026e-06,1.5486738220715779e-06,4.950939569425827e-07,5.016903514842852e-07,0.0017726050196778928,0.001770752001243551
2021-07-30_02h22m33s_C6H8O6_[M]-_+H2_175,2021-07-30_02h22m33s,Ascorbic acid,C6H8O6,[M]-,+H2,175,1.2275565002618523,1.1375493568517945,0.192090395480226,0.192090395480226,0.14511069084436534,0.14253516047601875,0.14648191789074544,0.14648191789074544,1.2308956815646772,189,14.671098709106445,1.8619098663330078,2596.784423828125,32.263248443603516,12.178309440612793,12.896109580993652,12.809188842773438,1.145267949533999,1.20459199929551,7.12286282578134e-06,5.997194421070162e-07,0.0012607467360794544,1.5761850590934046e-05,6.0882262005179655e-06,6.555307663802523e-06,6.5231433836743236e-06,0.007076700493777113,0.007079759647601443
2021-07-30_02h22m33s_C6H8O6_[M]-_-CH2O2_175,2021-07-30_02h22m33s,Ascorbic acid,C6H8O6,[M]-,-CH2O2,175,0.9051555389754808,1.1346783892990508,0.05084745762711865,0.05084745762711865,0.04476582489709645,0.042342829667027286,0.04617538139872779,0.04617538139872779,0.9108983425975168,189,3.337100028991699,0.4164845943450928,590.6666870117188,14.668464660644531,2.656949996948242,2.940009593963623,2.9206154346466064,1.1422105693370794,1.2555164818086237,1.7733306094669388e-06,2.7036321625928394e-07,0.00031387951457872987,7.793834811309353e-06,1.3579771120930673e-06,1.5102604038474965e-06,1.5029673932076548e-06,0.001770669351167981,0.0017709257328545056
2021-07-30_02h22m33s_C6H8O6_-H_+HCl_175,2021-07-30_02h22m33s,Ascorbic acid,C6H8O6,-H,+HCl,175,0.0,0.0,0.0,0.0,0.01007898542663255,0.02025483832191369,0.004110778390063257,0.004110778390063257,0.0,13,0.0,-9.789709091186523,0.0,0.0,287.9017639160156,9.547381401062012,9.789709091186523,0.0,0.0,0.0,-5.032220997236436e-06,0.0,0.0,0.00011963105498580262,4.907657512376318e-06,5.032220997236436e-06,0.0,0.0
2021-07-30_02h22m33s_C6H8O6_[M]-_-CO2_175,2021-07-30_02h22m33s,Ascorbic acid,C6H8O6,[M]-,-CO2,175,0.0,0.0,0.0,0.0,0.005651351652019135,0.009105661738189686,0.003632368836047274,0.003632368836047274,0.0,5,0.0,-0.49744588136672974,0.0,0.0,12.992300987243652,0.4893694519996643,0.49744588136672974,0.0,0.0,0.0,-2.4414754307144904e-07,0.0,0.0,4.897250619251281e-06,2.403977532594581e-07,2.4414754307144904e-07,0.0,0.0
2021-07-30_02h22m33s_C6H8O6_+Cl_-CH2O2_175,2021-07-30_02h22m33s,Ascorbic acid,C6H8O6,+Cl,-CH2O2,175,0.0,0.0,0.0,0.0,0.013193903660028924,0.030081740593821373,0.003277991388628028,0.003277991388628028,0.0,92,0.0,-0.19265276193618774,0.0,0.0,4.400451183319092,0.19072455167770386,0.19265276193618774,0.0,0.0,0.0,-8.887001712309939e-08,0.0,0.0,1.7808339407565654e-06,8.788839522821945e-08,8.887001712309939e-08,0.0,0.0
2021-07-30_02h22m33s_C6H8O6_[M]-_-H2_175,2021-07-30_02h22m33s,Ascorbic acid,C6H8O6,[M]-,-H2,175,9.602972337191106,219.5805379314542,0.8983050847457628,0.6779661016949152,0.07933029257981979,0.06782666185839645,0.08354448322908731,0.08354448322908731,9.864079455830895,3,2358.768310546875,2348.416015625,417502.0,4701.2998046875,8.593132972717285,10.741155624389648,10.352328300476074,227.8270563909784,274.4626267751454,0.0009599336190149188,0.0009548847447149456,0.16990825533866882,0.0017879002261906862,4.254256509739207e-06,5.2340278671181295e-06,5.048883394920267e-06,0.9551113730631607,0.9558671151179825
2021-07-30_02h22m33s_C6H8O6_+Cl__175,2021-07-30_02h22m33s,Ascorbic acid,C6H8O6,+Cl,,175,0.0,0.0,0.0,0.0,0.01007898542663255,0.02025483832191369,0.004110778390063257,0.004110778390063257,0.0,13,0.0,-9.789709091186523,0.0,0.0,287.9017639160156,9.547381401062012,9.789709091186523,0.0,0.0,0.0,-5.032220997236436e-06,0.0,0.0,0.00011963105498580262,4.907657512376318e-06,5.032220997236436e-06,0.0,0.0
2021-07-30_02h22m33s_C6H6O6_-H_+H2_114,2021-07-30_02h22m33s,cis-Aconitic acid,C6H6O6,-H,+H2,114,68.87852862565143,3994.4698807730624,1.0,0.9887005649717514,0.00700856602514184,0.005950234403173459,0.004518312454595389,0.004518312454595389,92.59695465634728,3,25741.9765625,25741.05859375,4556330.0,27667.537109375,108.72000885009766,6.443403720855713,0.9172431230545044,28033.944296658814,236.77095011133054,0.0102944765239954,0.010294031351804733,1.82212233543396,0.009904026053845882,4.2621602915460244e-05,3.031444975931663e-06,4.452776067864761e-07,10.289894664325184,9.873645908745011
2021-07-30_02h22m33s_C6H6O6_-H_+HCl_114,2021-07-30_02h22m33s,cis-Aconitic acid,C6H6O6,-H,+HCl,114,13.472157425652014,73.911396985254,0.23163841807909605,0.23163841807909605,0.012515296473467571,0.020375045077533356,0.007193862182610699,0.007193862182610699,13.428367134337233,136,43.049251556396484,42.45897674560547,7619.7177734375,100.40864562988281,7.467467784881592,0.5814440250396729,0.5902736783027649,72.80765766534407,5.764134330677709,1.5857529433560558e-05,1.5579702449031174e-05,0.0028067827224731445,3.503090192680247e-05,3.3645958410488674e-06,2.734211932420294e-07,2.778266434688703e-07,0.01585312501304969,0.015804354169252226
2021-07-30_02h22m33s_C6H6O6_+Cl__114,2021-07-30_02h22m33s,cis-Aconitic acid,C6H6O6,+Cl,,114,13.472157425652014,73.911396985254,0.23163841807909605,0.23163841807909605,0.012515296473467571,0.020375045077533356,0.007193862182610699,0.007193862182610699,13.428367134337233,136,43.049251556396484,42.45897674560547,7619.7177734375,100.40864562988281,7.467467784881592,0.5814440250396729,0.5902736783027649,72.80765766534407,5.764134330677709,1.5857529433560558e-05,1.5579702449031174e-05,0.0028067827224731445,3.503090192680247e-05,3.3645958410488674e-06,2.734211932420294e-07,2.778266434688703e-07,0.01585312501304969,0.015804354169252226
2021-07-30_02h22m33s_C6H6O6_-H__114,2021-07-30_02h22m33s,cis-Aconitic acid,C6H6O6,-H,,114,45.37978156091896,789.7030977789417,0.9378531073446328,0.632768361581921,0.016920680832128155,0.02262892174540209,0.010666761167319311,0.010666761167319311,46.35985607644664,9,3032.806884765625,3028.99267578125,536806.8125,6464.28515625,60.864925384521484,3.8394393920898438,3.814209222793579,794.9254438384215,49.827664092935706,0.001122470828704536,0.001120768254622817,0.19867734611034393,0.002146568149328232,2.402861719019711e-05,1.7146404616141808e-06,1.7025195120368153e-06,1.120563048250422,1.0961322856234736
2021-07-30_02h22m33s_C6H6O6_-H_-H2O_114,2021-07-30_02h22m33s,cis-Aconitic acid,C6H6O6,-H,-H2O,114,16.15912468031929,158.97775202505474,0.4350282485875706,0.4350282485875706,0.03678940927800645,0.06836759225868494,0.016921523114269008,0.016921523114269008,16.1512326110682,187,155.12330627441406,154.1466522216797,27456.82421875,372.0749816894531,7.548476696014404,0.974754810333252,0.9766568541526794,158.66845879054068,20.547557469289007,5.693955608876422e-05,5.648562728310935e-05,0.010078301653265953,0.0001255392999155447,3.0037335818633437e-06,4.527231283191213e-07,4.5392999936666456e-07,0.056913721243316284,0.05676903702583966
2021-07-30_02h22m33s_C6H6O6_+Cl_+C12H14N2_114,2021-07-30_02h22m33s,cis-Aconitic acid,C6H6O6,+Cl,+C12H14N2,114,2.2769651520583913,2.843332274069301,0.22598870056497175,0.14124293785310735,0.11268216709311381,0.15182113234763794,0.08924996013253716,0.08924996013253716,2.2945544357086205,189,14.764904975891113,9.60966682434082,2613.38818359375,29.91924285888672,19.621719360351562,5.191817283630371,5.155238628387451,2.8635030377771034,0.7524392875803011,5.615733243757859e-06,3.329308583488455e-06,0.0009939847514033318,1.1150997124786954e-05,8.68847291712882e-06,2.299845164088765e-06,2.286424660269404e-06,0.0056029225833936075,0.00556736137522931
2021-07-30_02h22m33s_C6H6O6_-H_-H2_114,2021-07-30_02h22m33s,cis-Aconitic acid,C6H6O6,-H,-H2,114,0.5393457333062116,1.0124709958777849,0.011299435028248588,0.011299435028248588,0.019846479029925465,0.03498016588532275,0.01095026312525471,0.01095026312525471,0.5377821652437939,185,0.6318600177764893,0.005316972732543945,111.83921813964844,5.918782711029053,2.8244423866271973,0.6230771541595459,0.6265430450439453,1.006879165925967,0.22363224278331745,2.530906613174011e-07,-6.44823217044177e-09,4.479704875848256e-05,2.461946451148833e-06,1.1255001481913496e-06,2.5795233682401886e-07,2.5953889348784287e-07,0.00025302499149108473,0.0002528061279828927
2021-07-30_02h22m33s_C6H6O6_+Cl_-CH2O2_114,2021-07-30_02h22m33s,cis-Aconitic acid,C6H6O6,+Cl,-CH2O2,114,1.2200583806485084,2.4365944988993053,0.022598870056497175,0.022598870056497175,0.020591834464345312,0.04105060704411588,0.008522777610432871,0.008522777610432871,1.216539163260451,133,1.3559322357177734,0.7953798770904541,240.0,9.043078422546387,7.425171375274658,0.5554866194725037,0.5605523586273193,2.414614086978937,0.18258833080964604,5.189170337871474e-07,2.6125496788154123e-07,9.184831287711859e-05,3.55359043169301e-06,3.022905730176717e-06,2.553923366122035e-07,2.5766206590560614e-07,0.0005187833629940808,0.0005173531240638898
2021-07-30_02h22m33s_C6H6O6_+Cl_-H2O_114,2021-07-30_02h22m33s,cis-Aconitic acid,C6H6O6,+Cl,-H2O,114,3.4160915735531625,30.48062981698427,0.03954802259887006,0.03954802259887006,0.006708198909778618,0.015236206274792644,0.0015769796410156458,0.0015769796410156458,3.414961047664256,123,2.7581255435943604,2.669578790664673,488.188232421875,13.925065040588379,1.4157401323318481,0.08948781341314316,0.08854665607213974,30.800988720029757,1.9468111904578382,9.282956057177216e-07,8.890229423741403e-07,0.0001643083232920617,4.679889116232516e-06,5.81442407110444e-07,4.0009613400115995e-08,3.927267400172241e-08,0.0009282591504987149,0.0009277561689376429
2021-07-30_02h22m33s_C6H6O6_+Cl_+HCl_114,2021-07-30_02h22m33s,cis-Aconitic acid,C6H6O6,+Cl,+HCl,114,1.4262087743405782,1.745257963829036,0.07344632768361582,0.07344632768361582,0.048904216264323064,0.06133549705493449,0.041497599092793734,0.041497599092793734,1.4496453616180884,188,4.9587907791137695,2.182924270629883,877.7059326171875,18.054170608520508,6.020476818084717,2.8402938842773438,2.7758665084838867,1.7857505083386849,0.8235173743791042,2.1216028471826576e-06,8.602487469033804e-07,0.0003755236975848675,7.895203452790156e-06,2.5450776774960104e-06,1.2905660469186842e-06,1.2613541002792772e-06,0.0021189301259800473,0.002116216910762337
2021-07-30_02h22m33s_C6H6O6_[M]-_+HCl_114,2021-07-30_02h22m33s,cis-Aconitic acid,C6H6O6,[M]-,+HCl,114,1.124874257127954,3.6925141977916955,0.01694915254237288,0.01694915254237288,0.006797196573589943,0.009676643827383098,0.005067597498095221,0.005067597498095221,1.1301830861688877,104,1.0747756958007812,0.7896984815597534,190.2353057861328,8.276264190673828,0.7562409043312073,0.2900688052177429,0.28507718443870544,3.7569430708343026,1.419331271796549,4.1685717633299646e-07,2.760278903224389e-07,7.378371810773388e-05,3.245867674195324e-06,3.4304682117181073e-07,1.428395250968606e-07,1.4082927179970284e-07,0.0004167984789067248,0.00041671422384316996
2021-07-30_02h22m33s_C6H6O6_[M]-_-H2_114,2021-07-30_02h22m33s,cis-Aconitic acid,C6H6O6,[M]-,-H2,114,0.4865238069252984,3.091195371091205,0.005649717514124294,0.005649717514124294,0.002191567471353877,0.003155427335016228,0.0016124173857575703,0.0016124173857575703,0.48632549212454923,67,0.2935194671154022,0.19906064867973328,51.952945709228516,3.8939759731292725,0.2123820036649704,0.09395338594913483,0.09445882588624954,3.0748279626355903,1.3755586791482899,9.396929101512796e-08,5.313694728670271e-08,1.6632564438623376e-05,1.246643478225451e-06,9.094517849916883e-08,4.059953795376714e-08,4.083234372842526e-08,9.396545418540406e-05,9.396074573833487e-05
2021-07-30_02h22m33s_C6H6O6_+Cl_-H2_114,2021-07-30_02h22m33s,cis-Aconitic acid,C6H6O6,+Cl,-H2,114,0.0,0.0,0.0,0.0,0.001546334408721771,0.003485995912970309,0.0004075340645321332,0.0004075340645321332,0.0,2,0.0,-0.11598894000053406,0.0,0.0,37.29243087768555,0.13572907447814941,0.11598894000053406,0.0,0.0,0.0,-5.839919126060522e-08,0.0,0.0,1.593922388565261e-05,6.872954827485955e-08,5.839919126060522e-08,0.0,0.0
2021-07-30_02h22m33s_C6H6O6_[M]-_+H2_114,2021-07-30_02h22m33s,cis-Aconitic acid,C6H6O6,[M]-,+H2,114,0.15448534007017195,0.27764154449485917,0.11864406779661017,0.11864406779661017,0.7432973634442096,0.7216913090515688,0.7579956411573967,0.7579956411573967,0.15464372843903768,189,51.017860412597656,-131.39193725585938,9030.1611328125,147.99118041992188,153.65420532226562,183.75341796875,182.40980529785156,0.2796866135714524,0.33202819459058597,2.427988511044532e-05,-6.584261427633464e-05,0.004297539591789246,7.120269583538175e-05,7.587907020933926e-05,9.065608901437372e-05,9.012249938677996e-05,0.022272620851421135,0.022567485308289396
2021-07-30_02h22m33s_C6H6O6_-H_+C12H14N2_114,2021-07-30_02h22m33s,cis-Aconitic acid,C6H6O6,-H,+C12H14N2,114,4.838824456396393,172.24221534739155,1.0,0.9661016949152542,0.19254644565580153,0.18127178747445608,0.1966617644453107,0.1966617644453107,4.977232338670658,6,4482.67431640625,4457.642578125,793433.3125,6716.115234375,40.41636657714844,26.024410247802734,25.03171157836914,179.0726626786906,110.90960881505596,0.0016747723566368222,0.0016624265117570758,0.2964347004890442,0.0022874216083437204,1.9307683032820933e-05,1.2796950613847002e-05,1.2345817594905384e-05,1.6543480770392136,1.6430488894714785
2021-07-30_02h22m33s_C6H6O6_-H_-CH2O2_114,2021-07-30_02h22m33s,cis-Aconitic acid,C6H6O6,-H,-CH2O2,114,6.435523799938411,20.054852378580733,0.10734463276836158,0.10734463276836158,0.02521971298253421,0.05622670994109869,0.006680014883852792,0.006680014883852792,6.475269210727001,185,7.608574867248535,7.235177516937256,1346.7177734375,22.76824951171875,4.269169807434082,0.3783882260322571,0.37339717149734497,20.322201785924793,1.781796792718292,2.7074477202404523e-06,2.5228530375898117e-06,0.0004792182589881122,8.054640602495056e-06,1.8244146531287697e-06,1.8667931556137773e-07,1.8459465422893118e-07,0.0027069480321044504,0.002702517208245397
2021-07-30_02h22m33s_C6H6O6_[M]-_-CO2_114,2021-07-30_02h22m33s,cis-Aconitic acid,C6H6O6,[M]-,-CO2,114,0.8045827013115384,1.0501536445703075,0.04519774011299435,0.04519774011299435,0.04476582489709645,0.0423728813559322,0.04617538139872779,0.04617538139872779,0.8093636022967264,189,3.0885119438171387,0.17563819885253906,546.6666259765625,14.337089538574219,2.6582722663879395,2.940009593963623,2.9128737449645996,1.0599333444540373,1.1614124596622184,1.5993966826499673e-06,1.0040582765213912e-07,0.00028309322078712285,7.491877568099881e-06,1.358902181891608e-06,1.5102604038474965e-06,1.4989908549978281e-06,0.001597002790072243,0.0015972262084703024
2021-07-30_02h22m33s_C6H6O6_[M]-_-H2O_114,2021-07-30_02h22m33s,cis-Aconitic acid,C6H6O6,[M]-,-H2O,114,5.139724798823812,68.61930176385097,0.05649717514124294,0.05649717514124294,0.0022694404271887863,0.004147133068878471,0.0009922568527738894,0.0009922568527738894,5.1449028442099864,64,3.790494918823242,3.737124443054199,670.9176025390625,15.71734619140625,0.26215866208076477,0.054239485412836075,0.053370390087366104,69.71616191703633,14.403838691275606,1.4526020777339e-06,1.427914185114787e-06,0.00025711057242006063,6.168515483295778e-06,1.0928106064511667e-07,2.5204968778780312e-08,2.46878713028309e-08,0.0014525662169660766,0.0014524433531837371
2021-07-30_02h22m33s_C6H6O6_+Cl_-CO2_114,2021-07-30_02h22m33s,cis-Aconitic acid,C6H6O6,+Cl,-CO2,114,0.8509897843378645,3.036926007685118,0.011299435028248588,0.011299435028248588,0.013193903660028924,0.03002163721601154,0.003277991388628028,0.003277991388628028,0.8585137112993181,92,0.5822532773017883,0.3980097472667694,103.05883026123047,5.446481227874756,4.397353649139404,0.19072455167770386,0.18424353003501892,3.143177401076937,0.13237982294027534,2.408820591881522e-07,1.5615853499184595e-07,4.263612208887935e-05,2.2798444661020767e-06,1.779552576408605e-06,8.788839522821945e-08,8.472352419630624e-08,0.00024086165254010524,0.00024045415837111472
2021-07-30_02h22m33s_C6H6O6_[M]-_-CH2O3_114,2021-07-30_02h22m33s,cis-Aconitic acid,C6H6O6,[M]-,-CH2O3,114,0.5355545414525972,12.655104337757615,0.005649717514124294,0.005649717514124294,0.0006341083546556903,0.0007512922226229114,0.0005492850434998317,0.0005492850434998317,0.5357666983541493,23,0.4067796468734741,0.37576621770858765,72.0,5.396542549133301,0.04713519290089607,0.03114352375268936,0.03101341798901558,12.706535959798108,8.450774212351845,1.8770958831737516e-07,1.7441686850361293e-07,3.3224598155356944e-05,2.490249016773305e-06,2.0366128339333045e-08,1.3289692013529475e-08,1.3292716261048554e-08,0.00018770709318024532,0.00018770576547766542
2021-07-30_02h22m33s_C6H6O6_+Cl_+H2_114,2021-07-30_02h22m33s,cis-Aconitic acid,C6H6O6,+Cl,+H2,114,0.0,0.0,0.0,0.0,0.01007898542663255,0.02025483832191369,0.004110778390063257,0.004110778390063257,0.0,13,0.0,-9.76065731048584,0.0,0.0,287.9017333984375,9.547381401062012,9.76065731048584,0.0,0.0,0.0,-5.016579507355345e-06,0.0,0.0,0.00011963104043388739,4.907657512376318e-06,5.016579507355345e-06,0.0,0.0
2021-07-30_02h22m33s_C6H6O6_[M]-_-CH2O2_114,2021-07-30_02h22m33s,cis-Aconitic acid,C6H6O6,[M]-,-CH2O2,114,2.3711134296937164,16.302410186505796,0.02824858757062147,0.02824858757062147,0.0021248192234953832,0.0023440317345834838,0.0019136382160639296,0.0019136382160639296,2.3686463273393046,57,1.8549017906188965,1.7414631843566895,328.317626953125,11.104135513305664,0.14123232662677765,0.11278083175420761,0.11343861371278763,16.20870552726405,13.04135167166477,7.792850738042034e-07,7.227255309771863e-07,0.0001379334571538493,4.836981588596245e-06,6.37852863860644e-08,5.624283261340679e-08,5.655956769601289e-08,0.0007792410002700972,0.0007792353700529624
2021-07-30_02h22m33s_C6H6O6_[M]-__114,2021-07-30_02h22m33s,cis-Aconitic acid,C6H6O6,[M]-,,114,1.5099013108791048,1.752490285443475,0.14124293785310735,0.0,0.07933029257981979,0.07185358817165524,0.08354448322908731,0.08354448322908731,1.5216860796041312,3,18.825523376464844,8.182982444763184,3332.11767578125,48.094512939453125,21.039636611938477,10.741155624389648,10.64254093170166,1.7687274843274428,0.8947221381021915,8.725303814571816e-06,3.5386606214160565e-06,0.0015443786978721619,2.2500476916320622e-05,9.313875125371851e-06,5.2340278671181295e-06,5.18664319315576e-06,0.008680282287530526,0.008644787344757352
2021-07-30_02h22m33s_C6H6O6_[M]-_+C12H14N2_114,2021-07-30_02h22m33s,cis-Aconitic acid,C6H6O6,[M]-,+C12H14N2,114,0.6781047276547522,1.503466849906359,0.5423728813559322,0.5423728813559322,0.7521192568695072,0.6892655367231638,0.789836454808016,0.789836454808016,0.6788086767422479,189,221.28282165527344,74.76026916503906,39167.05859375,362.34234619140625,111.53302001953125,147.1807098388672,146.52255249023438,1.51022015160342,1.983993956431621,9.967407822841778e-05,2.6532718038652092e-05,0.0176423117518425,0.000151063795783557,5.491423871717416e-05,7.335602276725695e-05,7.314136018976569e-05,0.09288066039202163,0.09448548002312131
2021-07-30_02h22m33s_C10H12N5O6P_-H_-CH2O2_88,2021-07-30_02h22m33s,Cyclic adenosine monophosphate,C10H12N5O6P,-H,-CH2O2,88,0.0,0.0,0.0,0.0,0.0063188341306040716,0.013192691429258325,0.002285734535854138,0.002285734535854138,0.0,5,0.0,-0.8137385249137878,0.0,0.0,40.069984436035156,0.7937111854553223,0.8137385249137878,0.0,0.0,0.0,-4.257882153524406e-07,0.0,0.0,1.7283111446886323e-05,4.1530887529006577e-07,4.257882153524406e-07,0.0,0.0
2021-07-30_02h22m33s_C10H12N5O6P_-H__88,2021-07-30_02h22m33s,Cyclic adenosine monophosphate,C10H12N5O6P,-H,,88,38.226867248724915,958.8052574620908,1.0,1.0,0.024340861052397373,0.03302680610650319,0.016159611602317627,0.016159611602317627,88.57565810645556,12,127993.4140625,127990.609375,22654834.0,107536.1953125,213.22047424316406,133.49160766601562,2.801226854324341,45675.60754939705,600.2838809590658,0.05491837486624718,0.054917022585868835,9.720552444458008,0.04137638956308365,8.87358546606265e-05,6.151966226752847e-05,1.3536538290281896e-06,54.844134893049464,50.44233147200426
2021-07-30_02h22m33s_C10H12N5O6P_+Cl_-H2O_88,2021-07-30_02h22m33s,Cyclic adenosine monophosphate,C10H12N5O6P,+Cl,-H2O,88,0.9159199536887294,1.8363028569566846,0.01694915254237288,0.01694915254237288,0.013816887306708199,0.02280923187883159,0.00850505873806191,0.00850505873806191,0.9187940177576539,130,0.931405782699585,0.4273887872695923,164.85882568359375,7.093375205993652,2.8999085426330566,0.5062179565429688,0.5040169954299927,1.8443058176815357,0.3210738184300631,4.595174232235877e-07,2.319231953151757e-07,8.1334583228454e-05,3.5511195619619684e-06,1.1988496453341213e-06,2.2839842017674528e-07,2.27594227908412e-07,0.0004594128635076265,0.0004589671905699529
2021-07-30_02h22m33s_C10H12N5O6P_+Cl_-CH2O2_88,2021-07-30_02h22m33s,Cyclic adenosine monophosphate,C10H12N5O6P,+Cl,-CH2O2,88,0.0,0.0,0.0,0.0,0.004016019579486038,0.006220699603317706,0.002728706345128196,0.002728706345128196,0.0,93,0.0,-0.1537276655435562,0.0,0.0,0.4114740788936615,0.1563083976507187,0.1537276655435562,0.0,0.0,0.0,-6.756935277962839e-08,0.0,0.0,1.7356585146899306e-07,6.851414013908652e-08,6.756935277962839e-08,0.0,0.0
2021-07-30_02h22m33s_C10H12N5O6P_-H_+C12H14N2_88,2021-07-30_02h22m33s,Cyclic adenosine monophosphate,C10H12N5O6P,-H,+C12H14N2,88,3.897809736700835,20.734922431929377,0.3050847457627119,0.3050847457627119,0.07304483257314495,0.07990744079817286,0.06827081524531779,0.06827081524531779,3.9962843570334092,189,79.32015228271484,75.63146209716797,14039.6669921875,264.56903076171875,5.851380825042725,3.8244376182556152,3.688689947128296,21.497782583181582,13.553484411557543,3.1919880711939186e-05,3.0257797334343195e-05,0.0056498185731470585,9.625356324249879e-05,2.4460227905365173e-06,1.7172617390315281e-06,1.662083718656504e-06,0.03186691523096998,0.03184199446777487
2021-07-30_02h22m33s_C10H12N5O6P_[M]-_+C12H14N2_88,2021-07-30_02h22m33s,Cyclic adenosine monophosphate,C10H12N5O6P,[M]-,+C12H14N2,88,2.1907654750713905,4.524515256760997,0.3672316384180791,0.3672316384180791,0.15846034041606408,0.15876307248467364,0.15762708861208072,0.15762708861208072,2.1912537051338705,189,44.71066665649414,34.8316650390625,7913.7880859375,101.07501220703125,10.433417320251465,9.880868911743164,9.879002571105957,4.525369941425964,4.284922222702191,1.856688868429046e-05,1.4043847841094248e-05,0.0032863393425941467,3.8567693991353735e-05,4.552415248326724e-06,4.521236405707896e-06,4.523040843196213e-06,0.01848328801766998,0.018482747542546796
2021-07-30_02h22m33s_C10H12N5O6P_+Cl__88,2021-07-30_02h22m33s,Cyclic adenosine monophosphate,C10H12N5O6P,+Cl,,88,28.885982848675773,425.3213877258839,0.6440677966101694,0.6440677966101694,0.02011347202135944,0.030051688904916458,0.012296897425447845,0.012296897425447845,32.15899070078061,164,307.21136474609375,306.63238525390625,54376.4140625,607.6901245117188,5.268153190612793,0.7213040590286255,0.5789664387702942,529.705417778097,58.30374514322397,0.00012461333244573325,0.0001243609731318429,0.022056560963392258,0.0002275758160976693,2.0825236788368784e-06,3.1907273978504236e-07,2.523544253563159e-07,0.1245818936535505,0.12435436154325279
2021-07-30_02h22m33s_C10H12N5O6P_-H_+HCl_88,2021-07-30_02h22m33s,Cyclic adenosine monophosphate,C10H12N5O6P,-H,+HCl,88,28.885982848675773,425.3213877258839,0.6440677966101694,0.6440677966101694,0.02011347202135944,0.030051688904916458,0.012296897425447845,0.012296897425447845,32.15899070078061,164,307.21136474609375,306.63238525390625,54376.4140625,607.6901245117188,5.268153190612793,0.7213040590286255,0.5789664387702942,529.705417778097,58.30374514322397,0.00012461333244573325,0.0001243609731318429,0.022056560963392258,0.0002275758160976693,2.0825236788368784e-06,3.1907273978504236e-07,2.523544253563159e-07,0.1245818936535505,0.12435436154325279
2021-07-30_02h22m33s_C10H12N5O6P_+Cl_-CH2O3_88,2021-07-30_02h22m33s,Cyclic adenosine monophosphate,C10H12N5O6P,+Cl,-CH2O3,88,3.5063077443134563,9.553585678607897,0.05649717514124294,0.05649717514124294,0.011669818667259984,0.02085587210001202,0.006113010967981998,0.006113010967981998,3.568706679642839,126,3.495070695877075,3.1467387676239014,618.6275024414062,14.46095085144043,1.7580204010009766,0.3648386299610138,0.34833192825317383,10.005013607986236,1.986941535122727,1.5894220268819481e-06,1.4277898117143195e-06,0.000281327695120126,6.700481208099518e-06,7.52607718368381e-07,1.6904161270758777e-07,1.6163225780019275e-07,0.0015891651665280648,0.0015882267151975716
2021-07-30_02h22m33s_C10H12N5O6P_[M]-_-H2_88,2021-07-30_02h22m33s,Cyclic adenosine monophosphate,C10H12N5O6P,[M]-,-H2,88,11.058183567068848,30.158285775805215,0.2598870056497175,0.2598870056497175,0.02450773167204361,0.041922106022358456,0.013501780746673282,0.013501780746673282,11.181307943075037,188,23.729103088378906,22.957244873046875,4200.05126953125,48.70589828491211,2.852332830429077,0.7858186960220337,0.7718589901924133,30.70301748378606,8.316275912617801,9.859457350103185e-06,9.513815712125506e-06,0.0017451238818466663,1.9757324480451643e-05,1.1748680890377727e-06,3.524097564877593e-07,3.4564126849545573e-07,0.009856050692239562,0.009847887381474253
2021-07-30_02h22m33s_C10H12N5O6P_+Cl_-NH3_88,2021-07-30_02h22m33s,Cyclic adenosine monophosphate,C10H12N5O6P,+Cl,-NH3,88,1.4004809830926361,2.0953607745154184,0.02824858757062147,0.0,0.014662365112915786,0.02220819810073326,0.010170632740932366,0.010170632740932366,1.4015829474957373,100,1.1766921281814575,0.619003176689148,208.27450561523438,6.901477813720703,2.6682121753692627,0.5605701804161072,0.5576889514923096,2.106166812567896,0.44083873850106065,5.035401500208536e-07,2.6632505978341214e-07,8.912660996429622e-05,3.0225432965380605e-06,1.0786494613057585e-06,2.3774479984695063e-07,2.3721509023744147e-07,0.0005034207310267157,0.0005029975919392702
2021-07-30_02h22m33s_C10H12N5O6P_-H_-CO2_88,2021-07-30_02h22m33s,Cyclic adenosine monophosphate,C10H12N5O6P,-H,-CO2,88,1.7807764278803784,3.629843051173547,0.03954802259887006,0.03954802259887006,0.018422516408944264,0.0288496213487198,0.012208303063593032,0.012208303063593032,1.7866846792910833,178,2.6053617000579834,1.892071008682251,461.1490173339844,13.04969310760498,1.9964790344238281,0.7167615294456482,0.7132906913757324,3.6474809647036355,1.3043249291522596,1.4333699027702096e-06,1.0879012961595436e-06,0.00025370647199451923,7.232342795759905e-06,8.988640729512554e-07,3.473355718597304e-07,3.4546860661066603e-07,0.001432874889478694,0.0014320826551220238
2021-07-30_02h22m33s_C10H12N5O6P_[M]-_+H2_88,2021-07-30_02h22m33s,Cyclic adenosine monophosphate,C10H12N5O6P,[M]-,+H2,88,0.6889145586709683,5.939242520146664,0.2937853107344633,0.2937853107344633,0.42952497496940706,0.45242817646351724,0.41644665733472724,0.41644665733472724,0.6937778108949595,189,201.3173828125,168.21559143066406,35633.17578125,416.5888366699219,39.70249557495117,33.895137786865234,33.10179138183594,6.0815832867486295,5.070520363438996,9.074043191503733e-05,7.415781146846712e-05,0.016061056405305862,0.00018706194532569498,1.9001116015715525e-05,1.6914515072130598e-05,1.6582624084549025e-05,0.08926026253571934,0.08904841269441544
2021-07-30_02h22m33s_C10H12N5O6P_+Cl_-HPO3_88,2021-07-30_02h22m33s,Cyclic adenosine monophosphate,C10H12N5O6P,+Cl,-HPO3,88,1.7807764278803784,3.629843051173547,0.03954802259887006,0.03954802259887006,0.018422516408944264,0.0288496213487198,0.012208303063593032,0.012208303063593032,1.7866846792910833,178,2.6053617000579834,1.892071008682251,461.1490173339844,13.04969310760498,1.9964790344238281,0.7167615294456482,0.7132906913757324,3.6474809647036355,1.3043249291522596,1.4333699027702096e-06,1.0879012961595436e-06,0.00025370647199451923,7.232342795759905e-06,8.988640729512554e-07,3.473355718597304e-07,3.4546860661066603e-07,0.001432874889478694,0.0014320826551220238
2021-07-30_02h22m33s_C10H12N5O6P_[M]-_-CH2O3_88,2021-07-30_02h22m33s,Cyclic adenosine monophosphate,C10H12N5O6P,[M]-,-CH2O3,88,1.2956081438009448,1.55727812634924,0.12994350282485875,0.12994350282485875,0.11821114695739236,0.16549465079937492,0.09029537360242394,0.09029537360242394,1.2938691907183937,188,9.402547836303711,3.356869697570801,1664.2509765625,25.488670349121094,13.327967643737793,6.036808967590332,6.04567813873291,1.5549939356080937,0.7054220617544383,3.961122729378985e-06,1.0279500202159397e-06,0.0007011187262833118,1.073970997822471e-05,6.020709406584501e-06,2.9250049919937737e-06,2.9331727091630455e-06,0.003949538052150616,0.003937416687689769
2021-07-30_02h22m33s_C10H12N5O6P_-H_+H2_88,2021-07-30_02h22m33s,Cyclic adenosine monophosphate,C10H12N5O6P,-H,+H2,88,61.38660169463872,2521.2249471727273,1.0,0.9943502824858758,0.00942262765602403,0.009466282005048683,0.0062901996916916204,0.0062901996916916204,100.0,8,15544.5,15544.5,2751376.5,27027.759765625,15.848287582397461,6.164455413818359,0.0,15544500.0,980.769635176791,0.006225544027984142,0.006225544027984142,1.1019213199615479,0.009739802218973637,6.041216693120077e-06,2.837618694684352e-06,0.0,6.225544027984142,6.188160012417428
2021-07-30_02h22m33s_C10H12N5O6P_[M]-_-H2O_88,2021-07-30_02h22m33s,Cyclic adenosine monophosphate,C10H12N5O6P,[M]-,-H2O,88,12.736675048968223,56.194978559775194,0.22598870056497175,0.22598870056497175,0.021848926465680277,0.044686861401610774,0.00774314722611053,0.00774314722611053,12.911763595197167,187,25.005340576171875,24.575899124145508,4425.9453125,60.8095588684082,3.3969366550445557,0.44397464394569397,0.42944225668907166,58.092206765457945,7.358977848821608,1.0710848073358648e-05,1.0512075277802069e-05,0.0018958201399073005,2.605431836855132e-05,1.3728135854762513e-06,2.0491471275363438e-07,1.987730797736731e-07,0.010708719468209518,0.010696164233786021
2021-07-30_02h22m33s_C10H12N5O6P_+Cl_+C12H14N2_88,2021-07-30_02h22m33s,Cyclic adenosine monophosphate,C10H12N5O6P,+Cl,+C12H14N2,88,4.270092001200365,80.12455658699282,0.04519774011299435,0.04519774011299435,0.0016130826565802648,0.0031253756461113113,0.0005847227882417563,0.0005847227882417563,4.264148210290178,57,2.68315052986145,2.649843454360962,474.91766357421875,12.461928367614746,0.19911189377307892,0.03248724341392517,0.03330697491765022,78.21005892539435,13.408251150249296,9.706002401799196e-07,9.559961426930386e-07,0.0001717962441034615,4.5803280954714864e-06,7.435889415319252e-08,1.4244634805038459e-08,1.4604062847922705e-08,0.0009705860656800172,0.0009705280727856827
2021-07-30_02h22m33s_C10H12N5O6P_[M]-_-CH2O2_88,2021-07-30_02h22m33s,Cyclic adenosine monophosphate,C10H12N5O6P,[M]-,-CH2O2,88,1.5795428807884813,2.0148635030318522,0.06779661016949153,0.06779661016949153,0.050750917788408054,0.0808991465320351,0.032921664865247974,0.032921664865247974,1.5864397557514494,189,3.9852001667022705,2.0192108154296875,705.3804321289062,14.944433212280273,5.906859874725342,1.9769008159637451,1.9659894704818726,2.0260404168437045,0.6745590198832438,1.831108761507494e-06,9.05840181530948e-07,0.0003241062513552606,6.887290510348976e-06,2.6775921924127033e-06,9.299331509282638e-07,9.252685799765459e-07,0.0018294160603071871,0.0018262188920604762
2021-07-30_02h22m33s_C10H12N5O6P_[M]-_+HCl_88,2021-07-30_02h22m33s,Cyclic adenosine monophosphate,C10H12N5O6P,[M]-,+HCl,88,6.8239212421271045,15.508407772915914,0.3220338983050847,0.3220338983050847,0.04849260206919569,0.06620387065753096,0.03719191310664989,0.03719191310664989,6.875105501651477,189,35.33526611328125,33.0782470703125,6254.341796875,69.13123321533203,4.588766574859619,2.277458667755127,2.257018804550171,15.6487917824584,7.698706576240644,1.4751371963939164e-05,1.3764480172540061e-05,0.0026109928730875254,2.8409482183633372e-05,1.9063849094891339e-06,9.93641378954635e-07,9.868915640254272e-07,0.014736828312397168,0.014723303679985813
2021-07-30_02h22m33s_C10H12N5O6P_-H_-NH3_88,2021-07-30_02h22m33s,Cyclic adenosine monophosphate,C10H12N5O6P,-H,-NH3,88,2.6962217263770114,5.155372535081864,0.07344632768361582,0.07344632768361582,0.02488597174324174,0.03759466282005049,0.017240462816946328,0.017240462816946328,2.6927254750830403,189,5.48647403717041,4.421566009521484,971.1058959960938,19.934677124023438,2.4108972549438477,1.0632245540618896,1.0649081468582153,5.1472296682804215,2.2747544597616547,2.1163950805203058e-06,1.6449561144327163e-06,0.0003746019210666418,7.841224942239933e-06,1.0101674661200377e-06,4.699726332546561e-07,4.714389376658801e-07,0.002115397799628908,0.002114259324535719
2021-07-30_02h22m33s_C10H12N5O6P_-H_-H3PO4_88,2021-07-30_02h22m33s,Cyclic adenosine monophosphate,C10H12N5O6P,-H,-H3PO4,88,9.755564069900153,19.407304992909758,0.4406779661016949,0.4406779661016949,0.04723551006786072,0.06560283687943262,0.03517196165636019,0.03517196165636019,9.935957156301138,189,41.959102630615234,39.85128402709961,7426.76123046875,55.673431396484375,4.359744071960449,2.1610262393951416,2.107818365097046,19.896973264781064,9.622005313361987,1.806970249162987e-05,1.7039361409842968e-05,0.0031983372755348682,2.3894517653388903e-05,2.0170314201095607e-06,1.0551261766522657e-06,1.030340968100063e-06,0.018051103699968367,0.018033328701030724
2021-07-30_02h22m33s_C10H12N5O6P_+Cl_-H2_88,2021-07-30_02h22m33s,Cyclic adenosine monophosphate,C10H12N5O6P,+Cl,-H2,88,15.128405540021147,172.91712761448093,0.1751412429378531,0.1751412429378531,0.0031927911892312825,0.005018632047121048,0.0015769796410156458,0.0015769796410156458,15.195396452595729,77,16.30475425720215,16.21424102783203,2885.94140625,39.71674728393555,0.357787162065506,0.09329230338335037,0.09051244705915451,178.16979854841605,45.44408490910633,6.8915369411115535e-06,6.852355909359176e-06,0.0012198020704090595,1.6546995539101772e-05,1.5174795464645285e-07,4.03866948772702e-08,3.918094648724946e-08,0.006891266934750554,0.006890491323146757
2021-07-30_02h22m33s_C10H12N5O6P_+Cl_+HCl_88,2021-07-30_02h22m33s,Cyclic adenosine monophosphate,C10H12N5O6P,+Cl,+HCl,88,0.0,0.0,0.0,0.0,0.002302814551118033,0.003035220579396562,0.001878200471322005,0.001878200471322005,0.0,67,0.0,-0.10637269169092178,0.0,0.0,0.19520315527915955,0.10484382510185242,0.10637269169092178,0.0,0.0,0.0,-4.765162131548095e-08,0.0,0.0,7.833066462126226e-08,4.698202360486903e-08,4.765162131548095e-08,0.0,0.0
2021-07-30_02h22m33s_C10H12N5O6P_+Cl_-CO2_88,2021-07-30_02h22m33s,Cyclic adenosine monophosphate,C10H12N5O6P,+Cl,-CO2,88,0.7922669289728071,1.446271444078267,0.01694915254237288,0.01694915254237288,0.015474468795194126,0.02238850823416276,0.011393234934528767,0.011393234934528767,0.7937327297381005,182,0.9565969109535217,0.29788118600845337,169.31765747070312,7.337658405303955,1.3585116863250732,0.6604228019714355,0.6587157249450684,1.4500138086494352,0.7036327238490465,5.393630999606103e-07,2.333892439310148e-07,9.546727233100682e-05,4.317642378737219e-06,5.864517333975527e-07,3.0604741141360137e-07,3.059738560295955e-07,0.0005391981194328435,0.0005390469749277811
2021-07-30_02h22m33s_C10H12N5O6P_+Cl_-H3PO4_88,2021-07-30_02h22m33s,Cyclic adenosine monophosphate,C10H12N5O6P,+Cl,-H3PO4,88,0.7383550885904763,1.0008535532665086,0.022598870056497175,0.0,0.02775614640115697,0.03990864286572905,0.02060704856742917,0.02060704856742917,0.7372073143800558,10,0.9628005623817444,-0.0007564425468444824,170.4156951904297,6.331832408905029,4.34028434753418,0.9609794616699219,0.9635570049285889,0.9981790163382054,0.22177781626504345,4.490375431487337e-07,-9.724999472382478e-09,7.947964331833646e-05,3.0346027415362187e-06,1.7695197129796725e-06,4.574051786221389e-07,4.5876254262111615e-07,0.00044883163600619065,0.0004482443659070291
2021-07-30_02h22m33s_C10H12N5O6P_-H_-CH2O3_88,2021-07-30_02h22m33s,Cyclic adenosine monophosphate,C10H12N5O6P,-H,-CH2O3,88,0.7383550885904763,1.0008535532665086,0.022598870056497175,0.0,0.02775614640115697,0.03990864286572905,0.02060704856742917,0.02060704856742917,0.7372073143800558,10,0.9628005623817444,-0.0007564425468444824,170.4156951904297,6.331832408905029,4.34028434753418,0.9609794616699219,0.9635570049285889,0.9981790163382054,0.22177781626504345,4.490375431487337e-07,-9.724999472382478e-09,7.947964331833646e-05,3.0346027415362187e-06,1.7695197129796725e-06,4.574051786221389e-07,4.5876254262111615e-07,0.00044883163600619065,0.0004482443659070291
2021-07-30_02h22m33s_C10H12N5O6P_[M]-_-NH3_88,2021-07-30_02h22m33s,Cyclic adenosine monophosphate,C10H12N5O6P,[M]-,-NH3,88,1.0521369451875107,1.704903113594865,0.03954802259887006,0.03954802259887006,0.029647346757147624,0.03308690948431302,0.02758828428158832,0.02758828428158832,1.065358872131168,188,3.17057728767395,1.3446661233901978,561.1921997070312,16.14571762084961,2.1711771488189697,1.8586817979812622,1.8259111642837524,1.7354852001886951,1.4596310845999918,1.1333345355524216e-06,3.2388322779297596e-07,0.00020060020324308425,5.7168531384377275e-06,9.272962984141486e-07,8.213269779844268e-07,8.094513077594456e-07,0.0011324178984036285,0.0011322845722598136
2021-07-30_02h22m33s_C10H12N5O6P_-H_-H2_88,2021-07-30_02h22m33s,Cyclic adenosine monophosphate,C10H12N5O6P,-H,-H2,88,29.732598112580472,215.279646367904,0.4632768361581921,0.4632768361581921,0.00960062298364668,0.01400408702969107,0.005581444796853128,0.005581444796853128,30.378881303707246,148,68.92115020751953,68.62104797363281,12199.04296875,119.0138931274414,0.9244357347488403,0.3191470801830292,0.30010202527046204,228.8963355381345,74.47426938427493,2.975108873215504e-05,2.96125090244459e-05,0.005265942774713039,4.9283185944659635e-05,3.9184672573355783e-07,1.4726779795637412e-07,1.3858043246273155e-07,0.029746966384688996,0.02973943543175594
2021-07-30_02h22m33s_C10H12N5O6P_[M]-_-HPO3_88,2021-07-30_02h22m33s,Cyclic adenosine monophosphate,C10H12N5O6P,[M]-,-HPO3,88,0.44518359928695844,0.5221557787991612,0.03389830508474576,0.03389830508474576,0.06589164534430972,0.06563288856833754,0.0661445505608023,0.0661445505608023,0.4397414146655775,189,3.467796802520752,-3.23087739944458,613.800048828125,18.92455291748047,7.082828521728516,6.6403069496154785,6.698674201965332,0.5176067817601463,0.48953709027312525,1.3014189335081028e-06,-1.9922222236345988e-06,0.0002303511428181082,7.11958000465529e-06,3.2984416975523345e-06,3.257504886278184e-06,3.2936411571427016e-06,0.0012971465980857997,0.0012971403915530248
2021-07-30_02h22m33s_C10H12N5O6P_-H_-HPO3_88,2021-07-30_02h22m33s,Cyclic adenosine monophosphate,C10H12N5O6P,-H,-HPO3,88,0.7873791096409052,0.9400849549854602,0.07909604519774012,0.07909604519774012,0.093870285904995,0.09974155547541771,0.0904548434537626,0.0904548434537626,0.7821961268243484,189,7.717647075653076,-0.5268397331237793,1366.0235595703125,28.024778366088867,9.305560111999512,8.208520889282227,8.244486808776855,0.9359844063346359,0.8292695671413809,3.3225044262508163e-06,-7.912224191386485e-07,0.0005880832904949784,1.2451791008061264e-05,4.4877447180624586e-06,4.085985892743338e-06,4.113726845389465e-06,0.0033088925461551887,0.003307660490356077
2021-07-30_02h22m33s_C10H12N5O6P_[M]-__88,2021-07-30_02h22m33s,Cyclic adenosine monophosphate,C10H12N5O6P,[M]-,,88,0.0,0.0,0.0,0.0,0.0668149961063522,0.08727010457987738,0.05496394209472509,0.05496394209472509,0.0,188,0.0,-3.506953477859497,0.0,0.0,6.780885219573975,3.7036967277526855,3.506953477859497,0.0,0.0,0.0,-1.615174596736324e-06,0.0,0.0,2.9854211334168212e-06,1.702627400845813e-06,1.615174596736324e-06,0.0,0.0
2021-07-30_02h22m33s_C10H12N5O6P_[M]-_-H3PO4_88,2021-07-30_02h22m33s,Cyclic adenosine monophosphate,C10H12N5O6P,[M]-,-H3PO4,88,0.9001440589657999,0.8830272044344917,0.3615819209039548,0.3615819209039548,0.37966403381911223,0.35935809592499096,0.39169339263249286,0.39169339263249286,0.8948000394669107,189,28.730920791625977,-4.085397720336914,5085.373046875,40.58537673950195,30.017906188964844,32.53584671020508,32.81631851196289,0.8754804503955039,0.9570941929319083,1.3081000361125916e-05,-3.2197294785873964e-06,0.002315337071195245,1.9538032574928366e-05,1.4540898519044276e-05,1.613651511434e-05,1.6300729839713313e-05,0.012871190561074374,0.012893517038318163
2021-07-30_02h22m33s_C17H27N3O17P2_-H__79,2021-07-30_02h22m33s,Uridine diphosphate-N-acetylglucosamine,C17H27N3O17P2,-H,,79,41.29571021142661,49369.59029550692,0.4180790960451977,0.3389830508474576,0.0014684614528868618,0.0015326361341507393,0.00012403210659673618,0.00012403210659673618,41.43160756131155,2,5451.2294921875,5451.12646484375,964867.625,11316.46875,0.819617509841919,0.10941674560308456,0.10282386839389801,52504.58855478248,6642.838383058152,0.002161910757422447,0.0021618653554469347,0.3826581835746765,0.004359114915132523,2.736614419518446e-07,4.845638201800284e-08,4.5517786873006116e-08,2.161812356508344,2.161319287669665
2021-07-30_02h22m33s_C17H27N3O17P2_-H_+H2_79,2021-07-30_02h22m33s,Uridine diphosphate-N-acetylglucosamine,C17H27N3O17P2,-H,+H2,79,29.254016434784536,8246.646013675005,0.3163841807909605,0.3050847457627119,0.0025364334186227613,0.0037865128020194735,0.0008150681290642664,0.0008150681290642664,29.395732623454737,28,404.56072998046875,404.5155029296875,71607.25,918.4490356445312,0.23516780138015747,0.04805760830640793,0.0452292263507843,8751.189710826842,1713.0223833063953,0.0001615742949070409,0.00016155456250999123,0.02859865128993988,0.00035904196556657553,9.446969784221437e-08,2.0998893290880005e-08,1.973263508148193e-08,0.161571106683353,0.1615590324740594
2021-07-30_02h22m33s_C17H27N3O17P2_-H_+C12H14N2_79,2021-07-30_02h22m33s,Uridine diphosphate-N-acetylglucosamine,C17H27N3O17P2,-H,+C12H14N2,79,29.667398033341094,4522.928485299396,0.3050847457627119,0.3050847457627119,0.001991322727778396,0.0032756340906358937,0.000283501957935397,0.000283501957935397,29.646820601548168,39,84.89354705810547,84.87532806396484,15026.1572265625,166.0866241455078,0.4839688539505005,0.017769597470760345,0.018216975033283234,4417.633207675628,175.04948279992087,3.42642015311867e-05,3.425540489843115e-05,0.006064763758331537,6.645545363426208e-05,1.9835910336496454e-07,8.581912958049998e-09,8.797976569496768e-09,0.03426390007819663,0.0342574062627968
2021-07-30_02h22m33s_C17H27N3O17P2_[M]-_+HCl_79,2021-07-30_02h22m33s,Uridine diphosphate-N-acetylglucosamine,C17H27N3O17P2,[M]-,+HCl,79,0.5173079600639758,5.181043532185102,0.005649717514124294,0.005649717514124294,0.003415285348759595,0.00763312898184878,0.0009213813632900402,0.0009213813632900402,0.517069706023269,94,0.29644399881362915,0.23989179730415344,52.47058868408203,3.932774305343628,0.7864176630973816,0.056217044591903687,0.05655219778418541,5.150871908059227,0.3764761862815456,1.288619131400992e-07,1.0422228058359906e-07,2.2808559151599184e-05,1.7095463817895507e-06,3.188849575508357e-07,2.4388763009142167e-08,2.4639632556500146e-08,0.00012885873810814053,0.00012882083411388113
2021-07-30_02h22m33s_C17H27N3O17P2_[M]-_-HPO3_79,2021-07-30_02h22m33s,Uridine diphosphate-N-acetylglucosamine,C17H27N3O17P2,[M]-,-HPO3,79,6.494236732509216,62.54545452054516,0.07909604519774012,0.07909604519774012,0.004750250305929469,0.008714989782425773,0.002179421301628364,0.002179421301628364,6.49403645610176,122,8.272250175476074,8.140963554382324,1464.188232421875,31.02301788330078,0.5700278878211975,0.13125981390476227,0.13128703832626343,62.53258278467146,14.4865957546128,3.083313458773773e-06,3.030494781341986e-06,0.0005457464721985161,1.18825446406845e-05,2.1473213962508453e-07,5.272485381624392e-08,5.281874138063358e-08,0.003083150610639032,0.0030826515144183634
2021-07-30_02h22m33s_C17H27N3O17P2_[M]-_-CH2O3_79,2021-07-30_02h22m33s,Uridine diphosphate-N-acetylglucosamine,C17H27N3O17P2,[M]-,-CH2O3,79,0.0,0.0,0.0,0.0,0.0030815441094671266,0.0070921985815602835,0.0007264737672094548,0.0007264737672094548,0.0,86,0.0,-0.04131641238927841,0.0,0.0,0.5563923120498657,0.04030175134539604,0.04131641238927841,0.0,0.0,0.0,-1.7250071593366556e-08,0.0,0.0,2.0443988546503533e-07,1.6826438908879027e-08,1.7250071593366556e-08,0.0,0.0
2021-07-30_02h22m33s_C17H27N3O17P2_[M]-_-H3PO4_79,2021-07-30_02h22m33s,Uridine diphosphate-N-acetylglucosamine,C17H27N3O17P2,[M]-,-H3PO4,79,2.332946334669599,14.14047737429255,0.02824858757062147,0.02824858757062147,0.0053287351207030815,0.010668349561245342,0.002108545812144515,0.002108545812144515,2.3227629077239813,133,1.6888890266418457,1.567470669746399,298.933349609375,10.117815971374512,0.7230536937713623,0.11843649297952652,0.12141832709312439,13.796047264696709,2.3325466621749653,6.258576377149438e-07,5.760023213952081e-07,0.00011077680392190814,3.7024631183157908e-06,2.7683933012667694e-07,4.863093394646967e-08,4.985529855616733e-08,0.0006258264369510853,0.0006256844236582276
2021-07-30_02h22m33s_C17H27N3O17P2_-H_-H3PO4_79,2021-07-30_02h22m33s,Uridine diphosphate-N-acetylglucosamine,C17H27N3O17P2,-H,-H3PO4,79,6.279005018520099,121.55586242901178,0.06779661016949153,0.06779661016949153,0.002369562798976527,0.0046880634691669676,0.000797349256693304,0.000797349256693304,6.277894714034546,62,5.56100606918335,5.516194820404053,984.298095703125,21.636632919311523,0.3274776339530945,0.044748563319444656,0.04481135681271553,121.38924616264194,16.92963384526035,2.0985035007470287e-06,2.079935484289308e-06,0.0003714351332746446,8.256494766101241e-06,1.163489429245601e-07,1.844326646960326e-08,1.8567970272442835e-08,0.0020984645365198966,0.002098259370487291
2021-07-30_02h22m33s_C17H27N3O17P2_[M]-_-H2O_79,2021-07-30_02h22m33s,Uridine diphosphate-N-acetylglucosamine,C17H27N3O17P2,[M]-,-H2O,79,2.839392298003119,9.25214419255864,0.04519774011299435,0.04519774011299435,0.009033262876849482,0.014124293785310734,0.0059181033719014125,0.0059181033719014125,2.825840468547151,157,3.466090679168701,3.087188720703125,613.498046875,16.791629791259766,0.9884881973266602,0.37362566590309143,0.37890198826789856,9.123644482546087,3.502912605257119,1.2463376606319798e-06,1.0862815997825237e-06,0.0002206017670687288,6.0929924075026065e-06,4.1163039554703573e-07,1.5777963824348262e-07,1.6005611769287498e-07,0.0012461382085882044,0.0012458248412597897
2021-07-30_02h22m33s_C17H27N3O17P2_[M]-_+H2_79,2021-07-30_02h22m33s,Uridine diphosphate-N-acetylglucosamine,C17H27N3O17P2,[M]-,+H2,79,16.062606769396652,749.5341879538692,0.1751412429378531,0.1751412429378531,0.003070419401490711,0.0058300276475537925,0.0009036624909190779,0.0009036624909190779,16.02916088672134,108,40.8995246887207,40.844608306884766,7239.2158203125,107.26019287109375,0.4179424047470093,0.0535665899515152,0.054915208369493484,731.4561794789785,97.62565026908433,1.616539157112129e-05,1.6141408195835538e-05,0.002861274406313896,4.176449147053063e-05,1.7187173284582968e-07,2.3394186143832485e-08,2.3983172781072426e-08,0.016165003883040156,0.0161626136747017
2021-07-30_02h22m33s_C17H27N3O17P2_+Cl_+H2_79,2021-07-30_02h22m33s,Uridine diphosphate-N-acetylglucosamine,C17H27N3O17P2,+Cl,+H2,79,0.0,0.0,0.0,0.0,0.0009678495939481589,0.0018932564010097368,0.0004252529369030955,0.0004252529369030955,0.0,37,0.0,-0.024051496759057045,0.0,0.0,0.15837806463241577,0.025512050837278366,0.024051496759057045,0.0,0.0,0.0,-1.1234416064098696e-08,0.0,0.0,6.179460143584947e-08,1.1682028677739709e-08,1.1234416064098696e-08,0.0,0.0
2021-07-30_02h22m33s_C17H27N3O17P2_+Cl_-HPO3_79,2021-07-30_02h22m33s,Uridine diphosphate-N-acetylglucosamine,C17H27N3O17P2,+Cl,-HPO3,79,0.0,0.0,0.0,0.0,0.0009456001779953276,0.002103618223344152,0.0002657830855644347,0.0002657830855644347,0.0,38,0.0,-0.01719389483332634,0.0,0.0,0.1540912687778473,0.016771642491221428,0.01719389483332634,0.0,0.0,0.0,-6.442740563272764e-09,0.0,0.0,5.900201216491041e-08,6.284517350962915e-09,6.442740563272764e-09,0.0,0.0
2021-07-30_02h22m33s_C17H27N3O17P2_[M]-_-CO2_79,2021-07-30_02h22m33s,Uridine diphosphate-N-acetylglucosamine,C17H27N3O17P2,[M]-,-CO2,79,1.055158619205562,17.42731785852415,0.011299435028248588,0.011299435028248588,0.0023139392590944487,0.0049885803582161315,0.0007087548948384925,0.0007087548948384925,1.0534033254984894,96,0.7312064170837402,0.689217746257782,129.4235382080078,6.979622840881348,0.3115748167037964,0.040957484394311905,0.04198865592479706,17.009287714481903,2.3393004746657167,2.9133821044524666e-07,2.7479828190735134e-07,5.156686529517174e-05,2.7253281587036327e-06,1.1395549393000692e-07,1.6133730795786505e-08,1.6539924985181642e-08,0.00029133339181280037,0.0002913050146384192
2021-07-30_02h22m33s_C17H27N3O17P2_[M]-_+C12H14N2_79,2021-07-30_02h22m33s,Uridine diphosphate-N-acetylglucosamine,C17H27N3O17P2,[M]-,+C12H14N2,79,16.34110600191158,978.9393705395723,0.1694915254237288,0.1694915254237288,0.0022694404271887863,0.004597908402452218,0.00037209631979020857,0.00037209631979020857,16.326359934387312,47,22.34578514099121,22.323410034179688,3955.2041015625,53.92293930053711,0.5909740328788757,0.021826526150107384,0.0223760437220335,955.9267345110584,37.74791443523233,9.159380169876385e-06,9.149643119599205e-06,0.0016212102491408587,2.1896472389926203e-05,2.4087265160233073e-07,9.498362985027597e-09,9.737499695461338e-09,0.009159290981283244,0.009157174456983747
2021-07-30_02h22m33s_C17H27N3O17P2_-H_-NH3_79,2021-07-30_02h22m33s,Uridine diphosphate-N-acetylglucosamine,C17H27N3O17P2,-H,-NH3,79,1.5587138711780448,3.2725193436959246,0.03389830508474576,0.03389830508474576,0.014884859272444099,0.02010457987738911,0.011747612381948012,0.011747612381948012,1.5648804565331436,172,2.4823529720306396,1.730851650238037,439.3764953613281,13.509068489074707,1.4899638891220093,0.7575449347496033,0.7515012621879578,3.298802403085676,1.6649316526991371,9.720745310914936e-07,6.464399575634161e-07,0.00017205718904733658,5.295487426337786e-06,6.475175382547604e-07,3.27665645727393e-07,3.2563457352807745e-07,0.0009717580930592877,0.0009714455030907836
2021-07-30_02h22m33s_C17H27N3O17P2_[M]-_-H2_79,2021-07-30_02h22m33s,Uridine diphosphate-N-acetylglucosamine,C17H27N3O17P2,[M]-,-H2,79,13.727396721327425,152.62342020484652,0.15819209039548024,0.15819209039548024,0.005339859828679497,0.010998918139199423,0.0015238230239027588,0.0015238230239027588,13.70337645097887,100,15.288135528564453,15.187668800354004,2706.0,38.29286575317383,2.1278038024902344,0.09916900098323822,0.10046683996915817,150.6712491806331,7.181561546761934,5.885570772079518e-06,5.8419514061824884e-06,0.001041745999827981,1.493589752499247e-05,8.426189310739574e-07,4.30727773448325e-08,4.3619291290042383e-08,0.005885314058851251,0.005880615654003085
2021-07-30_02h22m33s_C17H27N3O17P2_-H_-CO2_79,2021-07-30_02h22m33s,Uridine diphosphate-N-acetylglucosamine,C17H27N3O17P2,-H,-CO2,79,0.0,0.0,0.0,0.0,0.0009456001779953276,0.002103618223344152,0.0002657830855644347,0.0002657830855644347,0.0,38,0.0,-0.01719389483332634,0.0,0.0,0.1540912687778473,0.016771642491221428,0.01719389483332634,0.0,0.0,0.0,-6.442740563272764e-09,0.0,0.0,5.900201216491041e-08,6.284517350962915e-09,6.442740563272764e-09,0.0,0.0
2021-07-30_02h22m33s_C17H27N3O17P2_-H_-H2_79,2021-07-30_02h22m33s,Uridine diphosphate-N-acetylglucosamine,C17H27N3O17P2,-H,-H2,79,25.266106473287845,153.6845366167309,0.2768361581920904,0.2655367231638418,0.002191567471353877,0.002824858757062147,0.0009568191080319648,0.0009568191080319648,25.25245206315184,17,72.7554702758789,72.27205657958984,12877.7177734375,151.7345733642578,0.2096848040819168,0.47240787744522095,0.48341211676597595,150.1933328208381,345.3285138096182,2.9149507099646144e-05,2.8910762921441346e-05,0.0051594628021121025,5.961265560472384e-05,8.441244148116311e-08,2.3331003262683225e-07,2.38743439240352e-07,0.029142549507148573,0.029147046726270012
2021-07-30_02h22m33s_C17H27N3O17P2_+Cl_-H2_79,2021-07-30_02h22m33s,Uridine diphosphate-N-acetylglucosamine,C17H27N3O17P2,+Cl,-H2,79,1.653437947260758,5.807161066850887,0.022598870056497175,0.022598870056497175,0.007142062520858828,0.012952277918018992,0.0036678065807891984,0.0036678065807891984,1.653254302906574,149,1.321768045425415,1.09535813331604,233.95294189453125,8.734147071838379,0.8571177124977112,0.22661001980304718,0.22640995681285858,5.812269893323675,1.540310875973138,5.935886520092026e-07,4.944823217556404e-07,0.00010506519174668938,4.209211510897148e-06,3.6885512599837966e-07,9.887212115700095e-08,9.910631604270748e-08,0.0005935298294543439,0.0005933697845225689
2021-07-30_02h22m33s_C17H27N3O17P2_-H_-H2O_79,2021-07-30_02h22m33s,Uridine diphosphate-N-acetylglucosamine,C17H27N3O17P2,-H,-H2O,79,12.672084281474138,149.68785844395845,0.15254237288135594,0.15254237288135594,0.0032372900211369454,0.004477701646832552,0.002037670322660666,0.002037670322660666,12.713827450744917,78,19.214712142944336,19.090394973754883,3401.00390625,50.09579086303711,0.3301744759082794,0.12736520171165466,0.1243179515004158,153.3276909883145,58.01990654698267,7.57000043449807e-06,7.515902325394563e-06,0.0013398900628089905,1.9894292563549243e-05,1.3521578523523203e-07,5.548175963099311e-08,5.409811976164747e-08,0.007569590933861183,0.00756897698933103
2021-07-30_02h22m33s_C26H45NO7S_-H_-H2O_144,2021-07-30_02h22m33s,Taurocholic acid,C26H45NO7S,-H,-H2O,144,56.92829115264735,2274.0236869080672,1.0,1.0,0.007386806096339971,0.0018031013342949874,0.0075659585024009076,0.0075659585024009076,99.63883922928291,1,6426.6962890625,6426.6806640625,1137525.25,8051.90283203125,0.31943368911743164,2.82513427734375,0.015535742975771427,388654.8247925147,20056.244107052247,0.0022853314876556396,0.0022853261325508356,0.4045036733150482,0.0024155518040060997,1.3867300197034638e-07,1.21727305213426e-06,5.396354474385134e-09,2.285319155263391,2.2850146178190407
2021-07-30_02h22m33s_C26H45NO7S_-H__144,2021-07-30_02h22m33s,Taurocholic acid,C26H45NO7S,-H,,144,46.35977558178697,1654.3940272697469,1.0,1.0,0.011591945711425074,0.006370958047842289,0.011570423658238389,0.011570423658238389,99.10196310864451,4,124579.953125,124579.2265625,22050652.0,135574.796875,17.388200759887695,75.30146789550781,0.7232020497322083,172023.75106652424,7164.213861534862,0.04467606917023659,0.04467581585049629,7.9076642990112305,0.04122048243880272,7.3662754402903374e-06,3.1788786145625636e-05,2.5176271378768433e-07,44.66482423287687,44.34937942578034
2021-07-30_02h22m33s_C26H45NO7S_+Cl_+C12H14N2_144,2021-07-30_02h22m33s,Taurocholic acid,C26H45NO7S,+Cl,+C12H14N2,144,0.8060665160331753,0.790565992569202,0.24293785310734464,0.24293785310734464,0.3024696851707643,0.321583122971511,0.2913868561404752,0.2913868561404752,0.8054297404160459,189,24.734573364257812,-6.578472137451172,4378.01953125,48.548805236816406,42.84646224975586,31.286170959472656,31.313045501708984,0.78988750792062,0.5772704394972364,9.962583135347813e-06,-4.271470970707014e-06,0.0017633772222325206,1.9846174836857244e-05,1.903140037029516e-05,1.4196269148669671e-05,1.4234054106054828e-05,0.009822765361718038,0.009776522226623846
2021-07-30_02h22m33s_C26H45NO7S_-H_+C12H14N2_144,2021-07-30_02h22m33s,Taurocholic acid,C26H45NO7S,-H,+C12H14N2,144,12.975438699500899,106.47710887885849,0.22033898305084745,0.22033898305084745,0.015886082990321505,0.029901430460391874,0.006981235714159151,0.006981235714159151,12.923077976334927,180,71.85270690917969,71.17076873779297,12717.9296875,162.1074981689453,3.7601397037506104,0.6738183498382568,0.6819391846656799,105.21098880034806,19.10397181937383,2.478082024026662e-05,2.444757592456881e-05,0.004386205226182938,5.4686075600329787e-05,1.6900071386771742e-06,3.2892359058678267e-07,3.3324386095046066e-07,0.02477256493508201,0.024739011134844918
2021-07-30_02h22m33s_C26H45NO7S_+Cl_+HCl_144,2021-07-30_02h22m33s,Taurocholic acid,C26H45NO7S,+Cl,+HCl,144,0.6236572946973826,0.6509538799417157,0.05084745762711865,0.05084745762711865,0.07182111469573924,0.07242457026084866,0.07153108776157485,0.07153108776157485,0.6201929296784597,189,3.352519989013672,-1.8290705680847168,593.3960571289062,14.82666015625,5.210455417633057,5.149165153503418,5.181590557098389,0.6468811209525047,0.6432982190868136,1.2775641380358138e-06,-1.0842978781511192e-06,0.00022612884640693665,5.6856438277463894e-06,2.3375669115921482e-06,2.3426132429449353e-06,2.361862016186933e-06,0.001274553817785999,0.0012745847109893837
2021-07-30_02h22m33s_C26H45NO7S_[M]-_+H2_144,2021-07-30_02h22m33s,Taurocholic acid,C26H45NO7S,[M]-,+H2,144,1.0329400759500227,28.292081220447987,0.011299435028248588,0.011299435028248588,0.0012348425853821337,0.0016828945786753215,0.0009391002356610025,0.0009391002356610025,1.0412494389392792,28,1.5322034358978271,1.484154462814331,271.20001220703125,16.071224212646484,0.11929319053888321,0.053156618028879166,0.04804900661110878,31.238215445342142,12.737241642971988,7.384625178019633e-07,7.160484756241203e-07,0.00013070786371827126,8.329378943017218e-06,4.606301828857795e-08,2.451498559707943e-08,2.2414049283270288e-08,0.000738445966237683,0.0007384285035562992
2021-07-30_02h22m33s_C26H45NO7S_-H_+H2_144,2021-07-30_02h22m33s,Taurocholic acid,C26H45NO7S,-H,+H2,144,0.0,0.0,0.0,0.0,0.001112470797641562,0.0014124293785310734,0.0009391002356610025,0.0009391002356610025,0.0,28,0.0,-0.03258604183793068,0.0,0.0,0.08737334609031677,0.05768139287829399,0.03258604183793068,0.0,0.0,0.0,-1.461474052888434e-08,0.0,0.0,3.597514819375647e-08,2.472409654785679e-08,1.461474052888434e-08,0.0,0.0
2021-07-30_02h22m33s_C26H45NO7S_+Cl_-NH3_144,2021-07-30_02h22m33s,Taurocholic acid,C26H45NO7S,+Cl,-NH3,144,0.6119699412058421,0.540734405559517,0.2824858757062147,0.2824858757062147,0.4514295249749694,0.4520375045077533,0.45160090011871645,0.45160090011871645,0.6083627917444249,189,20.698572158813477,-17.898862838745117,3663.647216796875,34.74293518066406,37.50887680053711,38.27762985229492,38.597434997558594,0.5362541812931714,0.551816586038936,8.409861038671806e-06,-9.334027708973736e-06,0.0014885454438626766,1.4384028872882482e-05,1.6898760804906487e-05,1.7566415408509783e-05,1.7743888747645542e-05,0.008263239044373247,0.008270106487311623
2021-07-30_02h22m33s_C26H45NO7S_+Cl__144,2021-07-30_02h22m33s,Taurocholic acid,C26H45NO7S,+Cl,,144,0.6740770322542996,0.701144811388735,0.096045197740113,0.096045197740113,0.13588830793191678,0.1418740233201106,0.1324840087176852,0.1324840087176852,0.6704162013197366,189,6.082862377166748,-2.6485228538513184,1076.6666259765625,19.05361557006836,9.73768138885498,8.674614906311035,8.731385231018066,0.6965865815859772,0.6246084181507388,2.4754779133218108e-06,-1.3544952253141673e-06,0.0004381595936138183,7.870269655541051e-06,4.106495453015668e-06,3.800438207690604e-06,3.829973138635978e-06,0.00246603307289364,0.0024653539485420487
2021-07-30_02h22m33s_C26H45NO7S_-H_+HCl_144,2021-07-30_02h22m33s,Taurocholic acid,C26H45NO7S,-H,+HCl,144,0.6740770322542996,0.701144811388735,0.096045197740113,0.096045197740113,0.13588830793191678,0.1418740233201106,0.1324840087176852,0.1324840087176852,0.6704162013197366,189,6.082862377166748,-2.6485228538513184,1076.6666259765625,19.05361557006836,9.73768138885498,8.674614906311035,8.731385231018066,0.6965865815859772,0.6246084181507388,2.4754779133218108e-06,-1.3544952253141673e-06,0.0004381595936138183,7.870269655541051e-06,4.106495453015668e-06,3.800438207690604e-06,3.829973138635978e-06,0.00246603307289364,0.0024653539485420487
2021-07-30_02h22m33s_C26H45NO7S_[M]-_-CH2O2_144,2021-07-30_02h22m33s,Taurocholic acid,C26H45NO7S,[M]-,-CH2O2,144,0.4679588290424186,3.4052901137378515,0.005649717514124294,0.005649717514124294,0.00233618867504728,0.002764755379252314,0.0020731080674025906,0.0020731080674025906,0.46682909276672535,54,0.44931870698928833,0.31635409593582153,79.52941131591797,5.960885524749756,0.19699518382549286,0.1309472620487213,0.1329645961523056,3.3540108349108424,2.269341598658807,1.1122647691763632e-07,5.1989420768450145e-08,1.9687086023623124e-05,1.4755860320292413e-06,8.477042001686641e-08,5.823129001214511e-08,5.9237056149186174e-08,0.00011121988857885166,0.00011121704900167941
2021-07-30_02h22m33s_C26H45NO7S_[M]-_+HCl_144,2021-07-30_02h22m33s,Taurocholic acid,C26H45NO7S,[M]-,+HCl,144,0.4425063420590411,0.5045083017542807,0.03389830508474576,0.03389830508474576,0.07093113805762599,0.07846495973073686,0.06660524124244734,0.06660524124244734,0.43939578122872897,189,2.1326022148132324,-2.1300125122070312,377.4705810546875,11.490361213684082,5.0874834060668945,4.226090431213379,4.262614727020264,0.5001864266248222,0.4191036984164229,8.651717280372395e-07,-9.995295613407507e-07,0.00015313539188355207,4.772570719069336e-06,2.156555638066493e-06,1.8453346228852752e-06,1.8647012893779902e-06,0.0008635614438993433,0.0008633099520926552
2021-07-30_02h22m33s_C26H45NO7S_+Cl_-H2O_144,2021-07-30_02h22m33s,Taurocholic acid,C26H45NO7S,+Cl,-H2O,144,2.435104276094721,3.5094564414192,0.24858757062146894,0.24858757062146894,0.09826454555567916,0.10794566654645991,0.09208497971189114,0.09208497971189114,2.4243326229558275,189,19.43653678894043,13.870817184448242,3440.266845703125,38.40741729736328,7.502674102783203,5.537332534790039,5.565720081329346,3.4915599320558863,2.5902693164314243,7.65834283811273e-06,5.23568496646476e-06,0.0013555267360061407,1.4728491805726662e-05,3.1039439818414394e-06,2.4069463506748434e-06,2.4226578716479708e-06,0.00763983413381037,0.007634645326697434
2021-07-30_02h22m33s_C26H45NO7S_[M]-_-CO2_144,2021-07-30_02h22m33s,Taurocholic acid,C26H45NO7S,[M]-,-CO2,144,0.0,0.0,0.0,0.0,0.0005451106908443653,0.0006310854670032456,0.0004961284263869447,0.0004961284263869447,0.0,18,0.0,-0.027402721345424652,0.0,0.0,0.04340170696377754,0.027841558679938316,0.027402721345424652,0.0,0.0,0.0,-1.1362907947898293e-08,0.0,0.0,1.7388595452416666e-08,1.1591311910308377e-08,1.1362907947898293e-08,0.0,0.0
2021-07-30_02h22m33s_C26H45NO7S_[M]-_-CH2O3_144,2021-07-30_02h22m33s,Taurocholic acid,C26H45NO7S,[M]-,-CH2O3,144,0.0,0.0,0.0,0.0,0.0009233507620424964,0.0009616540449573266,0.0009036624909190779,0.0009036624909190779,0.0,28,0.0,-0.05185941606760025,0.0,0.0,0.05487367510795593,0.051693037152290344,0.05185941606760025,0.0,0.0,0.0,-2.3353912581569602e-08,0.0,0.0,2.5021629213028973e-08,2.3174072438791882e-08,2.3353912581569602e-08,0.0,0.0
2021-07-30_02h22m33s_C26H45NO7S_+Cl_-H2_144,2021-07-30_02h22m33s,Taurocholic acid,C26H45NO7S,+Cl,-H2,144,2.8047627897343466,6.723955812373609,0.5988700564971752,0.5988700564971752,0.19727444654577816,0.18454742156509196,0.20351896805287312,0.20351896805287312,2.8022810067822417,189,93.95134735107422,79.95938873291016,16629.388671875,110.2146987915039,12.338844299316406,13.971630096435547,13.99195671081543,6.714188380105356,7.613657439444262,3.3843705750769004e-05,2.741247953963466e-05,0.005990336183458567,3.581280543585308e-05,5.533617240871536e-06,6.409840807464207e-06,6.431226211134344e-06,0.03362744007673416,0.03365745825946054
2021-07-30_02h22m33s_C26H45NO7S_[M]-_-H2_144,2021-07-30_02h22m33s,Taurocholic acid,C26H45NO7S,[M]-,-H2,144,0.31187643157040285,2.298627655838322,0.005649717514124294,0.005649717514124294,0.008421403938146624,0.008955403293665103,0.008115243545900739,0.008115243545900739,0.33206692083986084,144,1.1525424718856812,0.7529314756393433,204.00001525878906,15.290203094482422,0.5327563285827637,0.5004045963287354,0.3996109664440155,2.876961861818494,2.1593045555936095,4.972000056113757e-07,3.1736794880998787e-07,8.800440264167264e-05,6.596102593903197e-06,2.3025461359793553e-07,2.2263012056100706e-07,1.798320425905331e-07,0.0004971106091951307,0.0004970855493702803
2021-07-30_02h22m33s_C26H45NO7S_-H_-CH2O2_144,2021-07-30_02h22m33s,Taurocholic acid,C26H45NO7S,-H,-CH2O2,144,16.85464994140484,313.5718304735281,0.1807909604519774,0.1807909604519774,0.00134608966514629,0.00144248106743599,0.0007264737672094548,0.0007264737672094548,16.82862294795411,23,13.133044242858887,13.091228485107422,2324.548828125,29.491127014160156,0.11893399804830551,0.04088209196925163,0.041815660893917084,306.7345912374957,109.50226338297605,4.704265847976785e-06,4.685115527536254e-06,0.0008326550596393645,1.0738624041550793e-05,5.534172231591583e-08,1.8722611017096824e-08,1.9150153462987873e-08,0.004704175762289021,0.004704005520209513
2021-07-30_02h22m33s_C26H45NO7S_+Cl_+H2_144,2021-07-30_02h22m33s,Taurocholic acid,C26H45NO7S,+Cl,+H2,144,2.718106172997221,4.507317996713619,0.13559322033898305,0.13559322033898305,0.04248525976193125,0.04639980766919101,0.039885181707036164,0.039885181707036164,2.7158808607049107,189,10.961071968078613,8.527274131774902,1940.1097412109375,29.619768142700195,2.870781660079956,2.4308390617370605,2.43379807472229,4.501840247811441,3.8168194053350963,4.602702574629802e-06,3.543970251485007e-06,0.000814678380265832,1.278770560020348e-05,1.2107115026083193e-06,1.0562891930021578e-06,1.058732436831633e-06,0.00459783469789595,0.0045971367682654
2021-07-30_02h22m33s_C26H45NO7S_+Cl_-CO2_144,2021-07-30_02h22m33s,Taurocholic acid,C26H45NO7S,+Cl,-CO2,144,0.0,0.0,0.0,0.0,0.012682167093113806,0.012441399206635412,0.012863901341318639,0.012863901341318639,0.0,169,0.0,-0.7535902261734009,0.0,0.0,0.7403863668441772,0.7522835731506348,0.7535902261734009,0.0,0.0,0.0,-3.405295672109787e-07,0.0,0.0,3.1934803246258525e-07,3.389891674032697e-07,3.405295672109787e-07,0.0,0.0
2021-07-30_02h22m33s_C26H45NO7S_+Cl_-CH2O3_144,2021-07-30_02h22m33s,Taurocholic acid,C26H45NO7S,+Cl,-CH2O3,144,1.7979508992183644,8.38822726957725,0.022598870056497175,0.022598870056497175,0.0027589275781510735,0.0029751172015867293,0.0025692364937895352,0.0025692364937895352,1.7999305008983424,81,1.2272515296936035,1.0828367471694946,217.22352600097656,8.101029396057129,0.17439879477024078,0.14530642330646515,0.14441481232643127,8.439659688441056,6.996921109413612,4.72211013402557e-07,4.048891355523665e-07,8.358134800801054e-05,3.120363544439897e-06,7.68847030485631e-08,6.757944959190354e-08,6.732187074476315e-08,0.0004721792254137753,0.0004721747103901616
2021-07-30_02h22m33s_C26H45NO7S_-H_-H2_144,2021-07-30_02h22m33s,Taurocholic acid,C26H45NO7S,-H,-H2,144,60.98857754195619,2875.446527914703,1.0,0.9943502824858758,0.006363332962509734,0.0010217574227671595,0.006396512925917395,0.006396512925917395,99.81909293196087,2,7480.7685546875,7480.7509765625,1324096.0,10319.6572265625,0.26332491636276245,2.600602388381958,0.017645033076405525,401220.4496517673,28301.412737120892,0.002630518050864339,0.0026305122300982475,0.46560168266296387,0.003124428912997246,1.114661429824082e-07,1.1139079560962273e-06,5.854110529668333e-09,2.6305026516110677,2.630224869842921
2021-07-30_02h22m33s_C10H14N5O7P_-H__134,2021-07-30_02h22m33s,Adenosine monophosphate,C10H14N5O7P,-H,,134,41.6192490879027,1096.7193315852392,0.9943502824858758,0.8757062146892656,0.020658582712203805,0.02695636494771006,0.013891595938834453,0.013891595938834453,52.75371648586319,11,59198.796875,59160.30078125,10478187.0,99346.1953125,484.3995666503906,53.977073669433594,38.49714660644531,1537.7051129284498,122.21042036419811,0.023421864956617355,0.023404251784086227,4.145669937133789,0.03446013480424881,0.0002005731366807595,2.4627488528494723e-05,1.7613461750443093e-05,23.016465324985326,19.50890307388694
2021-07-30_02h22m33s_C10H14N5O7P_-H_-H2O_134,2021-07-30_02h22m33s,Adenosine monophosphate,C10H14N5O7P,-H,-H2O,134,0.4319420028104511,0.15538533855568623,0.011299435028248588,0.0,0.024340861052397373,0.03828585166486356,0.016159611602317627,0.016159611602317627,0.4252500473755675,12,20.742794036865234,-116.14947509765625,3671.474609375,194.03106689453125,893.9261474609375,133.49160766601562,136.89227294921875,0.1515252984312814,0.023204121382577932,6.916417078173254e-06,-5.617044371319935e-05,0.0012242058292031288,6.472071981988847e-05,0.0003808181209024042,6.151966226752847e-05,6.30868598818779e-05,0.006505975512614043,0.005008926935035569
2021-07-30_02h22m33s_C10H14N5O7P_-H_-NH3_134,2021-07-30_02h22m33s,Adenosine monophosphate,C10H14N5O7P,-H,-NH3,134,0.4948292244279417,1.2213949605072631,0.005649717514124294,0.005649717514124294,0.0014350873289576149,0.00144248106743599,0.001417509789676985,0.001417509789676985,0.49880837954572954,14,5.641342639923096,1.2022767066955566,998.5176391601562,74.84086608886719,3.8209095001220703,4.617770195007324,4.439065933227539,1.2705537991464764,1.4760534334324016,2.1737769202445634e-06,7.420336487484747e-07,0.0003847585176117718,2.8838416255894117e-05,1.0917940471699694e-06,1.4740201095264638e-06,1.4317432714960887e-06,0.002170669079395494,0.0021714061918902696
2021-07-30_02h22m33s_C10H14N5O7P_[M]-_+H2_134,2021-07-30_02h22m33s,Adenosine monophosphate,C10H14N5O7P,[M]-,+H2,134,1.1030841050191829,3.9645008230843017,0.4406779661016949,0.4406779661016949,0.3907998665035043,0.3927455222983532,0.38949625245849356,0.38949625245849356,1.1052419919659842,189,110.71014404296875,82.8399658203125,19595.6953125,330.3094177246094,29.49395751953125,27.924367904663086,27.87017822265625,3.9722089665005043,3.7535278350429104,5.0525795813882723e-05,3.6897617974318564e-05,0.008943066000938416,0.00012692819291260093,1.3785464943794068e-05,1.3619031960843131e-05,1.3628176020574756e-05,0.0498464792210523,0.04983874553447455
2021-07-30_02h22m33s_C10H14N5O7P_+Cl_-H2O_134,2021-07-30_02h22m33s,Adenosine monophosphate,C10H14N5O7P,+Cl,-H2O,134,6.8414169904758415,17.230505976333607,0.15254237288135594,0.15254237288135594,0.02011347202135944,0.03266618583964419,0.012296897425447845,0.012296897425447845,6.817858035104092,164,12.445664405822754,11.720966339111328,2202.882568359375,35.33682632446289,6.836055755615234,0.7213040590286255,0.7246981859207153,17.149918033807072,1.8203251298047702,4.914664714306127e-06,4.593214725900907e-06,0.00086989562259987,1.3269017472339328e-05,2.719219082791824e-06,3.1907273978504236e-07,3.2144981787496363e-07,0.00491308540389784,0.004901336905461604
2021-07-30_02h22m33s_C10H14N5O7P_-H_+C12H14N2_134,2021-07-30_02h22m33s,Adenosine monophosphate,C10H14N5O7P,-H,+C12H14N2,134,10.072756510650223,49.72277196036305,0.3050847457627119,0.3050847457627119,0.024618978751807765,0.030472412549585288,0.020288108864751846,0.020288108864751846,10.186149169200016,187,58.41156768798828,57.25863265991211,10338.84765625,143.16775512695312,1.8604918718338013,1.173744797706604,1.1529332399368286,50.6195381729241,31.378900209994267,2.168894025089685e-05,2.1185607693041675e-05,0.0038389423862099648,4.9430131184635684e-05,7.74268301029224e-07,5.114711143505701e-07,5.033317620473099e-07,0.021678029010357352,0.021672160184251353
2021-07-30_02h22m33s_C10H14N5O7P_+Cl_-NH3_134,2021-07-30_02h22m33s,Adenosine monophosphate,C10H14N5O7P,+Cl,-NH3,134,0.5486258374607617,0.9873412046948375,0.011299435028248588,0.011299435028248588,0.014996106352208254,0.02247866330087751,0.010595885677835462,0.010595885677835462,0.5506392232520131,174,0.589232325553894,-0.003286898136138916,104.29412078857422,5.5241379737854,2.649038076400757,0.5957869291305542,0.592519223690033,0.9927771536876491,0.2223486261579233,2.6849014034269203e-07,-5.950937520537991e-10,4.7522757085971534e-05,2.564931264714687e-06,1.045307385538763e-06,2.7002278102372657e-07,2.6908523409474583e-07,0.00026841791304572487,0.0002682097786801639
2021-07-30_02h22m33s_C10H14N5O7P_-H_-CH2O3_134,2021-07-30_02h22m33s,Adenosine monophosphate,C10H14N5O7P,-H,-CH2O3,134,2.035173060434718,4.138483438527656,0.04519774011299435,0.04519774011299435,0.018422516408944264,0.028819569659814883,0.012208303063593032,0.012208303063593032,2.0416609571294324,178,2.9704442024230957,2.2571451663970947,525.7686157226562,14.053629875183105,1.994537115097046,0.7167615294456482,0.713299036026001,4.1585443247258835,1.4885437008164284,1.577000375618809e-06,1.2313482784520602e-06,0.0002791290753521025,7.415722393488977e-06,8.981000974017661e-07,3.473355718597304e-07,3.456520687450393e-07,0.0015764554705241377,0.001575585342269452
2021-07-30_02h22m33s_C10H14N5O7P_+Cl_-CO2_134,2021-07-30_02h22m33s,Adenosine monophosphate,C10H14N5O7P,+Cl,-CO2,134,0.7871717656438306,1.0333266188443595,0.03389830508474576,0.005649717514124294,0.036544665702525306,0.042463036422646955,0.033063415844215675,0.033063415844215675,0.7893850764122888,107,1.7244046926498413,0.06190896034240723,305.2196350097656,9.345699310302734,2.904111862182617,1.6677895784378052,1.662495732307434,1.036615038535699,0.5935760047994476,7.314077947739861e-07,-4.849403012485709e-08,0.00012945917842444032,4.011070359410951e-06,1.2716534456558293e-06,7.806909820828878e-07,7.799018248988432e-07,0.000730837813029899,0.000730478878790793
2021-07-30_02h22m33s_C10H14N5O7P_[M]-_-CH2O2_134,2021-07-30_02h22m33s,Adenosine monophosphate,C10H14N5O7P,[M]-,-CH2O2,134,1.8757943914496065,2.1625471186536664,0.20903954802259886,0.20903954802259886,0.14293024808098787,0.21294626758023802,0.10144054432375924,0.10144054432375924,1.8830958326865752,189,13.760540962219238,7.420223236083984,2435.61572265625,27.534496307373047,15.4596586227417,6.362117290496826,6.340317726135254,2.1699813124811937,0.8900358838515657,6.064515218895394e-06,3.1021800168673508e-06,0.001073419232852757,1.2518994481069967e-05,6.875628969282843e-06,2.9674486086150864e-06,2.9623352020280436e-06,0.006046603153521025,0.006023102600172684
2021-07-30_02h22m33s_C10H14N5O7P_+Cl_+H2_134,2021-07-30_02h22m33s,Adenosine monophosphate,C10H14N5O7P,+Cl,+H2,134,2.3711134296937164,18.116085740025326,0.02824858757062147,0.02824858757062147,0.0031594170653020358,0.005138838802740714,0.0019136382160639296,0.0019136382160639296,2.3722606499567447,96,1.9140355587005615,1.8096657991409302,338.7843017578125,11.68634033203125,0.3405846655368805,0.10465392470359802,0.10436980426311493,18.164934177168025,5.603400128317252,6.52856897431775e-07,6.049965577403782e-07,0.00011555567471077666,4.0971303860715125e-06,1.3689388822513138e-07,4.7932154245700076e-08,4.786036811310623e-08,0.0006528256529557109,0.0006527675375454532
2021-07-30_02h22m33s_C10H14N5O7P_+Cl_-H3PO4_134,2021-07-30_02h22m33s,Adenosine monophosphate,C10H14N5O7P,+Cl,-H3PO4,134,2.035173060434718,4.138483438527656,0.04519774011299435,0.04519774011299435,0.018422516408944264,0.028819569659814883,0.012208303063593032,0.012208303063593032,2.0416609571294324,178,2.9704442024230957,2.2571451663970947,525.7686157226562,14.053629875183105,1.994537115097046,0.7167615294456482,0.713299036026001,4.1585443247258835,1.4885437008164284,1.577000375618809e-06,1.2313482784520602e-06,0.0002791290753521025,7.415722393488977e-06,8.981000974017661e-07,3.473355718597304e-07,3.456520687450393e-07,0.0015764554705241377,0.001575585342269452
2021-07-30_02h22m33s_C10H14N5O7P_[M]-_-HPO3_134,2021-07-30_02h22m33s,Adenosine monophosphate,C10H14N5O7P,[M]-,-HPO3,134,1.0466294871983866,1.3552673004627773,0.8757062146892656,0.8757062146892656,0.8263433084881522,0.8254898425291501,0.8266917093396177,0.8266917093396177,1.0481996749649287,189,357.177734375,96.44049072265625,63220.45703125,168.17393493652344,284.7635803222656,263.54681396484375,260.73724365234375,1.3698709072047146,1.2542912955353684,0.00016140360094141215,3.878121788147837e-05,0.028568437322974205,9.203522495226935e-05,0.00013484434748534113,0.00012364743452053517,0.00012262238305993378,0.14377372425220497,0.14222532041425798
2021-07-30_02h22m33s_C10H14N5O7P_+Cl__134,2021-07-30_02h22m33s,Adenosine monophosphate,C10H14N5O7P,+Cl,,134,4.5912827293226215,19.713933688186394,0.06779661016949153,0.06779661016949153,0.006307709422627656,0.008594783026806106,0.004766376667788862,0.004766376667788862,4.587430307589557,131,5.614800453186035,5.330374240875244,993.8196411132812,21.849573135375977,0.5268638730049133,0.28381380438804626,0.284426212310791,19.67163564876889,10.636834116385481,2.1084888430777937e-06,1.9921083094232017e-06,0.0003732025215867907,8.16201645648107e-06,2.1627569424254034e-07,1.1610559624841699e-07,1.1638056207630143e-07,0.002108243484516072,0.002108032926793065
2021-07-30_02h22m33s_C10H14N5O7P_-H_+HCl_134,2021-07-30_02h22m33s,Adenosine monophosphate,C10H14N5O7P,-H,+HCl,134,4.5912827293226215,19.713933688186394,0.06779661016949153,0.06779661016949153,0.006307709422627656,0.008594783026806106,0.004766376667788862,0.004766376667788862,4.587430307589557,131,5.614800453186035,5.330374240875244,993.8196411132812,21.849573135375977,0.5268638730049133,0.28381380438804626,0.284426212310791,19.67163564876889,10.636834116385481,2.1084888430777937e-06,1.9921083094232017e-06,0.0003732025215867907,8.16201645648107e-06,2.1627569424254034e-07,1.1610559624841699e-07,1.1638056207630143e-07,0.002108243484516072,0.002108032926793065
2021-07-30_02h22m33s_C10H14N5O7P_[M]-_+HCl_134,2021-07-30_02h22m33s,Adenosine monophosphate,C10H14N5O7P,[M]-,+HCl,134,2.842556424615334,8.350202551730936,0.04519774011299435,0.04519774011299435,0.010802091445099566,0.018932564010097366,0.00590038449953045,0.00590038449953045,2.8416720478878665,174,2.835604190826416,2.4965453147888184,501.9019470214844,13.335984230041504,1.1996463537216187,0.3385850787162781,0.3390587866306305,8.338570571641867,2.361731397456839,1.120630031437031e-06,9.76415435616218e-07,0.00019835151033475995,5.226416760706343e-06,4.79860830182588e-07,1.438851029433863e-07,1.4421459582081297e-07,0.0011204684435333167,0.0011200925428995138
2021-07-30_02h22m33s_C10H14N5O7P_-H_-CO2_134,2021-07-30_02h22m33s,Adenosine monophosphate,C10H14N5O7P,-H,-CO2,134,3.7857037093545505,6.132937855555764,0.4350282485875706,0.4350282485875706,0.1133941484036044,0.12606683495612453,0.10491344330846784,0.10491344330846784,3.8274084841003218,189,42.84646224975586,35.96015548706055,7583.82373046875,56.43436050415039,8.789419174194336,6.985286712646484,6.886307239532471,6.221076069297642,4.874222878419544,1.952078309841454e-05,1.623965727048926e-05,0.003455178579315543,2.764379678410478e-05,4.101592821825761e-06,3.3187848202942405e-06,3.281126510046306e-06,0.019456942408872344,0.019441043852500325
2021-07-30_02h22m33s_C10H14N5O7P_+Cl_+HCl_134,2021-07-30_02h22m33s,Adenosine monophosphate,C10H14N5O7P,+Cl,+HCl,134,0.33339931966146236,0.773493499505957,0.005649717514124294,0.005649717514124294,0.009478251195906107,0.013793725207356654,0.006945797969417226,0.006945797969417226,0.33601578147709577,160,0.3137255012989044,-0.0828891396522522,55.52941131591797,4.162038803100586,0.8298220038414001,0.4045955240726471,0.3966146409511566,0.789018987199324,0.3776085609773921,1.4173097895309184e-07,-3.1018856816444895e-08,2.5086383175221272e-05,1.8802739987222594e-06,3.4385251979074383e-07,1.7616916636598035e-07,1.7274983576953673e-07,0.00014170649917863125,0.00014168226115058555
2021-07-30_02h22m33s_C10H14N5O7P_+Cl_-H2_134,2021-07-30_02h22m33s,Adenosine monophosphate,C10H14N5O7P,+Cl,-H2,134,1.2195256346289356,4.8358906534735855,0.01694915254237288,0.01694915254237288,0.005629102236066303,0.008504627960091358,0.0038981519216117087,0.0038981519216117087,1.2284145784809264,126,1.0756840705871582,0.8601617217063904,190.39608764648438,8.285941123962402,0.8049370050430298,0.22143763303756714,0.21552233397960663,4.96800515132297,1.3346999379060978,4.4279315147832676e-07,3.4959876415996405e-07,7.837438897695392e-05,3.480464783933712e-06,3.2742286748543847e-07,9.519737886876101e-08,9.319438021293536e-08,0.0004427518894903976,0.00044264821832939403
2021-07-30_02h22m33s_C10H14N5O7P_-H_-CH2O2_134,2021-07-30_02h22m33s,Adenosine monophosphate,C10H14N5O7P,-H,-CH2O2,134,0.0,0.0,0.0,0.0,0.003092668817443542,0.005529510758504628,0.0016655740028704573,0.0016655740028704573,0.0,1,0.0,-2.2179245948791504,0.0,0.0,115.79220581054688,2.162827253341675,2.2179245948791504,0.0,0.0,0.0,-1.1749959867302096e-06,0.0,0.0,4.9881844461197034e-05,1.1458068911451846e-06,1.1749959867302096e-06,0.0,0.0
2021-07-30_02h22m33s_C10H14N5O7P_+Cl_-CH2O2_134,2021-07-30_02h22m33s,Adenosine monophosphate,C10H14N5O7P,+Cl,-CH2O2,134,0.2979420449217965,0.377632259655462,0.011299435028248588,0.011299435028248588,0.02821225942819001,0.028789517970909964,0.027924942856636603,0.027924942856636603,0.29735070972322236,187,0.6350947618484497,-1.04848313331604,112.41177368164062,5.944031715393066,1.7901667356491089,1.6807810068130493,1.6835778951644897,0.3770052804749858,0.3545704312213541,2.9339597062971734e-07,-5.548329227167415e-07,5.193108518142253e-05,2.8613592348847305e-06,8.464915595141065e-07,8.438294685220171e-07,8.482289217681682e-07,0.0002931473145991357,0.00029314782347145883
2021-07-30_02h22m33s_C10H14N5O7P_+Cl_-HPO3_134,2021-07-30_02h22m33s,Adenosine monophosphate,C10H14N5O7P,+Cl,-HPO3,134,3.7857037093545505,6.132937855555764,0.4350282485875706,0.4350282485875706,0.1133941484036044,0.12606683495612453,0.10491344330846784,0.10491344330846784,3.8274084841003218,189,42.84646224975586,35.96015548706055,7583.82373046875,56.43436050415039,8.789419174194336,6.985286712646484,6.886307239532471,6.221076069297642,4.874222878419544,1.952078309841454e-05,1.623965727048926e-05,0.003455178579315543,2.764379678410478e-05,4.101592821825761e-06,3.3187848202942405e-06,3.281126510046306e-06,0.019456942408872344,0.019441043852500325
2021-07-30_02h22m33s_C10H14N5O7P_+Cl_-CH2O3_134,2021-07-30_02h22m33s,Adenosine monophosphate,C10H14N5O7P,+Cl,-CH2O3,134,0.2640889763242691,0.4670837525544369,0.005649717514124294,0.005649717514124294,0.015474468795194126,0.022448611611972594,0.011393234934528767,0.011393234934528767,0.26409496189733767,182,0.3089398443698883,-0.3513202369213104,54.68235397338867,4.098550319671631,1.3619565963745117,0.6604228019714355,0.6602600812911987,0.46719869096988575,0.22666887939914865,1.1561557045070003e-07,-1.9074630586146668e-07,2.046395638899412e-05,1.5338141565734986e-06,5.887057454856404e-07,3.0604741141360137e-07,3.0636186920673936e-07,0.00011558016109650329,0.00011554754694593618
2021-07-30_02h22m33s_C10H14N5O7P_[M]-_-CO2_134,2021-07-30_02h22m33s,Adenosine monophosphate,C10H14N5O7P,[M]-,-CO2,134,1.5426894054904725,1.7665495422096118,0.3898305084745763,0.3898305084745763,0.28949827567026365,0.368343550907561,0.24269539486507077,0.24269539486507077,1.5454387790178394,188,35.6120491027832,15.53795051574707,6303.3330078125,47.5552864074707,33.53706359863281,20.158100128173828,20.074098587036133,1.7739414303937886,1.0618397510652624,1.5972136679920368e-05,5.94298035139218e-06,0.0028270683251321316,2.265300827275496e-05,1.563597470521927e-05,1.0045226190413814e-05,1.0029156328528188e-05,0.015813540213016557,0.01572624156460799
2021-07-30_02h22m33s_C10H14N5O7P_[M]-_-NH3_134,2021-07-30_02h22m33s,Adenosine monophosphate,C10H14N5O7P,[M]-,-NH3,134,0.7871717656438306,1.250477662443573,0.03389830508474576,0.005649717514124294,0.03514295249749694,0.03867652362062748,0.033063415844215675,0.033063415844215675,0.7877185468106416,47,2.1016948223114014,0.41918373107910156,372.0,13.821742057800293,3.6556077003479004,1.6797136068344116,1.6825110912322998,1.2483997481555045,0.5747662846390221,8.351356655111886e-07,1.2722028941425378e-07,0.00014781900972593576,5.403759132605046e-06,1.3889022056901013e-06,7.06802836702991e-07,7.079153760969348e-07,0.0008345448783597547,0.0008339773525267685
2021-07-30_02h22m33s_C10H14N5O7P_[M]-_-H3PO4_134,2021-07-30_02h22m33s,Adenosine monophosphate,C10H14N5O7P,[M]-,-H3PO4,134,0.44518359928695844,0.5783015668699404,0.03389830508474576,0.03389830508474576,0.06589164534430972,0.06563288856833754,0.0661445505608023,0.0661445505608023,0.4407937009791211,189,3.8406782150268555,-2.8518223762512207,679.800048828125,22.148378372192383,7.080845832824707,6.6403069496154785,6.692500591278076,0.5737921678876711,0.5423272838311618,1.4988232805990265e-06,-1.7959804381462163e-06,0.0002652917173691094,9.21551418286981e-06,3.2973916859191377e-06,3.257504886278184e-06,3.294803718745243e-06,0.0014939011694704175,0.0014938973160095995
2021-07-30_02h22m33s_C10H14N5O7P_-H_-H3PO4_134,2021-07-30_02h22m33s,Adenosine monophosphate,C10H14N5O7P,-H,-H3PO4,134,0.8998618395896059,1.2278864497541566,0.0903954802259887,0.0903954802259887,0.093870285904995,0.09968145209760788,0.0904548434537626,0.0904548434537626,0.8921454453607268,189,10.08035945892334,1.8303489685058594,1784.2236328125,33.78837203979492,9.292991638183594,8.208520889282227,8.25001049041748,1.221712112792781,1.0846103430423824,4.344119133747881e-06,2.25611529458547e-07,0.0007689091144129634,1.5629366316716187e-05,4.482310487219365e-06,4.085985892743338e-06,4.118507604289334e-06,0.004326301229236823,0.004324734331698472
2021-07-30_02h22m33s_C10H14N5O7P_[M]-_-H2O_134,2021-07-30_02h22m33s,Adenosine monophosphate,C10H14N5O7P,[M]-,-H2O,134,2.9568771427099594,4.6797862267176935,0.192090395480226,0.192090395480226,0.0668149961063522,0.08624834715711023,0.05496394209472509,0.05496394209472509,2.950226719481557,188,17.337188720703125,13.61150074005127,3068.682373046875,40.64361572265625,6.688666343688965,3.7036967277526855,3.7256879806518555,4.6521707239012215,2.591637285028279,7.295139312191168e-06,5.580124707194045e-06,0.0012912396341562271,1.7230253433808684e-05,2.946617314592004e-06,1.702627400845813e-06,1.7150143776234472e-06,0.007282649463653809,0.0072737064827279015
2021-07-30_02h22m33s_C5H4N4O2_-H__129,2021-07-30_02h22m33s,Xanthine,C5H4N4O2,-H,,129,60.79149477040404,3094.575456290989,1.0,0.9378531073446328,0.006385582378462565,0.000991705733862243,0.006449669543030281,0.006449669543030281,100.0,2,75850.4609375,75850.4609375,13425531.0,100386.6328125,1.9485588073730469,24.509780883789062,0.0,75850460.9375,38906.47496789568,0.03535596281290054,0.03535596281290054,6.258005142211914,0.04293966293334961,9.785009069673833e-07,1.2618936125363689e-05,0.0,35.35596281290054,35.32140079019198
2021-07-30_02h22m33s_C5H4N4O2_+Cl_-H2O_129,2021-07-30_02h22m33s,Xanthine,C5H4N4O2,+Cl,-H2O,129,0.0,0.0,0.0,0.0,0.020324841472911335,0.039157350643106145,0.00928468912238425,0.00928468912238425,0.0,16,0.0,-1.343761920928955,0.0,0.0,51.240142822265625,1.3123047351837158,1.343761920928955,0.0,0.0,0.0,-6.366511797750718e-07,0.0,0.0,2.169354229408782e-05,6.215029202394362e-07,6.366511797750718e-07,0.0,0.0
2021-07-30_02h22m33s_C5H4N4O2_-H_-H2O_129,2021-07-30_02h22m33s,Xanthine,C5H4N4O2,-H,-H2O,129,0.3278438609605184,0.38859100047783024,0.1016949152542373,0.1016949152542373,0.2642785626877294,0.20423127779781225,0.3001931357088435,0.3001931357088435,0.32465143181250744,189,53.312137603759766,-85.30607604980469,9436.248046875,160.8184356689453,97.90095520019531,137.19244384765625,138.6182098388672,0.3845941530450974,0.5445461992535713,3.053321051993407e-05,-3.904632103512995e-05,0.005404378287494183,9.328154555987567e-05,4.948304922436364e-05,6.89098087605089e-05,6.957953155506402e-05,0.028546928600570516,0.029093571870932176
2021-07-30_02h22m33s_C5H4N4O2_+Cl__129,2021-07-30_02h22m33s,Xanthine,C5H4N4O2,+Cl,,129,8.242452867630439,26.09321857829338,0.22598870056497175,0.22598870056497175,0.04009344754700189,0.07756340906358937,0.017417651540655953,0.017417651540655953,8.356427006815077,186,27.03948211669922,26.025909423828125,4785.98828125,69.29841613769531,6.340409278869629,1.0352647304534912,1.0135729312896729,26.651097503979358,4.263954734288822,1.1371882465027738e-05,1.0903548172791488e-05,0.0020128232426941395,2.7299556677462533e-05,2.6600807814247673e-06,4.792085519511602e-07,4.683340080191556e-07,0.011366559118838226,0.011341712593329778
2021-07-30_02h22m33s_C5H4N4O2_-H_+HCl_129,2021-07-30_02h22m33s,Xanthine,C5H4N4O2,-H,+HCl,129,8.242452867630439,26.09321857829338,0.22598870056497175,0.22598870056497175,0.04009344754700189,0.07756340906358937,0.017417651540655953,0.017417651540655953,8.356427006815077,186,27.03948211669922,26.025909423828125,4785.98828125,69.29841613769531,6.340409278869629,1.0352647304534912,1.0135729312896729,26.651097503979358,4.263954734288822,1.1371882465027738e-05,1.0903548172791488e-05,0.0020128232426941395,2.7299556677462533e-05,2.6600807814247673e-06,4.792085519511602e-07,4.683340080191556e-07,0.011366559118838226,0.011341712593329778
2021-07-30_02h22m33s_C5H4N4O2_-H_+C12H14N2_129,2021-07-30_02h22m33s,Xanthine,C5H4N4O2,-H,+C12H14N2,129,7.554590330481471,50.056040084277384,0.14689265536723164,0.14689265536723164,0.013761263766826121,0.020375045077533356,0.009444158973722912,0.009444158973722912,7.517773086098101,179,164.55384826660156,161.2390899658203,29126.03125,410.1507263183594,7.914279460906982,3.2863924503326416,3.314750909805298,49.62792825600528,20.789392096554725,7.447825919371098e-05,7.277147960849106e-05,0.01318265125155449,0.00019096743199042976,3.789648417296121e-06,1.6946194136835402e-06,1.7067787894120556e-06,0.07435135787312915,0.07419707835316193
2021-07-30_02h22m33s_C5H4N4O2_+Cl_+H2_129,2021-07-30_02h22m33s,Xanthine,C5H4N4O2,+Cl,+H2,129,1.1124306585645085,1.273940394250973,0.2824858757062147,0.2824858757062147,0.2619201245967293,0.2923127779781224,0.24393571593103816,0.24393571593103816,1.1165854603591467,189,21.83329963684082,4.767475128173828,3864.494140625,36.6833610534668,22.175052642822266,17.137399673461914,17.065824508666992,1.279283069076692,0.9845440028709354,1.0127018867933657e-05,2.0933139239787124e-06,0.0017924823332577944,1.7401844161213376e-05,9.955783752957359e-06,8.066148438956589e-06,8.033704943954945e-06,0.010046309779390465,0.010027190329364756
2021-07-30_02h22m33s_C5H4N4O2_+Cl_+HCl_129,2021-07-30_02h22m33s,Xanthine,C5H4N4O2,+Cl,+HCl,129,0.0,0.0,0.0,0.0,0.0033819112248303484,0.005379252313980045,0.002214859046370289,0.002214859046370289,0.0,93,0.0,-0.12910786271095276,0.0,0.0,0.3471353352069855,0.12879084050655365,0.12910786271095276,0.0,0.0,0.0,-5.8354636678359384e-08,0.0,0.0,1.4248799118377065e-07,5.826973037414973e-08,5.8354636678359384e-08,0.0,0.0
2021-07-30_02h22m33s_C5H4N4O2_[M]-_+HCl_129,2021-07-30_02h22m33s,Xanthine,C5H4N4O2,[M]-,+HCl,129,2.14470375559718,3.0922006893834686,0.062146892655367235,0.062146892655367235,0.022026921793302925,0.02698641663661498,0.018976912309300636,0.018976912309300636,2.1412052695327484,186,3.2730255126953125,2.2137973308563232,579.3255004882812,13.064414978027344,1.775168538093567,1.0574777126312256,1.0592281818389893,3.0870953713173117,1.84274489863917,1.463462922401959e-06,9.31745887555735e-07,0.0002590329386293888,5.878895080968505e-06,8.208439226109476e-07,5.303556918079266e-07,5.317170348462241e-07,0.0014626851877710039,0.0014622626330063947
2021-07-30_02h22m33s_C5H4N4O2_+Cl_-CH2O2_129,2021-07-30_02h22m33s,Xanthine,C5H4N4O2,+Cl,-CH2O2,129,0.3064804899647556,0.7535387979146309,0.005649717514124294,0.005649717514124294,0.0102569807542552,0.013373001562687822,0.00843418324857806,0.00843418324857806,0.3105130108252165,146,0.3864406943321228,-0.10814642906188965,68.4000015258789,5.126715183258057,1.069473385810852,0.5118345022201538,0.49458712339401245,0.7797633878894918,0.3609998150859261,1.529699744651225e-07,-7.596793238917599e-08,2.7075684556621127e-05,2.0293762190704e-06,4.983554617865593e-07,2.3797619519427826e-07,2.289379068542985e-07,0.00015293496185507055,0.00015289377901527704
2021-07-30_02h22m33s_C5H4N4O2_+Cl_+C12H14N2_129,2021-07-30_02h22m33s,Xanthine,C5H4N4O2,+Cl,+C12H14N2,129,1.0325717628088955,1.0810937183736715,0.2655367231638418,0.2655367231638418,0.26385582378462563,0.2921625195335978,0.2471605507025533,0.2471605507025533,1.0319505950578183,189,21.35970115661621,1.601785659790039,3780.6669921875,37.30552673339844,29.455976486206055,19.756492614746094,19.757915496826172,1.0810158664855452,0.7251151918669728,1.0219839168712497e-05,9.463547030463815e-07,0.0018089115619659424,1.8552793335402384e-05,1.3306043911143206e-05,9.266683264286257e-06,9.273484465666115e-06,0.010125936454303194,0.010085639210505561
2021-07-30_02h22m33s_C5H4N4O2_[M]-_+H2_129,2021-07-30_02h22m33s,Xanthine,C5H4N4O2,[M]-,+H2,129,1.3775939114839746,1.4930448504168123,0.2768361581920904,0.2768361581920904,0.20003337412392924,0.21501983411467723,0.19095628754186084,0.19095628754186084,1.3767572836664026,189,22.318557739257812,7.359038352966309,3950.384765625,37.830997467041016,17.000045776367188,14.94735050201416,14.959519386291504,1.4918304079541893,1.3127755805635433,1.0570519407337997e-05,3.285646471340442e-06,0.0018709819996729493,1.8609298422234133e-05,8.078372957243118e-06,7.277570148289669e-06,7.284872935997555e-06,0.01049407143038635,0.010485811114396695
2021-07-30_02h22m33s_C5H4N4O2_[M]-_-CO2_129,2021-07-30_02h22m33s,Xanthine,C5H4N4O2,[M]-,-CO2,129,0.468353207504643,0.4708047311827494,0.04519774011299435,0.04519774011299435,0.08238958727333408,0.0756100492847698,0.08650353491503801,0.08650353491503801,0.4655239928357012,189,2.906214714050293,-3.3103389739990234,514.4000244140625,13.598690032958984,5.266185760498047,6.171866416931152,6.216553688049316,0.46742092788620265,0.5517585378981377,1.1451860473243869e-06,-1.8203423906015814e-06,0.00020269793458282948,5.431310910353204e-06,2.4862083591870032e-06,2.9450864076352445e-06,2.9655284379259683e-06,0.0011418000069334019,0.0011423459373059734
2021-07-30_02h22m33s_C5H4N4O2_[M]-_-NH3_129,2021-07-30_02h22m33s,Xanthine,C5H4N4O2,[M]-,-NH3,129,1.0347731479054199,0.7882421639899906,0.5875706214689266,0.5875706214689266,0.5564133941484036,0.5538526265176102,0.5578255399826355,0.5578255399826355,1.039561027010317,189,77.43769073486328,-20.726715087890625,13706.470703125,76.38176727294922,85.73040008544922,98.239990234375,98.1644058227539,0.7888490867616205,0.9032593735513531,3.8495818444062024e-05,-1.0442854545544833e-05,0.006813759915530682,4.118615834158845e-05,4.186302612652071e-05,4.89579833811149e-05,4.893867298960686e-05,0.03669977991596411,0.03694902062815617
2021-07-30_02h22m33s_C5H4N4O2_-H_-CH2O2_129,2021-07-30_02h22m33s,Xanthine,C5H4N4O2,-H,-CH2O2,129,0.0,0.0,0.0,0.0,0.00022249415952831238,0.00024041351123933166,0.00021262646845154776,0.00021262646845154776,0.0,8,0.0,-0.010861181654036045,0.0,0.0,0.013423087075352669,0.011745944619178772,0.010861181654036045,0.0,0.0,0.0,-4.49537740365713e-09,0.0,0.0,5.435702554734689e-09,4.8175077260737e-09,4.49537740365713e-09,0.0,0.0
2021-07-30_02h22m33s_C5H4N4O2_[M]-__129,2021-07-30_02h22m33s,Xanthine,C5H4N4O2,[M]-,,129,0.10819130089950972,0.16267614773740058,0.01694915254237288,0.01694915254237288,0.15957281121370565,0.1822334415194134,0.14665910661445505,0.14665910661445505,0.10797069341669124,189,2.9500386714935303,-15.19542121887207,522.1568603515625,25.4581356048584,23.16314125061035,18.133426666259766,18.14546012878418,0.16256827229979337,0.12735368169177433,1.0765419347080751e-06,-7.789136361679994e-06,0.00019054791482631117,9.263593710784335e-06,1.1082081073254813e-05,8.851076017890591e-06,8.865677955327556e-06,0.001067081533480163,0.0010647423734038836
2021-07-30_02h22m33s_C5H4N4O2_[M]-_-CH2O2_129,2021-07-30_02h22m33s,Xanthine,C5H4N4O2,[M]-,-CH2O2,129,0.0,0.0,0.0,0.0,8.899766381132495e-05,9.015506671474937e-05,8.859436185481156e-05,8.859436185481156e-05,0.0,3,0.0,-0.005094226915389299,0.0,0.0,0.004938729573041201,0.004967676941305399,0.005094226915389299,0.0,0.0,0.0,-2.0247690191155243e-09,0.0,0.0,2.15538431547202e-09,1.9744701429402767e-09,2.0247690191155243e-09,0.0,0.0
2021-07-30_02h22m33s_C5H4N4O2_[M]-_+C12H14N2_129,2021-07-30_02h22m33s,Xanthine,C5H4N4O2,[M]-,+C12H14N2,129,0.6105626351397366,0.7838274552638023,0.03389830508474576,0.03389830508474576,0.045822672154855935,0.04639980766919101,0.04551978312100218,0.04551978312100218,0.6080118696820711,189,6.919951438903809,-1.9254980087280273,1224.8314208984375,38.96952438354492,8.815496444702148,8.827411651611328,8.845449447631836,0.7822292412190583,0.7848867724618687,3.2313107567460975e-06,-1.1914246442756848e-06,0.0005719420150853693,1.8727803762885742e-05,4.345081379142357e-06,4.41327483713394e-06,4.422735401021782e-06,0.0032170824522963206,0.0032173311908979926
2021-07-30_02h22m33s_C5H4N4O2_-H_-CO2_129,2021-07-30_02h22m33s,Xanthine,C5H4N4O2,-H,-CO2,129,0.0,0.0,0.0,0.0,0.0005117365669151185,0.0009616540449573266,0.00024806421319347236,0.00024806421319347236,0.0,19,0.0,-0.015102474018931389,0.0,0.0,0.06019247695803642,0.014727300964295864,0.015102474018931389,0.0,0.0,0.0,-7.259303380635629e-09,0.0,0.0,2.241952401504932e-08,7.078968966567345e-09,7.259303380635629e-09,0.0,0.0
2021-07-30_02h22m33s_C5H4N4O2_-H_-H2_129,2021-07-30_02h22m33s,Xanthine,C5H4N4O2,-H,-H2,129,0.8180125384043531,0.7841866819492463,0.5819209039548022,0.5819209039548022,0.6673823562131495,0.6101694915254238,0.7013838439321721,0.7013838439321721,0.8161709342573854,189,150.3680419921875,-41.74177551269531,26615.14453125,143.19723510742188,159.42803955078125,191.7493133544922,192.1098175048828,0.7827151221631007,0.9431659528017939,8.02566428319551e-05,-1.4783538063056767e-05,0.01420542597770691,7.972183084348217e-05,7.881577039370313e-05,9.488448267802596e-05,9.504018089501187e-05,0.07329104833975932,0.0743932792182545
2021-07-30_02h22m33s_C5H4N4O2_[M]-_-H2O_129,2021-07-30_02h22m33s,Xanthine,C5H4N4O2,[M]-,-H2O,129,0.9502718253242787,0.7679398003907902,0.9265536723163842,0.9265536723163842,0.9604294137278896,0.9527887967303762,0.9650406648120914,0.9650406648120914,0.950502324040389,189,621.638427734375,-187.4111328125,110030.0,347.1663513183594,647.90185546875,809.4874877929688,809.049560546875,0.7683554749831465,0.9594623985483549,0.0003314698697067797,-7.828089292161167e-05,0.05867016687989235,0.0002196780260419473,0.000327901856508106,0.0004099748039152473,0.0004097507626283914,0.23512657591245067,0.249619253171634
2021-07-30_02h22m33s_C13H16N2O2_-H_-CH2O2_26,2021-07-30_02h22m33s,Melatonin,C13H16N2O2,-H,-CH2O2,26,1.0131702983140876,1.1530192852902392,1.0,1.0,0.9828012014684615,0.9925471811515807,0.9770009036624909,0.9770009036624909,1.0137707638075106,189,8131.9365234375,1114.28173828125,1439352.75,1462.0599365234375,7117.3857421875,7052.7314453125,7017.65478515625,1.1587824727223266,1.142545265277826,0.003960266709327698,0.0005697431042790413,0.7009671926498413,0.0013996657216921449,0.0034204579424113035,0.0033997532445937395,0.0033905236050486565,0.9020032837937126,0.8958951223880263
2021-07-30_02h22m33s_C13H16N2O2_-H_+C12H14N2_26,2021-07-30_02h22m33s,Melatonin,C13H16N2O2,-H,+C12H14N2,26,0.0,0.0,0.0,0.0,0.010980086772722216,0.013793725207356654,0.009355564611868102,0.009355564611868102,0.0,9,0.0,-10.12889575958252,0.0,0.0,78.7620620727539,9.877814292907715,10.12889575958252,0.0,0.0,0.0,-5.572498594119679e-06,0.0,0.0,3.448840288911015e-05,5.434364084067056e-06,5.572498594119679e-06,0.0,0.0
2021-07-30_02h22m33s_C13H16N2O2_[M]-_+C12H14N2_26,2021-07-30_02h22m33s,Melatonin,C13H16N2O2,[M]-,+C12H14N2,26,0.18707974638407904,0.12178589995444765,0.005649717514124294,0.005649717514124294,0.02138168873067082,0.023470369034739754,0.020199514502897035,0.020199514502897035,0.1853778824967347,161,0.2784978449344635,-2.0537431240081787,49.29411697387695,3.6946911811828613,3.2427220344543457,2.2857823371887207,2.3322410583496094,0.11936093955566499,0.0858574939456278,9.157946578852716e-08,-1.112952077164664e-06,1.62095657287864e-05,1.2149389476689976e-06,1.6466377701362944e-06,1.178994693873392e-06,1.20453159979661e-06,9.146928814055096e-05,9.142891548301023e-05
2021-07-30_02h22m33s_C13H16N2O2_+Cl_-H2O_26,2021-07-30_02h22m33s,Melatonin,C13H16N2O2,+Cl,-H2O,26,1.0514184918843061,1.218689322452982,0.9209039548022598,0.9209039548022598,0.8681610857714985,0.8717694434427214,0.8658681361518153,0.8658681361518153,1.0540785149856726,189,242.09918212890625,45.012115478515625,42851.5546875,105.07929992675781,197.9454803466797,198.6543731689453,197.08706665039062,1.2283807246349403,1.2230537350545378,0.00011929596803383902,2.4577435397077352e-05,0.021115386858582497,6.377107638400048e-05,9.566899825586006e-05,9.527275688014925e-05,9.471853263676167e-05,0.10897410108377382,0.10887956876003631
2021-07-30_02h22m33s_C13H16N2O2_-H_-CO2_26,2021-07-30_02h22m33s,Melatonin,C13H16N2O2,-H,-CO2,26,1.0812866366428482,1.1301124536718945,0.6101694915254238,0.6101694915254238,0.558215596840583,0.5645810794566655,0.554299484380814,0.554299484380814,1.0846930326622695,189,72.41835021972656,8.70827865600586,12818.0478515625,69.30421447753906,64.9338150024414,64.07965850830078,63.7100715637207,1.1366682186046309,1.1152468859271223,3.73541479348205e-05,5.2716495702043176e-06,0.006611683871597052,3.89806336897891e-05,3.2813073630677536e-05,3.219706195523031e-05,3.2082498364616185e-05,0.03619298650447995,0.036167384871986945
2021-07-30_02h22m33s_C13H16N2O2_[M]-_+HCl_26,2021-07-30_02h22m33s,Melatonin,C13H16N2O2,[M]-,+HCl,26,1.3306016267250007,1.5922735111544346,0.3615819209039548,0.3615819209039548,0.2735788185560129,0.29318427695636495,0.26174318266385527,0.26174318266385527,1.3380109808740088,189,40.208797454833984,15.201923370361328,7116.95703125,56.744911193847656,30.194597244262695,25.25144386291504,25.006874084472656,1.6078454857464095,1.3316112653633252,1.9557519408408552e-05,7.715538231423125e-06,0.003461680840700865,2.9124972570571117e-05,1.429481926606968e-05,1.1932247616641689e-05,1.1841981176985428e-05,0.019328630134182647,0.019281888300050783
2021-07-30_02h22m33s_C13H16N2O2_-H_-H2O_26,2021-07-30_02h22m33s,Melatonin,C13H16N2O2,-H,-H2O,26,1.2475344609123244,1.2864590608171647,0.3502824858757062,0.3502824858757062,0.29668483702302817,0.3403353768481789,0.27077980757304604,0.27077980757304604,1.2476296504245377,189,23.97677993774414,5.338815689086914,4243.89013671875,34.39009475708008,25.53082275390625,18.636810302734375,18.637964248657227,1.2863794156089685,0.9390939365688571,1.1393184649932664e-05,2.1419227778096683e-06,0.0020165937021374702,1.666921889409423e-05,1.253413392987568e-05,9.234719072992448e-06,9.251261872122996e-06,0.011288749472355116,0.011252148710990234
2021-07-30_02h22m33s_C13H16N2O2_+Cl_-H2_26,2021-07-30_02h22m33s,Melatonin,C13H16N2O2,+Cl,-H2,26,1.051366661159511,1.3182797704919573,0.2542372881355932,0.2542372881355932,0.21657581488485927,0.19052770765717034,0.23181600722929993,0.23181600722929993,1.0523700333780157,184,54.86768341064453,13.43844223022461,9711.580078125,97.36851501464844,44.80044174194336,41.619667053222656,41.42924118041992,1.3243389815595665,1.2246856636150865,2.783386480587069e-05,7.664593795198016e-06,0.004926593974232674,5.075716399005614e-05,2.196725290559698e-05,2.0219133148202673e-05,2.0169271010672674e-05,0.027283574987801706,0.027235574062412556
2021-07-30_02h22m33s_C13H16N2O2_+Cl_-CH2O2_26,2021-07-30_02h22m33s,Melatonin,C13H16N2O2,+Cl,-CH2O2,26,1.066350450817592,1.2069581292908125,0.576271186440678,0.576271186440678,0.5353098231171431,0.5433946387786993,0.5304144444247568,0.5304144444247568,1.0682162149190113,189,63.73264694213867,11.056079864501953,11280.6787109375,62.76820373535156,59.05162811279297,52.8033561706543,52.67656707763672,1.2098631443667258,1.0792516604071656,2.83560948446393e-05,4.841604095418006e-06,0.0050190286710858345,2.7801508622360416e-05,2.6105923097929917e-05,2.3523565687355585e-05,2.3514490749221295e-05,0.027704634473599294,0.027634666369558653
2021-07-30_02h22m33s_C13H16N2O2_-H_-H2_26,2021-07-30_02h22m33s,Melatonin,C13H16N2O2,-H,-H2,26,1.306743577126485,1.4419323244718312,0.3559322033898305,0.3559322033898305,0.2748581599733007,0.29558841206875824,0.2623810620692099,0.2623810620692099,1.303260020714631,189,26.176137924194336,7.9541168212890625,4633.17626953125,38.308738708496094,21.220983505249023,18.15251350402832,18.222021102905273,1.4364323992370895,1.2334444571460512,1.269434596906649e-05,3.6687006286229007e-06,0.0022468992974609137,1.851042361522559e-05,1.0394829587312415e-05,8.975049240689259e-06,9.025645340443589e-06,0.012580796164782746,0.012563747950146769
2021-07-30_02h22m33s_C13H16N2O2_+Cl_+H2_26,2021-07-30_02h22m33s,Melatonin,C13H16N2O2,+Cl,+H2,26,1.0637210724305042,1.5233602284530594,0.2655367231638418,0.2655367231638418,0.2732895761486261,0.3304183195095564,0.2396300299448943,0.2396300299448943,1.063624890249871,189,35.111087799072266,12.116056442260742,6214.66259765625,62.334716796875,37.806156158447266,23.047447204589844,22.995031356811523,1.5268324892361138,0.9286889405784462,1.6836278518894687e-05,5.830606824019924e-06,0.002980021294206381,3.08743110508658e-05,1.7612805095268413e-05,1.1006152817572001e-05,1.1005671694874763e-05,0.016653001056532092,0.016544876827997938
2021-07-30_02h22m33s_C13H16N2O2_+Cl_+HCl_26,2021-07-30_02h22m33s,Melatonin,C13H16N2O2,+Cl,+HCl,26,1.354440932135731,1.9677317399143703,0.07344632768361582,0.07344632768361582,0.06131939036600289,0.09024522178146412,0.04422630543792193,0.04422630543792193,1.3567718730242022,189,5.546294212341309,2.7334506511688232,981.694091796875,20.632225036621094,6.553446292877197,2.8176231384277344,2.8128435611724854,1.9710741168674826,0.8461880629594202,2.3876405066403095e-06,1.0182411642745137e-06,0.0004226123564876616,8.72271539265057e-06,2.999452817675774e-06,1.368715629723738e-06,1.3693993423657957e-06,0.0023843753446114455,0.0023805003082831514
2021-07-30_02h22m33s_C13H16N2O2_-H_+HCl_26,2021-07-30_02h22m33s,Melatonin,C13H16N2O2,-H,+HCl,26,0.8225087040864697,1.0875846854840001,0.22598870056497175,0.22598870056497175,0.27208810768717323,0.28476980406298835,0.26475539096691886,0.26475539096691886,0.8191829554219756,189,76.10070037841797,6.324256896972656,13469.82421875,144.5886688232422,83.7551498413086,69.97120666503906,69.77644348144531,1.0906203578331741,0.9085983599127314,3.618478149292059e-05,2.677530574146658e-06,0.00640470627695322,7.040386844892055e-05,3.963754716096446e-05,3.3523374440846965e-05,3.3507250918773934e-05,0.035011637761373046,0.03480518916591052
2021-07-30_02h22m33s_C13H16N2O2_+Cl__26,2021-07-30_02h22m33s,Melatonin,C13H16N2O2,+Cl,,26,0.8225087040864697,1.0875846854840001,0.22598870056497175,0.22598870056497175,0.27208810768717323,0.28476980406298835,0.26475539096691886,0.26475539096691886,0.8191829554219756,189,76.10070037841797,6.324256896972656,13469.82421875,144.5886688232422,83.7551498413086,69.97120666503906,69.77644348144531,1.0906203578331741,0.9085983599127314,3.618478149292059e-05,2.677530574146658e-06,0.00640470627695322,7.040386844892055e-05,3.963754716096446e-05,3.3523374440846965e-05,3.3507250918773934e-05,0.035011637761373046,0.03480518916591052
2021-07-30_02h22m33s_C13H16N2O2_+Cl_-NH3_26,2021-07-30_02h22m33s,Melatonin,C13H16N2O2,+Cl,-NH3,26,1.0883199511914108,1.1700499699641913,0.4067796610169492,0.4067796610169492,0.37850706418956503,0.40335376848178867,0.36376844977585626,0.36376844977585626,1.093427276223975,189,36.175296783447266,5.460765838623047,6403.02734375,46.87038803100586,37.18440246582031,30.916736602783203,30.71453094482422,1.1777526114860486,0.9728359620875019,1.766095738275908e-05,2.6430188881931826e-06,0.003125989343971014,2.418011354166083e-05,1.8344704585615546e-05,1.5078972865012474e-05,1.5017938494565897e-05,0.01739965050169764,0.017342808680824506
2021-07-30_02h22m33s_C13H16N2O2_+Cl_+C12H14N2_26,2021-07-30_02h22m33s,Melatonin,C13H16N2O2,+Cl,+C12H14N2,26,1.1754101808871515,1.3195249166698144,0.3220338983050847,0.3220338983050847,0.28510401601957946,0.3207416756821733,0.26397576058259653,0.26397576058259653,1.1850529135335726,189,25.110445022583008,6.274044036865234,4444.548828125,38.26922607421875,24.661378860473633,19.028913497924805,18.836400985717773,1.3330100602318418,1.0181680025533746,1.1971541425737087e-05,3.14729186356999e-06,0.0021189628168940544,1.8945522242574953e-05,1.1552430805750191e-05,8.89784951141337e-06,8.824249562167097e-06,0.011866825595174555,0.011834820481031495
2021-07-30_02h22m33s_C13H16N2O2_[M]-_-H2O_26,2021-07-30_02h22m33s,Melatonin,C13H16N2O2,[M]-,-H2O,26,0.8757475293905608,1.2686430895246474,0.022598870056497175,0.022598870056497175,0.016965179664033818,0.01890251232119245,0.015805234154898384,0.015805234154898384,0.8750626927137652,178,1.2209150791168213,0.25800204277038574,216.10195922851562,8.049386978149414,1.1576693058013916,0.9613786935806274,0.9629130363464355,1.2666236818878522,1.0537217763547966,7.279748501787253e-07,2.391117277511512e-07,0.00012885154865216464,4.811897269973997e-06,5.630513442156371e-07,4.867729330726434e-07,4.888631224275741e-07,0.0007276191440120455,0.000727565193618454
2021-07-30_02h22m33s_C13H16N2O2_[M]-_-H2_26,2021-07-30_02h22m33s,Melatonin,C13H16N2O2,[M]-,-H2,26,1.2490622129344657,2.724039073531992,0.02824858757062147,0.02824858757062147,0.014617866281010123,0.017940858276235126,0.012615837128125166,0.012615837128125166,1.2534431083312085,178,2.0602192878723145,1.3083469867706299,364.6588134765625,12.519722938537598,1.0977312326431274,0.7553104758262634,0.7518722414970398,2.736479278045497,1.875089400085783,9.418448598808027e-07,5.661682962454506e-07,0.00016670653712935746,5.594579761236673e-06,5.138157916917407e-07,3.759940625513991e-07,3.7567656363535207e-07,0.0009414911637157249,0.0009413611736440988
2021-07-30_02h22m33s_C13H16N2O2_-H_+H2_26,2021-07-30_02h22m33s,Melatonin,C13H16N2O2,-H,+H2,26,0.5132981436200693,0.8823497698671643,0.011299435028248588,0.011299435028248588,0.012804538880854378,0.014154345474215652,0.012013395467512447,0.012013395467512447,0.5163638594835067,170,0.6362690329551697,-0.076038658618927,112.61961364746094,5.9807448387146,0.8685020208358765,0.7201074957847595,0.7123076915740967,0.8919979981585207,0.7317625695032963,2.4343054860764823e-07,-8.119087624436361e-08,4.308720599510707e-05,2.2812444058217807e-06,3.8312364836201596e-07,3.273972879469511e-07,3.2462142485201184e-07,0.00024335155148026675,0.0002433373203257024
2021-07-30_02h22m33s_C13H16N2O2_[M]-_-NH3_26,2021-07-30_02h22m33s,Melatonin,C13H16N2O2,[M]-,-NH3,26,1.2512525305178466,1.715636948824502,0.11864406779661017,0.11864406779661017,0.10083435309823117,0.12789998797932445,0.08482024203979659,0.08482024203979659,1.256389219835731,189,10.645397186279297,4.461903095245361,1884.2353515625,31.34667205810547,11.029243469238281,6.203924179077148,6.1834940910339355,1.721304447798345,0.965109901333342,4.791456831299001e-06,1.763233285601018e-06,0.0008480878896079957,1.477603473176714e-05,5.0300727707508486e-06,3.026580316145555e-06,3.0282235456979834e-06,0.0047769910345705265,0.00476747607968537
2021-07-30_02h22m33s_C13H16N2O2_[M]-_-CH2O2_26,2021-07-30_02h22m33s,Melatonin,C13H16N2O2,[M]-,-CH2O2,26,0.0,0.0,0.0,0.0,4.4498831905662474e-05,3.0051688904916458e-05,5.315661711288694e-05,5.315661711288694e-05,0.0,1,0.0,-0.01395399495959282,0.0,0.0,0.0018243143567815423,0.013608094304800034,0.01395399495959282,0.0,0.0,0.0,-7.294983728201032e-09,0.0,0.0,4.944179510246727e-10,7.114150601950087e-09,7.294983728201032e-09,0.0,0.0
2021-07-30_02h22m33s_C13H16N2O2_[M]-_-CO2_26,2021-07-30_02h22m33s,Melatonin,C13H16N2O2,[M]-,-CO2,26,0.3839891943888059,1.2137046652050816,0.005649717514124294,0.005649717514124294,0.005050617421292691,0.0056196658252193775,0.004713220050675975,0.004713220050675975,0.3841819078089067,117,0.34011298418045044,0.06079217791557312,60.20000076293945,4.51210880279541,0.33605387806892395,0.2792271375656128,0.2793208062648773,1.213299107948038,1.0090760151731615,1.6793654822322424e-07,2.994485726048879e-08,2.9724769774475135e-05,2.227930053777527e-06,1.6815576486806094e-07,1.378552525466148e-07,1.3799169096273545e-07,0.00016791337757231776,0.00016790831347234458
2021-07-30_02h22m33s_C13H16N2O2_+Cl_-CO2_26,2021-07-30_02h22m33s,Melatonin,C13H16N2O2,+Cl,-CO2,26,1.9651382106700868,2.3086338616076425,0.14124293785310735,0.14124293785310735,0.0825453331850039,0.11729174179588893,0.061874302319400394,0.061874302319400394,1.966350012788885,189,8.995591163635254,5.101644039154053,1592.2196044921875,22.575748443603516,8.261924743652344,3.8954997062683105,3.893947124481201,2.3095541161764674,1.088669138678257,4.190291292616166e-06,2.3488614715461154e-06,0.0007416815496981144,1.068757501343498e-05,3.7886695736233378e-06,1.8401283341518138e-06,1.841429707383213e-06,0.004182589348336355,0.004174475583985288
2021-07-30_02h22m33s_C13H16N2O2_[M]-__26,2021-07-30_02h22m33s,Melatonin,C13H16N2O2,[M]-,,26,0.0,0.0,0.0,0.0,0.001635332072533096,0.0015626878230556556,0.0016832928752414196,0.0016832928752414196,0.0,42,0.0,-0.09324295818805695,0.0,0.0,0.09147769212722778,0.09495585411787033,0.09324295818805695,0.0,0.0,0.0,-4.574719270067362e-08,0.0,0.0,4.1194638811248296e-08,4.6461813951736985e-08,4.574719270067362e-08,0.0,0.0
2021-07-30_02h22m33s_C33H56O6_-H_+HCl_47,2021-07-30_02h22m33s,Glucosyl cholesterol,C33H56O6,-H,+HCl,47,68.55640713844728,132651.5966338515,0.7062146892655368,0.5310734463276836,0.0017688285682500833,0.0005108787113835797,0.0003012208303063593,0.0003012208303063593,68.86954092979323,1,2022.08935546875,2022.0772705078125,357909.8125,2681.2744140625,0.025578584522008896,0.014243611134588718,0.012028852477669716,155200.87889048015,76079.64802618894,0.000863883295096457,0.000863877939991653,0.1529073417186737,0.0011491294717416167,1.0034590935958931e-08,6.426585930086048e-09,5.355120347161346e-09,0.8638786689222195,0.8638746264679604
2021-07-30_02h22m33s_C33H56O6_+Cl__47,2021-07-30_02h22m33s,Glucosyl cholesterol,C33H56O6,+Cl,,47,68.55640713844728,132651.5966338515,0.7062146892655368,0.5310734463276836,0.0017688285682500833,0.0005108787113835797,0.0003012208303063593,0.0003012208303063593,68.86954092979323,1,2022.08935546875,2022.0772705078125,357909.8125,2681.2744140625,0.025578584522008896,0.014243611134588718,0.012028852477669716,155200.87889048015,76079.64802618894,0.000863883295096457,0.000863877939991653,0.1529073417186737,0.0011491294717416167,1.0034590935958931e-08,6.426585930086048e-09,5.355120347161346e-09,0.8638786689222195,0.8638746264679604
2021-07-30_02h22m33s_C33H56O6_[M]-_+HCl_47,2021-07-30_02h22m33s,Glucosyl cholesterol,C33H56O6,[M]-,+HCl,47,57.12105827344704,115623.74146261712,0.576271186440678,0.576271186440678,0.0013015908332406274,0.00030051688904916455,8.859436185481156e-05,8.859436185481156e-05,57.10828260693744,8,675.3909912109375,675.3860473632812,119544.203125,885.12939453125,0.018150512129068375,0.004841282963752747,0.004964612890034914,113232.99661899502,35267.5159107504,0.0002908004098571837,0.00029079843079671264,0.05147167295217514,0.00038209519698284566,7.583909500397112e-09,1.926632187121413e-09,1.9757124825048322e-09,0.2907998353203191,0.2907982044699181
2021-07-30_02h22m33s_C33H56O6_+Cl_-H2_47,2021-07-30_02h22m33s,Glucosyl cholesterol,C33H56O6,+Cl,-H2,47,35.77782644609025,6514.019711336318,0.3615819209039548,0.3615819209039548,0.0012793414172877961,0.0013523260007212406,0.00010631323422577388,0.00010631323422577388,35.76824124552738,9,47.739715576171875,47.73322677612305,8449.9296875,71.97732543945312,0.1072399765253067,0.006328764371573925,0.006489987950772047,6373.8040554859635,441.0543785087596,2.053956632153131e-05,2.0536628653644584e-05,0.003635503351688385,3.131237463094294e-05,4.0543220336530794e-08,2.8651903072329787e-09,2.9381801436301203e-09,0.0205395059727627,0.02053873361512892
2021-07-30_02h22m33s_C33H56O6_+Cl_+C12H14N2_47,2021-07-30_02h22m33s,Glucosyl cholesterol,C33H56O6,+Cl,+C12H14N2,47,3.07392490651509,30.777902889005,0.03389830508474576,0.03389830508474576,0.0032484147291133606,0.006851785070320952,0.0010276945975158142,0.0010276945975158142,3.071693785031667,66,2.0526864528656006,1.986289620399475,363.32550048828125,11.00369644165039,0.5897060632705688,0.06569351255893707,0.06639682501554489,30.45672333069331,3.47497102281373,8.261145012511406e-07,7.987555363797583e-07,0.00014622227172367275,4.558805812848732e-06,2.5921104906956316e-07,2.7400810509448092e-08,2.735896664773918e-08,0.0008260919002303942,0.0008259004187371727
2021-07-30_02h22m33s_C33H56O6_[M]-_-H2O_47,2021-07-30_02h22m33s,Glucosyl cholesterol,C33H56O6,[M]-,-H2O,47,0.0,0.0,0.0,0.0,0.0001668706196462343,0.00045077533357374685,0.0,0.0,0.0,2,0.0,0.0,0.0,0.0,0.05866973474621773,0.0,0.0,0.0,0.0,0.0,0.0,0.0,0.0,1.5900878835850563e-08,0.0,0.0,0.0,0.0
2021-07-30_02h22m33s_C33H56O6_+Cl_+HCl_47,2021-07-30_02h22m33s,Glucosyl cholesterol,C33H56O6,+Cl,+HCl,47,0.5189919874743767,5.975839923982477,0.005649717514124294,0.005649717514124294,0.0025364334186227613,0.005319148936170213,0.0008859436185481155,0.0008859436185481155,0.5179182200213717,37,0.32097044587135315,0.26691627502441406,56.811767578125,4.258154392242432,0.7896989583969116,0.052711352705955505,0.05405415967106819,5.830085279460328,0.4059325517793762,1.4834441230959783e-07,1.2257558523742773e-07,2.6256961064063944e-05,1.9680110199260525e-06,3.3938434285119e-07,2.512867958159859e-08,2.5768825295813258e-08,0.00014834058974685636,0.0001482940836194799
2021-07-30_02h22m33s_C33H56O6_[M]-_+C12H14N2_47,2021-07-30_02h22m33s,Glucosyl cholesterol,C33H56O6,[M]-,+C12H14N2,47,0.5837822484041721,1.0674424475237847,0.011299435028248588,0.011299435028248588,0.01726554677939704,0.03071282606082462,0.009355564611868102,0.009355564611868102,0.5853667875743973,182,0.6600642800331116,0.04781532287597656,116.83137512207031,6.186029434204102,2.6436963081359863,0.617360532283783,0.612248957157135,1.0763398328355915,0.24958036883196347,3.2702322982913756e-07,6.835992394371715e-08,5.788310954812914e-05,3.073768084504991e-06,1.1398373089832603e-06,2.626422030971298e-07,2.586633058854204e-07,0.0003269386627937975,0.00032665090094522717
2021-07-30_02h22m33s_C33H56O6_-H_+C12H14N2_47,2021-07-30_02h22m33s,Glucosyl cholesterol,C33H56O6,-H,+C12H14N2,47,0.0,0.0,0.0,0.0,0.002981421737679386,0.005799975958648876,0.0013289154278221735,0.0013289154278221735,0.0,85,0.0,-0.08878009021282196,0.0,0.0,0.4029061794281006,0.08657462149858475,0.08878009021282196,0.0,0.0,0.0,-3.790671954106983e-08,0.0,0.0,1.7515867511974648e-07,3.696504791150801e-08,3.790671954106983e-08,0.0,0.0
2021-07-30_02h22m33s_C33H56O6_+Cl_+H2_47,2021-07-30_02h22m33s,Glucosyl cholesterol,C33H56O6,+Cl,+H2,47,0.5337615001500456,9.37996878743178,0.005649717514124294,0.005649717514124294,0.0006007342307264434,0.0006010337780983291,0.0005847227882417563,0.0005847227882417563,0.533011405485267,13,0.3681400418281555,0.3289182186126709,65.1607894897461,4.883930683135986,0.04375243932008743,0.03824746981263161,0.039221812039613724,9.152746312512752,8.226144706773859,2.5096807121371967e-07,2.3463458376227209e-07,4.442135104909539e-05,3.3294684271822916e-06,1.7490309645040725e-08,1.5927733798548616e-08,1.633348922780442e-08,0.0002509639720963849,0.0002509636817812157
2021-07-30_02h22m33s_C33H56O6_+Cl_-CH2O2_47,2021-07-30_02h22m33s,Glucosyl cholesterol,C33H56O6,+Cl,-CH2O2,47,0.5561035759538043,38.070189693923055,0.005649717514124294,0.005649717514124294,0.0004116141951273779,0.0008113956004327443,0.0001594698513386608,0.0001594698513386608,0.5568768754183407,9,0.36836162209510803,0.3604287803173065,65.20000457763672,4.886868953704834,0.056091777980327606,0.008675854653120041,0.00793284922838211,41.23674459037349,6.452095820558193,1.5296990341084893e-07,1.4882360233059444e-07,2.7075671823695302e-05,2.029375082202023e-06,2.3579065810963584e-08,4.587239921249875e-09,4.146308185681846e-09,0.0001529692691531161,0.00015296629660847434
2021-07-30_02h22m33s_C33H56O6_-H_-H2_47,2021-07-30_02h22m33s,Glucosyl cholesterol,C33H56O6,-H,-H2,47,0.0,0.0,0.0,0.0,6.674824785849372e-05,3.0051688904916458e-05,8.859436185481156e-05,8.859436185481156e-05,0.0,1,0.0,-0.005039216950535774,0.0,0.0,0.001747004920616746,0.004914033692330122,0.005039216950535774,0.0,0.0,0.0,-2.1076291822907933e-09,0.0,0.0,1.0983708387257707e-09,2.0552717305832857e-09,2.1076291822907933e-09,0.0,0.0
2021-07-30_02h22m33s_C33H56O6_[M]-_-H2_47,2021-07-30_02h22m33s,Glucosyl cholesterol,C33H56O6,[M]-,-H2,47,0.0,0.0,0.0,0.0,5.5623539882078096e-05,3.0051688904916458e-05,7.087548948384925e-05,7.087548948384925e-05,0.0,1,0.0,-0.005775575991719961,0.0,0.0,0.0015268615679815412,0.005632100161164999,0.005775575991719961,0.0,0.0,0.0,-3.4706932883210584e-09,0.0,0.0,8.380844351840722e-10,3.3844747004962983e-09,3.4706932883210584e-09,0.0,0.0
2021-07-30_02h22m33s_C33H56O6_+Cl_-CH2O3_47,2021-07-30_02h22m33s,Glucosyl cholesterol,C33H56O6,+Cl,-CH2O3,47,0.0,0.0,0.0,0.0,0.00045611302703304037,0.0004207236446688304,0.0004784095540159824,0.0004784095540159824,0.0,12,0.0,-0.02494669146835804,0.0,0.0,0.02397947944700718,0.026291679590940475,0.02494669146835804,0.0,0.0,0.0,-1.1471721350631015e-08,0.0,0.0,1.0605639921834609e-08,1.2192383991305178e-08,1.1471721350631015e-08,0.0,0.0
2021-07-30_02h22m33s_C33H56O6_-H_-H2O_47,2021-07-30_02h22m33s,Glucosyl cholesterol,C33H56O6,-H,-H2O,47,0.0,0.0,0.0,0.0,5.5623539882078096e-05,3.0051688904916458e-05,7.087548948384925e-05,7.087548948384925e-05,0.0,1,0.0,-0.0028570054564625025,0.0,0.0,0.001652842853218317,0.0036917794495821,0.0028570054564625025,0.0,0.0,0.0,-1.2465656284987858e-09,0.0,0.0,5.14579712174168e-10,1.5152086252356867e-09,1.2465656284987858e-09,0.0,0.0
2021-07-30_02h22m33s_C33H56O6_[M]-_-CH2O2_47,2021-07-30_02h22m33s,Glucosyl cholesterol,C33H56O6,[M]-,-CH2O2,47,0.0,0.0,0.0,0.0,2.2249415952831237e-05,3.0051688904916458e-05,1.7718872370962312e-05,1.7718872370962312e-05,0.0,1,0.0,-0.0009465633775107563,0.0,0.0,0.0016227911692112684,0.0009230489959008992,0.0009465633775107563,0.0,0.0,0.0,-3.4847810748139807e-10,0.0,0.0,6.756484260961315e-10,3.398212822247615e-10,3.4847810748139807e-10,0.0,0.0
2021-07-30_02h22m33s_C33H56O6_-H_-CH2O3_47,2021-07-30_02h22m33s,Glucosyl cholesterol,C33H56O6,-H,-CH2O3,47,0.0,0.0,0.0,0.0,0.00011124707976415619,0.0002103618223344152,5.315661711288694e-05,5.315661711288694e-05,0.0,1,0.0,-0.002998733427375555,0.0,0.0,0.013829433359205723,0.0029242392629384995,0.002998733427375555,0.0,0.0,0.0,-1.1091610963021026e-09,0.0,0.0,5.015755366599706e-09,1.081607470254653e-09,1.1091610963021026e-09,0.0,0.0
2021-07-30_02h22m33s_C33H56O6_-H_-CH2O2_47,2021-07-30_02h22m33s,Glucosyl cholesterol,C33H56O6,-H,-CH2O2,47,0.0,0.0,0.0,0.0,2.2249415952831237e-05,0.0,3.5437744741924624e-05,3.5437744741924624e-05,0.0,0,0.0,-0.001963456394150853,0.0,0.0,0.0,0.0019146804697811604,0.001963456394150853,0.0,0.0,0.0,-7.125319223533211e-10,0.0,0.0,0.0,6.948313036048148e-10,7.125319223533211e-10,0.0,0.0
2021-07-30_02h22m33s_C33H56O6_[M]-_-CH2O3_47,2021-07-30_02h22m33s,Glucosyl cholesterol,C33H56O6,[M]-,-CH2O3,47,0.0,0.0,0.0,0.0,7.787295583490934e-05,0.00018031013342949875,1.7718872370962312e-05,1.7718872370962312e-05,0.0,3,0.0,-0.0009462784510105848,0.0,0.0,0.011415045708417892,0.0009227711125276983,0.0009462784510105848,0.0,0.0,0.0,-4.4314765745845364e-10,0.0,0.0,3.854745411757676e-09,4.321390467687536e-10,4.4314765745845364e-10,0.0,0.0
2021-07-30_02h22m33s_C33H56O6_+Cl_-H2O_47,2021-07-30_02h22m33s,Glucosyl cholesterol,C33H56O6,+Cl,-H2O,47,0.0,0.0,0.0,0.0,0.0003337412392924686,0.000661137155908162,0.0001417509789676985,0.0001417509789676985,0.0,9,0.0,-0.007854039780795574,0.0,0.0,0.04681805893778801,0.007658930495381355,0.007854039780795574,0.0,0.0,0.0,-3.6352616472612453e-09,0.0,0.0,1.8068744722654628e-08,3.5449549962152105e-09,3.6352616472612453e-09,0.0,0.0
2021-07-30_02h22m33s_C33H56O6_[M]-__47,2021-07-30_02h22m33s,Glucosyl cholesterol,C33H56O6,[M]-,,47,0.0,0.0,0.0,0.0,1.1124707976415618e-05,3.0051688904916458e-05,0.0,0.0,0.0,1,0.0,0.0,0.0,0.0,0.0018331530736759305,0.0,0.0,0.0,0.0,0.0,0.0,0.0,0.0,1.2736420806902515e-09,0.0,0.0,0.0,0.0
2021-07-30_02h22m33s_C33H56O6_[M]-_+H2_47,2021-07-30_02h22m33s,Glucosyl cholesterol,C33H56O6,[M]-,+H2,47,0.0,0.0,0.0,0.0,2.2249415952831237e-05,6.0103377809832915e-05,0.0,0.0,0.0,2,0.0,0.0,0.0,0.0,0.0034598330967128277,0.0,0.0,0.0,0.0,0.0,0.0,0.0,0.0,1.3008566446259806e-09,0.0,0.0,0.0,0.0
2021-07-30_02h22m33s_C18H24O2_[M]-_-H2_23,2021-07-30_02h22m33s,Estradiol,C18H24O2,[M]-,-H2,23,0.0,0.0,0.0,0.0,0.0038936477917454666,0.006851785070320952,0.002161702429257402,0.002161702429257402,0.0,11,0.0,-0.11688516288995743,0.0,0.0,2.7217373847961426,0.11400843411684036,0.11688516288995743,0.0,0.0,0.0,-6.029998900203282e-08,0.0,0.0,1.1989268386969343e-06,5.8815910364273805e-08,6.029998900203282e-08,0.0,0.0
2021-07-30_02h22m33s_C18H24O2_+Cl_-H2O_23,2021-07-30_02h22m33s,Estradiol,C18H24O2,+Cl,-H2O,23,0.18959151103564223,0.19950824403538037,0.01694915254237288,0.005649717514124294,0.07652686616976305,0.07197379492727492,0.07939826709428212,0.07939826709428212,0.18881326022821954,117,0.8065803050994873,-3.2547757625579834,142.76470947265625,7.072195053100586,5.053139686584473,4.041841983795166,4.061356067657471,0.1985498788550547,0.15958805160064038,3.533945687195228e-07,-1.6792505448393058e-06,6.2550840084441e-05,3.0009305191924796e-06,2.429093456157716e-06,2.021357204284868e-06,2.0326451704022475e-06,0.00035267770009571466,0.0003525382204352181
2021-07-30_02h22m33s_C18H24O2_+Cl_+HCl_23,2021-07-30_02h22m33s,Estradiol,C18H24O2,+Cl,+HCl,23,0.0,0.0,0.0,0.0,0.0032261653131605296,0.006401009736747205,0.001364353172564098,0.001364353172564098,0.0,2,0.0,-0.577791154384613,0.0,0.0,44.978031158447266,0.5658432841300964,0.577791154384613,0.0,0.0,0.0,-2.7401915758673567e-07,0.0,0.0,1.9515040548867546e-05,2.688069002942939e-07,2.7401915758673567e-07,0.0,0.0
2021-07-30_02h22m33s_C18H24O2_-H_+H2_23,2021-07-30_02h22m33s,Estradiol,C18H24O2,-H,+H2,23,0.0,0.0,0.0,0.0,0.0009233507620424964,0.0016828945786753215,0.0004784095540159824,0.0004784095540159824,0.0,24,0.0,-0.026712944731116295,0.0,0.0,0.12121295928955078,0.027329379692673683,0.026712944731116295,0.0,0.0,0.0,-1.3761501271858378e-08,0.0,0.0,5.790619894696647e-08,1.4021045657841569e-08,1.3761501271858378e-08,0.0,0.0
2021-07-30_02h22m33s_C18H24O2_-H_-H2O_23,2021-07-30_02h22m33s,Estradiol,C18H24O2,-H,-H2O,23,0.6906291244996756,1.8870256648677817,0.011299435028248588,0.011299435028248588,0.006307709422627656,0.00619064791441279,0.00636107518117547,0.00636107518117547,0.689224469722352,119,0.6912596225738525,0.3240874409675598,122.35295104980469,6.529919147491455,0.3628193140029907,0.3653223216533661,0.3671721816062927,1.8775444129373562,1.9000080423662449,2.9788273536723864e-07,1.3735967741013155e-07,5.272524504107423e-05,2.803544475682429e-06,1.584131297249769e-07,1.5955562560066028e-07,1.6052305795710708e-07,0.0002978349259941516,0.0002978355543049378
2021-07-30_02h22m33s_C18H24O2_+Cl__23,2021-07-30_02h22m33s,Estradiol,C18H24O2,+Cl,,23,1.0557110862477674,1.0124126740429227,0.288135593220339,0.288135593220339,0.27025253087106466,0.2825760307729294,0.26293034711270974,0.26293034711270974,1.0586557189192458,189,22.895160675048828,0.35179901123046875,4052.443359375,37.93095016479492,24.46001434326172,22.613454818725586,22.54336166381836,1.0155603878460426,0.9359857426090656,1.1629719665506855e-05,7.123862815205939e-07,0.0020584603771567345,1.9651726688607596e-05,1.1795291356975213e-05,1.0959564860968385e-05,1.091733338398626e-05,0.011504125294376992,0.011494142901089792
2021-07-30_02h22m33s_C18H24O2_-H_+HCl_23,2021-07-30_02h22m33s,Estradiol,C18H24O2,-H,+HCl,23,1.0557110862477674,1.0124126740429227,0.288135593220339,0.288135593220339,0.27025253087106466,0.2825760307729294,0.26293034711270974,0.26293034711270974,1.0586557189192458,189,22.895160675048828,0.35179901123046875,4052.443359375,37.93095016479492,24.46001434326172,22.613454818725586,22.54336166381836,1.0155603878460426,0.9359857426090656,1.1629719665506855e-05,7.123862815205939e-07,0.0020584603771567345,1.9651726688607596e-05,1.1795291356975213e-05,1.0959564860968385e-05,1.091733338398626e-05,0.011504125294376992,0.011494142901089792
2021-07-30_02h22m33s_C18H24O2_+Cl_+C12H14N2_23,2021-07-30_02h22m33s,Estradiol,C18H24O2,+Cl,+C12H14N2,23,0.25562031101007143,0.40484910167696925,0.005649717514124294,0.005649717514124294,0.0131049059962176,0.01484553431902873,0.01210198982936726,0.01210198982936726,0.2556603065545789,168,0.28880026936531067,-0.42370733618736267,51.11764907836914,3.831368923187256,0.8933130502700806,0.7123528718948364,0.7125076055526733,0.4047613047398561,0.32292972721139834,9.263411016036116e-08,-2.222921295924607e-07,1.639623769733589e-05,1.2289303867873969e-06,3.907562700078415e-07,3.146291192024364e-07,3.1492623975282186e-07,9.260494643279857e-05,9.25979269398197e-05
2021-07-30_02h22m33s_C18H24O2_[M]-_+HCl_23,2021-07-30_02h22m33s,Estradiol,C18H24O2,[M]-,+HCl,23,1.4631983633292647,1.4064912185393268,0.1751412429378531,0.1751412429378531,0.11340527311158081,0.11936530833032817,0.10969753884862768,0.10969753884862768,1.4655627350456244,189,10.82166862487793,3.1405186653137207,1915.435302734375,23.80522346496582,8.307577133178711,7.693089008331299,7.681149959564209,1.408677086732087,1.3024695385764273,5.877491275896318e-06,2.1864673271920765e-06,0.001040315954014659,1.3308594134286977e-05,3.9936649045557715e-06,3.700040451803943e-06,3.6910239487042418e-06,0.005855877093304263,0.005854111914595656
2021-07-30_02h22m33s_C18H24O2_+Cl_-H2_23,2021-07-30_02h22m33s,Estradiol,C18H24O2,+Cl,-H2,23,0.8885974352700847,0.8722572420054213,0.2824858757062147,0.2824858757062147,0.3088886416731561,0.3107044115879312,0.3079008451902121,0.3079008451902121,0.8884109037674626,189,24.336925506591797,-3.587787628173828,4307.6357421875,41.0866813659668,27.73056983947754,27.900087356567383,27.924713134765625,0.8714880579466373,0.8775891753501359,1.305581918131793e-05,-5.006841092836112e-07,0.0023108799941837788,2.2985419491305947e-05,1.337687444902258e-05,1.3556649719248526e-05,1.355650329060154e-05,0.01288119521598554,0.012883478506864917
2021-07-30_02h22m33s_C18H24O2_-H__23,2021-07-30_02h22m33s,Estradiol,C18H24O2,-H,,23,2.5865398003198794,40.338266108404426,0.02824858757062147,0.02824858757062147,0.0016130826565802648,0.002644548623632648,0.0009213813632900402,0.0009213813632900402,2.581045426549546,41,2.1294782161712646,2.076380968093872,376.91766357421875,13.08829402923584,0.17970627546310425,0.051790524274110794,0.05309733375906944,39.363829383074844,11.784196263876023,1.2904156392323785e-06,1.261582838196773e-06,0.0002284035726916045,7.795611963956617e-06,8.640239457236021e-08,2.8123199768970153e-08,2.8832818799173765e-08,0.001290378433984809,0.001290304153863758
2021-07-30_02h22m33s_C18H24O2_+Cl_-CH2O2_23,2021-07-30_02h22m33s,Estradiol,C18H24O2,+Cl,-CH2O2,23,0.7206452799598441,0.816510641564778,0.07909604519774012,0.07909604519774012,0.10159083324062744,0.1048202909003486,0.09975725144851781,0.09975725144851781,0.7204589236739757,189,5.393043518066406,-1.214097499847412,954.5686645507812,19.283517837524414,7.0865373611450195,6.6039886474609375,6.607141017913818,0.8161211305035048,0.7609192365788303,2.528147206248832e-06,-4.6770605877100024e-07,0.0004474820743780583,9.157450222119223e-06,3.1514534839516273e-06,2.9946679660497466e-06,2.995853265019832e-06,0.002520595870879263,0.002520204897743566
2021-07-30_02h22m33s_C18H24O2_+Cl_+H2_23,2021-07-30_02h22m33s,Estradiol,C18H24O2,+Cl,+H2,23,0.9606059791346966,1.0916487508956685,0.12994350282485875,0.12994350282485875,0.13231727667148738,0.1442781584325039,0.12527242766270355,0.12527242766270355,0.9613801721801315,189,9.708873748779297,0.8147983551025391,1718.470703125,25.828453063964844,10.494526863098145,8.892770767211914,8.894075393676758,1.0914886405213657,0.9250487255590104,5.402882834459888e-06,1.1712604646163527e-06,0.0009563102503307164,1.4751483831787482e-05,4.918499598716153e-06,4.236850145389326e-06,4.231622369843535e-06,0.00538011621433495,0.005376438822270031
2021-07-30_02h22m33s_C18H24O2_[M]-_-H2O_23,2021-07-30_02h22m33s,Estradiol,C18H24O2,[M]-,-H2O,23,0.6333278084402486,1.0401558421147414,0.01694915254237288,0.01694915254237288,0.01825564578929803,0.020795768722202186,0.016762053262930347,0.016762053262930347,0.6344982244930515,180,1.0319043397903442,0.04409438371658325,182.64706420898438,7.949608325958252,1.2845948934555054,0.9910670518875122,0.987809956073761,1.0435820689828983,0.8026668004387641,4.5993778030606336e-07,3.080390342802275e-08,8.140898717101663e-05,3.5234252209193073e-06,5.558271709560358e-07,4.3064304122708563e-07,4.291338768780406e-07,0.00045974049008719445,0.0004596822764068295
2021-07-30_02h22m33s_C18H24O2_-H_-CO2_23,2021-07-30_02h22m33s,Estradiol,C18H24O2,-H,-CO2,23,0.0,0.0,0.0,0.0,0.0006341083546556903,0.0008414472893376608,0.0005138472987579071,0.0005138472987579071,0.0,25,0.0,-0.02947673387825489,0.0,0.0,0.0479801744222641,0.028751268982887268,0.02947673387825489,0.0,0.0,0.0,-1.3151500333208332e-08,0.0,0.0,2.171122837069106e-08,1.2827820583538596e-08,1.3151500333208332e-08,0.0,0.0
2021-07-30_02h22m33s_C18H24O2_[M]-_-CO2_23,2021-07-30_02h22m33s,Estradiol,C18H24O2,[M]-,-CO2,23,0.0,0.0,0.0,0.0,0.0007119813104905996,0.0008714989782425773,0.0006201605329836809,0.0006201605329836809,0.0,28,0.0,-0.03279548138380051,0.0,0.0,0.04930716007947922,0.03480292484164238,0.03279548138380051,0.0,0.0,0.0,-1.4866329500762276e-08,0.0,0.0,2.1309416453618724e-08,1.5655089669053268e-08,1.4866329500762276e-08,0.0,0.0
2021-07-30_02h22m33s_C18H24O2_+Cl_-CO2_23,2021-07-30_02h22m33s,Estradiol,C18H24O2,+Cl,-CO2,23,0.6605821754242058,1.8170612287222294,0.011299435028248588,0.011299435028248588,0.007475803760151296,0.008083904315422526,0.007105267820755887,0.007105267820755887,0.6578788545871179,142,0.7563088536262512,0.3369608521461487,133.86666870117188,7.077404022216797,0.4787594676017761,0.41522639989852905,0.41934800148010254,1.7992445568033744,1.5764334102813884,5.053384484199341e-07,3.06994593302079e-07,8.944490400608629e-05,4.7330145207524765e-06,2.2145256650674128e-07,1.965036631190742e-07,1.983438409070004e-07,0.0005052382375273299,0.0005052265647005138
2021-07-30_02h22m33s_C18H24O2_[M]-_-CH2O2_23,2021-07-30_02h22m33s,Estradiol,C18H24O2,[M]-,-CH2O2,23,0.0,0.0,0.0,0.0,0.0006674824785849371,0.000991705733862243,0.0004784095540159824,0.0004784095540159824,0.0,19,0.0,-0.02714778669178486,0.0,0.0,0.06096367910504341,0.027598358690738678,0.02714778669178486,0.0,0.0,0.0,-1.15164269232082e-08,0.0,0.0,2.5622023613891542e-08,1.1815864731090642e-08,1.15164269232082e-08,0.0,0.0
2021-07-30_02h22m33s_C9H14N2O12P2_-H_-HPO3_122,2021-07-30_02h22m33s,Uridine diphosphate,C9H14N2O12P2,-H,-HPO3,122,29.327520175434035,600.7529258895696,1.0,1.0,0.0249304705751474,0.021156388989061185,0.024097666424508744,0.024097666424508744,43.22063847331841,5,44178.578125,44141.484375,7819608.5,43568.05078125,214.1126708984375,73.53768157958984,37.09341049194336,1190.976687298893,206.3323557978492,0.01993718184530735,0.019917376339435577,3.528881311416626,0.017733348533511162,9.99233961920254e-05,3.6874836951028556e-05,1.98052675841609e-05,19.549989080304496,18.125973058060765
2021-07-30_02h22m33s_C9H14N2O12P2_-H_-H2O_122,2021-07-30_02h22m33s,Uridine diphosphate,C9H14N2O12P2,-H,-H2O,122,62.816242869869555,3536.055986966777,0.9943502824858758,0.7288135593220338,0.0102569807542552,0.012531554273350162,0.005829509010046601,0.005829509010046601,84.27514868192836,4,6711.3232421875,6710.63427734375,1187904.25,11776.5029296875,40.922176361083984,1.8969686031341553,0.6888678073883057,9728.419228018709,163.99810178394787,0.0027399351820349693,0.0027396096847951412,0.48496854305267334,0.004342762287706137,1.677584441495128e-05,9.007507060232456e-07,3.255056242323917e-07,2.7390436079355687,2.6947288304351065
2021-07-30_02h22m33s_C9H14N2O12P2_-H_-H3PO4_122,2021-07-30_02h22m33s,Uridine diphosphate,C9H14N2O12P2,-H,-H3PO4,122,21.382754217862594,638.3122296607295,1.0,1.0,0.03816887306708199,0.0354309412188965,0.0367666601697468,0.0367666601697468,27.974178463415253,9,3278.32275390625,3275.604248046875,580263.125,3506.0498046875,19.460538864135742,5.134923458099365,2.718498706817627,1205.4878885169842,168.4513633167844,0.0014544291188940406,0.001453089527785778,0.2574339509010315,0.0013540113577619195,8.590561265009455e-06,2.481474894011626e-06,1.3396150961852982e-06,1.4524833502710597,1.4420411758264373
2021-07-30_02h22m33s_C9H14N2O12P2_-H_-CO2_122,2021-07-30_02h22m33s,Uridine diphosphate,C9H14N2O12P2,-H,-CO2,122,5.702174192608711,11.996528691571145,0.1807909604519774,0.1807909604519774,0.043308488152186006,0.07921625195335978,0.021705618654428833,0.021705618654428833,5.710580829612063,189,13.728416442871094,12.588118553161621,2429.9296875,31.806596755981445,5.947865009307861,1.143365740776062,1.1402981281280518,12.02877329290668,2.307737092939745,5.929953204031335e-06,5.40677774552023e-06,0.0010496017057448626,1.391768910252722e-05,2.6530153718340443e-06,5.241749931883533e-07,5.231756290413614e-07,0.005926852419288638,0.0059142625745081025
2021-07-30_02h22m33s_C9H14N2O12P2_[M]-_+C12H14N2_122,2021-07-30_02h22m33s,Uridine diphosphate,C9H14N2O12P2,[M]-,+C12H14N2,122,27.27688158985694,1351.232552642463,0.3389830508474576,0.3389830508474576,0.005673601067971966,0.00940617862723885,0.0024274855148218367,0.0024274855148218367,27.583251575944153,103,198.1337890625,197.9969024658203,35069.6796875,382.8473205566406,1.6865333318710327,0.14563189446926117,0.13688629865646362,1436.9360189741535,117.41029662674663,8.285799412988126e-05,8.279801841126755e-05,0.014665864408016205,0.00015464029274880886,7.138245337046101e-07,6.394516560703778e-08,5.997509333610651e-08,0.08285302501197299,0.08279889025065683
2021-07-30_02h22m33s_C9H14N2O12P2_[M]-_-HPO3_122,2021-07-30_02h22m33s,Uridine diphosphate,C9H14N2O12P2,[M]-,-HPO3,122,30.822038470208152,659.6039841532469,0.9887005649717514,0.9887005649717514,0.024396484592279454,0.023199903834595505,0.02207771497421904,0.02207771497421904,44.26171195609089,8,4594.8486328125,4591.26025390625,813288.25,4756.74365234375,21.429649353027344,6.965071678161621,3.5882985591888428,1280.1522517677952,214.40547867316118,0.0020735508296638727,0.0020716397557407618,0.3670184910297394,0.0019377139396965504,1.0009094694396481e-05,3.4962574773089727e-06,1.9109609183942666e-06,2.069595912757724,2.053002136868161
2021-07-30_02h22m33s_C9H14N2O12P2_-H_-CH2O3_122,2021-07-30_02h22m33s,Uridine diphosphate,C9H14N2O12P2,-H,-CH2O3,122,28.09152934080665,354.44799099309694,0.7796610169491526,0.4858757062146893,0.027077539214595617,0.03888688544296189,0.017754310115704237,0.017754310115704237,29.707926795995853,12,353.64581298828125,352.73095703125,62595.30859375,511.6304626464844,11.000664710998535,0.9967368245124817,0.9148625731468201,386.1341464944752,32.1447546601503,0.00014901782560627908,0.0001486247347202152,0.026376154273748398,0.00019075960153713822,4.368806003185455e-06,4.31630553521245e-07,3.930927903184056e-07,0.1489592707908801,0.14836962748702337
2021-07-30_02h22m33s_C9H14N2O12P2_-H_+H2_122,2021-07-30_02h22m33s,Uridine diphosphate,C9H14N2O12P2,-H,+H2,122,2.5241312004921648,36.239039762755404,0.14689265536723164,0.14689265536723164,0.05586828345755924,0.06839764394758985,0.04819533284901749,0.04819533284901749,2.7979432357227725,43,121.32953643798828,118.90684509277344,21475.328125,333.6235046386719,10.101484298706055,3.347033977508545,2.4226930141448975,50.05977891172597,12.009871319822631,5.746849637944251e-05,5.6376669817836955e-05,0.010171923786401749,0.00015406543388962746,4.155192073085345e-06,1.5119718455025577e-06,1.0918280395344482e-06,0.05740581909652049,0.05723069186227918
2021-07-30_02h22m33s_C9H14N2O12P2_-H__122,2021-07-30_02h22m33s,Uridine diphosphate,C9H14N2O12P2,-H,,122,56.98577299393156,3012.6913219441476,1.0,0.8813559322033898,0.011614195127377906,0.013252794807068157,0.007548239630029945,0.007548239630029945,79.26117952041477,5,54739.0,54731.5546875,9688803.0,87605.4453125,297.54364013671875,18.168468475341797,7.446587562561035,7349.896800834209,183.969033940077,0.022334201261401176,0.02233067713677883,3.953153610229492,0.03222108259797096,0.00012383342254906893,8.496748705510981e-06,3.5233438211434986e-06,22.255786473644573,19.87323104410166
2021-07-30_02h22m33s_C9H14N2O12P2_[M]-_-H3PO4_122,2021-07-30_02h22m33s,Uridine diphosphate,C9H14N2O12P2,[M]-,-H3PO4,122,5.783813041031127,19.198468860353714,0.192090395480226,0.192090395480226,0.02800088997663811,0.035250631085467006,0.02321172280596063,0.02321172280596063,6.348031894349077,187,26.276813507080078,25.13408851623535,4650.99609375,65.24515533447266,3.511644124984741,1.3676931858062744,1.1427252292633057,22.97476075088897,7.480636401558106,1.240045457961969e-05,1.1856917808472645e-05,0.0021948805078864098,3.219630161765963e-05,1.5013102938610245e-06,6.444341238420748e-07,5.435364300865331e-07,0.012393718142305124,0.01238186555740116
2021-07-30_02h22m33s_C9H14N2O12P2_+Cl_-HPO3_122,2021-07-30_02h22m33s,Uridine diphosphate,C9H14N2O12P2,+Cl,-HPO3,122,5.702174192608711,11.996528691571145,0.1807909604519774,0.1807909604519774,0.043308488152186006,0.07921625195335978,0.021705618654428833,0.021705618654428833,5.710580829612063,189,13.728416442871094,12.588118553161621,2429.9296875,31.806596755981445,5.947865009307861,1.143365740776062,1.1402981281280518,12.02877329290668,2.307737092939745,5.929953204031335e-06,5.40677774552023e-06,0.0010496017057448626,1.391768910252722e-05,2.6530153718340443e-06,5.241749931883533e-07,5.231756290413614e-07,0.005926852419288638,0.0059142625745081025
2021-07-30_02h22m33s_C9H14N2O12P2_+Cl_-H3PO4_122,2021-07-30_02h22m33s,Uridine diphosphate,C9H14N2O12P2,+Cl,-H3PO4,122,28.09152934080665,354.44799099309694,0.7796610169491526,0.4858757062146893,0.027077539214595617,0.03888688544296189,0.017754310115704237,0.017754310115704237,29.707926795995853,12,353.64581298828125,352.73095703125,62595.30859375,511.6304626464844,11.000664710998535,0.9967368245124817,0.9148625731468201,386.1341464944752,32.1447546601503,0.00014901782560627908,0.0001486247347202152,0.026376154273748398,0.00019075960153713822,4.368806003185455e-06,4.31630553521245e-07,3.930927903184056e-07,0.1489592707908801,0.14836962748702337
2021-07-30_02h22m33s_C9H14N2O12P2_+Cl_-H2O_122,2021-07-30_02h22m33s,Uridine diphosphate,C9H14N2O12P2,+Cl,-H2O,122,18.354379061401993,136.79036620269198,0.24858757062146894,0.24858757062146894,0.009322505284236289,0.017850703209520376,0.003543774474192462,0.003543774474192462,18.579502884705022,162,27.994417190551758,27.799697875976562,4955.01171875,57.887962341308594,1.220623254776001,0.20365196466445923,0.19471929967403412,143.03350378412247,22.915753347937756,1.1858322068292182e-05,1.177322155854199e-05,0.002098923083394766,2.3130563931772485e-05,5.020169169256405e-07,8.89606610599003e-08,8.510031790365247e-08,0.011857313007185786,0.011852371977054006
2021-07-30_02h22m33s_C9H14N2O12P2_[M]-_+H2_122,2021-07-30_02h22m33s,Uridine diphosphate,C9H14N2O12P2,[M]-,+H2,122,9.808206206723876,53.73099294135803,0.23728813559322035,0.1694915254237288,0.01772165980643008,0.02253876667868734,0.014192816769140812,0.014192816769140812,10.411091435702062,31,43.44776916503906,42.725887298583984,7690.2548828125,125.7099380493164,2.795527935028076,0.8076165318489075,0.721881091594696,60.10361824403521,15.536325820611859,2.1459929484990425e-05,2.113690243277233e-05,0.0037984075024724007,6.158655742183328e-05,1.199541543428495e-06,3.6254687074688263e-07,3.2302759223057365e-07,0.02145299957419185,0.021434218249748938
2021-07-30_02h22m33s_C9H14N2O12P2_[M]-__122,2021-07-30_02h22m33s,Uridine diphosphate,C9H14N2O12P2,[M]-,,122,6.859960490683724,255.417197746549,0.1807909604519774,0.1807909604519774,0.017020803203915896,0.01727972112032696,0.016354519198398212,0.016354519198398212,8.316822425272349,10,380.7947692871094,379.9018859863281,67400.671875,1568.9627685546875,3.952558755874634,1.4898736476898193,0.8928864002227783,425.99906340694525,96.31696221063682,0.00017294796998612583,0.00017253383703064173,0.030611790716648102,0.0006959963939152658,1.6341623449989129e-06,6.856585628156608e-07,4.1413662188460876e-07,0.17287637554795274,0.17266580602764656
2021-07-30_02h22m33s_C9H14N2O12P2_-H_-NH3_122,2021-07-30_02h22m33s,Uridine diphosphate,C9H14N2O12P2,-H,-NH3,122,0.4986988869428231,3.516645498142432,0.005649717514124294,0.005649717514124294,0.002836800533985983,0.005379252313980045,0.0013289154278221735,0.0013289154278221735,0.5004139428499726,58,0.3052176833152771,0.22173896431922913,54.023529052734375,4.04917049407959,0.5105902552604675,0.08579228073358536,0.08347871154546738,3.61295381678502,0.5966057409750322,1.979431658583053e-07,1.6321141060871014e-07,3.503594052745029e-05,2.6260131562594324e-06,1.9620689784005663e-07,3.584684193924659e-08,3.473176235502251e-08,0.00019793629118207851,0.00019790433566253585
2021-07-30_02h22m33s_C9H14N2O12P2_+Cl_-CH2O2_122,2021-07-30_02h22m33s,Uridine diphosphate,C9H14N2O12P2,+Cl,-CH2O2,122,1.896890743754973,11.207520300087767,0.022598870056497175,0.022598870056497175,0.005706975191901212,0.0120507272508715,0.0019136382160639296,0.0019136382160639296,1.8978085199653956,120,1.0769248008728027,0.9818108081817627,190.61569213867188,7.146392822265625,1.1421395540237427,0.09508948028087616,0.09511402249336243,11.204658518450566,0.9420764044793392,4.0249747712550743e-07,3.601941216402338e-07,7.124205149011686e-05,2.6801076273841318e-06,5.306854404807382e-07,4.215900872850398e-08,4.230336614341468e-08,0.00040248045084762966,0.00040228399086861494
2021-07-30_02h22m33s_C9H14N2O12P2_[M]-_-CH2O3_122,2021-07-30_02h22m33s,Uridine diphosphate,C9H14N2O12P2,[M]-,-CH2O3,122,4.6127335123570905,26.278273784900986,0.062146892655367235,0.062146892655367235,0.006897318945377684,0.012411347517730497,0.003472898984708613,0.003472898984708613,4.607333787685237,129,5.073246955871582,4.880021572113037,897.9647216796875,21.665475845336914,1.4055758714675903,0.19205860793590546,0.19322548806667328,26.12039751512968,3.606806471504639,2.5361966891068732e-06,2.4490930172760272e-06,0.00044890682329423726,1.1128545338578988e-05,5.449729769679834e-07,8.659709749281319e-08,8.710362919828185e-08,0.0025359757964114465,0.0025348152832758825
2021-07-30_02h22m33s_C9H14N2O12P2_[M]-_-H2O_122,2021-07-30_02h22m33s,Uridine diphosphate,C9H14N2O12P2,[M]-,-H2O,122,7.111700844086825,37.075637926100065,0.12429378531073447,0.12429378531073447,0.009378128824118367,0.011990623873061665,0.007477364140546096,0.007477364140546096,7.497680138736529,95,18.277633666992188,17.84694480895996,3235.14111328125,67.19330596923828,0.9569750428199768,0.4919823110103607,0.4306893050670624,42.33978801988801,19.07944659308513,9.004743333207443e-06,8.809791324893013e-06,0.0015938396099954844,3.2228192139882594e-05,4.204345316338731e-07,2.2430329238432023e-07,1.949516104104987e-07,0.009002988186162044,0.009000959019217943
2021-07-30_02h22m33s_C9H14N2O12P2_+Cl_-NH3_122,2021-07-30_02h22m33s,Uridine diphosphate,C9H14N2O12P2,+Cl,-NH3,122,10.164754685261736,188.62010903712158,0.11299435028248588,0.11299435028248588,0.0037601512960284793,0.007663180670753696,0.0011162889593706257,0.0011162889593706257,10.188652523628427,78,12.095181465148926,12.033790588378906,2140.84716796875,38.04125213623047,0.6297639012336731,0.06312455981969833,0.06139073520898819,193.86181978196115,19.175449707081665,4.610914857039461e-06,4.584353973768884e-06,0.0008161319419741631,1.4523432582791429e-05,2.5326085051347036e-07,2.7477666364461584e-08,2.6560705634892656e-08,0.004610792391140016,0.004609747388495199
2021-07-30_02h22m33s_C9H14N2O12P2_[M]-_-NH3_122,2021-07-30_02h22m33s,Uridine diphosphate,C9H14N2O12P2,[M]-,-NH3,122,2.2828379465371706,13.613809670635408,0.02824858757062147,0.02824858757062147,0.004305261986872844,0.007452818848419281,0.00237432889770895,0.00237432889770895,2.2986042979953467,107,2.079118490219116,1.9335782527923584,368.00396728515625,12.519521713256836,0.5251238942146301,0.1517212837934494,0.145540252327919,14.188036783003412,3.951765949202353,9.770819815457799e-07,9.158228522210266e-07,0.00017294351710006595,5.923826847720193e-06,2.096245452776202e-07,6.383345407812158e-08,6.125910800847123e-08,0.000977022130041589,0.000976877204106077
2021-07-30_02h22m33s_C9H14N2O12P2_+Cl_+H2_122,2021-07-30_02h22m33s,Uridine diphosphate,C9H14N2O12P2,+Cl,+H2,122,5.767878089355252,48.389374247269906,0.06779661016949153,0.06779661016949153,0.004639003226165313,0.009195816804904436,0.0017541683647252688,0.0017541683647252688,5.763785341280553,105,4.679738998413086,4.5835676193237305,828.3137817382812,18.011558532714844,0.7321057319641113,0.09571005403995514,0.09617123752832413,48.159713897324856,6.383443471210207,1.8029096509053488e-06,1.760278678375471e-06,0.0003191150026395917,6.870448032714194e-06,2.869539343919314e-07,4.222881955229241e-08,4.263102582058309e-08,0.001802832794293945,0.0018023924473012773
2021-07-30_02h22m33s_C9H14N2O12P2_[M]-_-H2_122,2021-07-30_02h22m33s,Uridine diphosphate,C9H14N2O12P2,[M]-,-H2,122,4.626524189363273,8.71596489966489,0.11299435028248588,0.11299435028248588,0.017554789186783847,0.022358456545257845,0.014423162109963321,0.014423162109963321,4.62576268664902,166,8.612252235412598,7.619804859161377,1524.36865234375,25.760047912597656,1.688084363937378,0.9871008396148682,0.992447555065155,8.669055745824211,5.098769735418553,3.510167289277888e-06,3.090718337261933e-06,0.0006212996086105704,1.0632211342453957e-05,6.961737994970463e-07,4.1739767198123445e-07,4.194488667508267e-07,0.0035086955708969014,0.0035077253028262274
2021-07-30_02h22m33s_C9H14N2O12P2_[M]-_-CO2_122,2021-07-30_02h22m33s,Uridine diphosphate,C9H14N2O12P2,[M]-,-CO2,122,1.7704963135312841,8.233856180553781,0.022598870056497175,0.022598870056497175,0.005083991545221938,0.008925351604760188,0.0027641440898701205,0.0027641440898701205,1.773335443871565,144,1.3065028190612793,1.1496115922927856,231.25099182128906,8.613105773925781,0.5378848314285278,0.15767447650432587,0.15689124166965485,8.27470102359944,2.4244564754177174,5.858942131453659e-07,5.139003178555868e-07,0.00010370327800046653,3.86492911275127e-06,2.2793766163431428e-07,7.244383226634454e-08,7.199390239520653e-08,0.0005858520353711134,0.0005857606962219918
2021-07-30_02h22m33s_C9H14N2O12P2_[M]-_-CH2O2_122,2021-07-30_02h22m33s,Uridine diphosphate,C9H14N2O12P2,[M]-,-CH2O2,122,0.0,0.0,0.0,0.0,0.0029702970297029703,0.005138838802740714,0.001701011747612382,0.001701011747612382,0.0,72,0.0,-0.09988132864236832,0.0,0.0,0.35775476694107056,0.09855924546718597,0.09988132864236832,0.0,0.0,0.0,-4.648780205229741e-08,0.0,0.0,1.513676295417099e-07,4.57136799525415e-08,4.648780205229741e-08,0.0,0.0
2021-07-30_02h22m33s_C9H14N2O12P2_+Cl_-CH2O3_122,2021-07-30_02h22m33s,Uridine diphosphate,C9H14N2O12P2,+Cl,-CH2O3,122,3.8342470301816434,5.73383510440572,0.22598870056497175,0.22598870056497175,0.057714984981644235,0.07170332972713067,0.0489395254885979,0.0489395254885979,3.862092050737721,188,18.395858764648438,15.215873718261719,3256.06689453125,35.808712005615234,5.1001362800598145,3.20729923248291,3.1799848079681396,5.783070299036992,3.6062276627576653,8.434663868683856e-06,7.025058494036784e-06,0.0014929354656487703,1.6954214515862986e-05,2.214514779552701e-06,1.4210115750756813e-06,1.4096054883339093e-06,0.00842279105618397,0.008416026453716993
2021-07-30_02h22m33s_C9H14N2O12P2_+Cl_-CO2_122,2021-07-30_02h22m33s,Uridine diphosphate,C9H14N2O12P2,+Cl,-CO2,122,0.8989754496091822,4.038598066506756,0.011299435028248588,0.011299435028248588,0.00556235398820781,0.01060824618343551,0.0025692364937895352,0.0025692364937895352,0.8994928860630086,134,0.5988479256629944,0.45210790634155273,105.99607849121094,5.6060404777526855,0.6668793559074402,0.14728114008903503,0.14674000442028046,4.05339046802404,0.8966408683935835,2.1707494113343273e-07,1.5078418869052257e-07,3.8422265788540244e-05,2.0348838916106615e-06,2.653447666034481e-07,6.656125606241403e-08,6.629075954833752e-08,0.00021706055202457103,0.00021701735671356666
2021-07-30_02h22m33s_C9H14N2O12P2_[M]-_+HCl_122,2021-07-30_02h22m33s,Uridine diphosphate,C9H14N2O12P2,[M]-,+HCl,122,2.537144575207543,27.970195894673545,0.02824858757062147,0.02824858757062147,0.003437534764712426,0.00721240533717995,0.001134007831741588,0.001134007831741588,2.538843826160125,61,1.8180125951766968,1.7542206048965454,321.7882385253906,10.889122009277344,0.5523837804794312,0.06399820744991302,0.06379199773073196,28.05921500880628,3.2852654149018212,7.329433060476731e-07,7.039290039756452e-07,0.00012973096454516053,4.536271717370255e-06,2.0926890442751755e-07,2.912392105258732e-08,2.9014294966600573e-08,0.0007329220408313928,0.0007327899558964272
2021-07-30_02h22m33s_C29H48O2_[M]-__18,2021-07-30_02h22m33s,Cholesteryl acetate,C29H48O2,[M]-,,18,0.0,0.0,0.0,0.0,0.001023473133830237,0.0025243418680129825,0.0001417509789676985,0.0001417509789676985,0.0,7,0.0,-0.008263722062110901,0.0,0.0,0.7869139909744263,0.008071467280387878,0.008263722062110901,0.0,0.0,0.0,-4.361264682728461e-09,0.0,0.0,4.800806436833227e-07,4.259800068240338e-09,4.361264682728461e-09,0.0,0.0
2021-07-30_02h22m33s_C29H48O2_-H__18,2021-07-30_02h22m33s,Cholesteryl acetate,C29H48O2,-H,,18,0.0,0.0,0.0,0.0,0.0007676048503726777,0.0018632047121048202,0.00012403210659673618,0.00012403210659673618,0.0,5,0.0,-0.007159616332501173,0.0,0.0,0.2681846022605896,0.006993048824369907,0.007159616332501173,0.0,0.0,0.0,-3.653782609802647e-09,0.0,0.0,1.5514224571688828e-07,3.5687777177884072e-09,3.653782609802647e-09,0.0,0.0
2021-07-30_02h22m33s_C29H48O2_-H_+H2_18,2021-07-30_02h22m33s,Cholesteryl acetate,C29H48O2,-H,+H2,18,0.0,0.0,0.0,0.0,0.00047836244298587164,0.0012321192451015747,3.5437744741924624e-05,3.5437744741924624e-05,0.0,3,0.0,-0.0019013106357306242,0.0,0.0,0.2278020679950714,0.001857076887972653,0.0019013106357306242,0.0,0.0,0.0,-8.106594839851766e-10,0.0,0.0,1.3987525449010718e-07,7.917995703543568e-10,8.106594839851766e-10,0.0,0.0
2021-07-30_02h22m33s_C29H48O2_[M]-_-CO2_18,2021-07-30_02h22m33s,Cholesteryl acetate,C29H48O2,[M]-,-CO2,18,0.0,0.0,0.0,0.0,0.00011124707976415619,0.00030051688904916455,0.0,0.0,0.0,1,0.0,0.0,0.0,0.0,0.02382698282599449,0.0,0.0,0.0,0.0,0.0,0.0,0.0,0.0,8.654126304463716e-09,0.0,0.0,0.0,0.0
2021-07-30_02h22m33s_C29H48O2_[M]-_+C12H14N2_18,2021-07-30_02h22m33s,Cholesteryl acetate,C29H48O2,[M]-,+C12H14N2,18,0.9770907912459506,1.180372766077641,0.8305084745762712,0.6045197740112994,0.8242852375125153,0.7976319269142926,0.8399808636178394,0.8399808636178394,0.975718563087963,189,316.6904602050781,49.123443603515625,56054.2109375,436.052734375,231.2427215576172,268.2959899902344,267.5670166015625,1.1835886225395327,1.3695094425565661,0.00013027270324528217,9.04502667253837e-06,0.023058267310261726,0.00017626296903472394,0.00010355046106269583,0.00012121355393901467,0.0001212276765727438,0.11618755580801099,0.11804870537576714
2021-07-30_02h22m33s_C29H48O2_+Cl_-CH2O2_18,2021-07-30_02h22m33s,Cholesteryl acetate,C29H48O2,+Cl,-CH2O2,18,0.0,0.0,0.0,0.0,0.0010679719657358995,0.0020735665344392357,0.0004784095540159824,0.0004784095540159824,0.0,14,0.0,-0.02744906209409237,0.0,0.0,0.1944102942943573,0.02776498906314373,0.02744906209409237,0.0,0.0,0.0,-1.2876016697305204e-08,0.0,0.0,8.114527361158252e-08,1.2947833916143736e-08,1.2876016697305204e-08,0.0,0.0
2021-07-30_02h22m33s_C29H48O2_[M]-_-H2_18,2021-07-30_02h22m33s,Cholesteryl acetate,C29H48O2,[M]-,-H2,18,0.0,0.0,0.0,0.0,0.0006563577706085215,0.001712946267580238,3.5437744741924624e-05,3.5437744741924624e-05,0.0,9,0.0,-0.0018927736673504114,0.0,0.0,0.22208882868289948,0.0018487385241314769,0.0018927736673504114,0.0,0.0,0.0,-8.121198158406173e-10,0.0,0.0,8.611620216925076e-08,7.932259848963952e-10,8.121198158406173e-10,0.0,0.0
2021-07-30_02h22m33s_C29H48O2_+Cl_+H2_18,2021-07-30_02h22m33s,Cholesteryl acetate,C29H48O2,+Cl,+H2,18,0.0,0.0,0.0,0.0,0.001724329736344421,0.0033357374684457267,0.0007796303843223418,0.0007796303843223418,0.0,21,0.0,-0.04355556517839432,0.0,0.0,0.31067556142807007,0.043420758098363876,0.04355556517839432,0.0,0.0,0.0,-1.9974160991864665e-08,0.0,0.0,1.3042537716501101e-07,1.985685749161803e-08,1.9974160991864665e-08,0.0,0.0
2021-07-30_02h22m33s_C29H48O2_-H_-CO2_18,2021-07-30_02h22m33s,Cholesteryl acetate,C29H48O2,-H,-CO2,18,0.0,0.0,0.0,0.0,0.0001223717877405718,0.00030051688904916455,1.7718872370962312e-05,1.7718872370962312e-05,0.0,1,0.0,-0.0009456754778511822,0.0,0.0,0.07534489035606384,0.0009236744372174144,0.0009456754778511822,0.0,0.0,0.0,-4.043900492245456e-10,0.0,0.0,2.472267368602843e-08,3.9498196380272077e-10,4.043900492245456e-10,0.0,0.0
2021-07-30_02h22m33s_C29H48O2_-H_-H2O_18,2021-07-30_02h22m33s,Cholesteryl acetate,C29H48O2,-H,-H2O,18,0.0,0.0,0.0,0.0,0.0003448659472688842,0.0008113956004327443,7.087548948384925e-05,7.087548948384925e-05,0.0,7,0.0,-0.0037482695188373327,0.0,0.0,0.06109849736094475,0.0036610665265470743,0.0037482695188373327,0.0,0.0,0.0,-1.6653870504867996e-09,0.0,0.0,2.3440298591026476e-08,1.626642043284221e-09,1.6653870504867996e-09,0.0,0.0
2021-07-30_02h22m33s_C29H48O2_-H_+C12H14N2_18,2021-07-30_02h22m33s,Cholesteryl acetate,C29H48O2,-H,+C12H14N2,18,0.32724027560847807,0.7427355171312285,0.005649717514124294,0.005649717514124294,0.007498053176104127,0.007903594181993028,0.007264737672094548,0.007264737672094548,0.32739900366741054,129,0.34418967366218567,-0.11828285455703735,60.921573638916016,4.566192150115967,0.5553227066993713,0.4624081254005432,0.462472528219223,0.7426323087252834,0.6186870848832362,1.7116592232468975e-07,-3.6616214060813945e-08,3.0296369004645385e-05,2.2707727111992426e-06,2.571973425347096e-07,2.0707923908958037e-07,2.077821363855037e-07,0.00017113036449195517,0.00017112191022413062
2021-07-30_02h22m33s_C29H48O2_+Cl__18,2021-07-30_02h22m33s,Cholesteryl acetate,C29H48O2,+Cl,,18,0.0,0.0,0.0,0.0,0.00251418400266993,0.0032756340906358937,0.0020731080674025906,0.0020731080674025906,0.0,31,0.0,-0.11667812615633011,0.0,0.0,0.22118043899536133,0.11625665426254272,0.11667812615633011,0.0,0.0,0.0,-5.1785228549761086e-08,0.0,0.0,8.820782682050776e-08,5.160516991509212e-08,5.1785228549761086e-08,0.0,0.0
2021-07-30_02h22m33s_C29H48O2_-H_+HCl_18,2021-07-30_02h22m33s,Cholesteryl acetate,C29H48O2,-H,+HCl,18,0.0,0.0,0.0,0.0,0.00251418400266993,0.0032756340906358937,0.0020731080674025906,0.0020731080674025906,0.0,31,0.0,-0.11667812615633011,0.0,0.0,0.22118043899536133,0.11625665426254272,0.11667812615633011,0.0,0.0,0.0,-5.1785228549761086e-08,0.0,0.0,8.820782682050776e-08,5.160516991509212e-08,5.1785228549761086e-08,0.0,0.0
2021-07-30_02h22m33s_C29H48O2_+Cl_+C12H14N2_18,2021-07-30_02h22m33s,Cholesteryl acetate,C29H48O2,+Cl,+C12H14N2,18,0.37851906803973645,1.215225331191777,0.005649717514124294,0.005649717514124294,0.005417732784514406,0.0062507512922226225,0.0049258465191275224,0.0049258465191275224,0.3783040525831927,124,0.38548800349235535,0.0689416229724884,68.23137664794922,5.114076137542725,0.39373475313186646,0.31621524691581726,0.31654638051986694,1.2139581086115945,0.9765747769454135,1.0483675794148439e-07,-3.246877611218224e-08,1.855610571510624e-05,1.390816805724171e-06,1.6927360491081345e-07,1.37018901114061e-07,1.3730553405366663e-07,0.00010482236525064289,0.0001048190148489777
2021-07-30_02h22m33s_C29H48O2_+Cl_-H2_18,2021-07-30_02h22m33s,Cholesteryl acetate,C29H48O2,+Cl,-H2,18,0.0,0.0,0.0,0.0,0.002102569807542552,0.0016227912008654887,0.002392047770079912,0.002392047770079912,0.0,42,0.0,-0.14192600548267365,0.0,0.0,0.09198857843875885,0.13951130211353302,0.14192600548267365,0.0,0.0,0.0,-6.481413805659031e-08,0.0,0.0,3.905361722900125e-08,6.36508659113133e-08,6.481413805659031e-08,0.0,0.0
2021-07-30_02h22m33s_C29H48O2_-H_-H2_18,2021-07-30_02h22m33s,Cholesteryl acetate,C29H48O2,-H,-H2,18,0.0,0.0,0.0,0.0,0.0003337412392924686,0.00045077533357374685,0.0002657830855644347,0.0002657830855644347,0.0,9,0.0,-0.014361348003149033,0.0,0.0,0.028405562043190002,0.014027232304215431,0.014361348003149033,0.0,0.0,0.0,-6.181536171823154e-09,0.0,0.0,1.252407511032061e-08,6.03772321028373e-09,6.181536171823154e-09,0.0,0.0
2021-07-30_02h22m33s_C29H48O2_[M]-_-H2O_18,2021-07-30_02h22m33s,Cholesteryl acetate,C29H48O2,[M]-,-H2O,18,0.0,0.0,0.0,0.0,4.4498831905662474e-05,6.0103377809832915e-05,3.5437744741924624e-05,3.5437744741924624e-05,0.0,2,0.0,-0.0020509909372776747,0.0,0.0,0.003127261297777295,0.0020032748579978943,0.0020509909372776747,0.0,0.0,0.0,-6.262801388601247e-10,0.0,0.0,1.2304122165573972e-09,6.11709793929549e-10,6.262801388601247e-10,0.0,0.0
2021-07-30_02h22m33s_C29H48O2_[M]-_+HCl_18,2021-07-30_02h22m33s,Cholesteryl acetate,C29H48O2,[M]-,+HCl,18,0.0,0.0,0.0,0.0,0.0007898542663255089,0.0010217574227671595,0.0006555982777256055,0.0006555982777256055,0.0,23,0.0,-0.03673144802451134,0.0,0.0,0.062283601611852646,0.03587689623236656,0.03673144802451134,0.0,0.0,0.0,-1.730239240771425e-08,0.0,0.0,2.7272138325429296e-08,1.689985573705144e-08,1.730239240771425e-08,0.0,0.0
2021-07-30_02h22m33s_C29H48O2_-H_-CH2O2_18,2021-07-30_02h22m33s,Cholesteryl acetate,C29H48O2,-H,-CH2O2,18,0.0,0.0,0.0,0.0,6.674824785849372e-05,6.0103377809832915e-05,7.087548948384925e-05,7.087548948384925e-05,0.0,2,0.0,-0.004447086248546839,0.0,0.0,0.0030162467155605555,0.004343625158071518,0.004447086248546839,0.0,0.0,0.0,-1.8135966062260422e-09,0.0,0.0,1.5420718035841219e-09,1.7714034683535829e-09,1.8135966062260422e-09,0.0,0.0
2021-07-30_02h22m33s_C29H48O2_+Cl_-H2O_18,2021-07-30_02h22m33s,Cholesteryl acetate,C29H48O2,+Cl,-H2O,18,0.0,0.0,0.0,0.0,0.0010679719657358995,0.000991705733862243,0.0011162889593706257,0.0011162889593706257,0.0,25,0.0,-0.06546139717102051,0.0,0.0,0.06024149805307388,0.0649508535861969,0.06546139717102051,0.0,0.0,0.0,-3.171362550347112e-08,0.0,0.0,2.817755984096948e-08,3.165119011327988e-08,3.171362550347112e-08,0.0,0.0
2021-07-30_02h22m33s_C29H48O2_+Cl_+HCl_18,2021-07-30_02h22m33s,Cholesteryl acetate,C29H48O2,+Cl,+HCl,18,0.0,0.0,0.0,0.0,0.0010345978418066525,0.0010818608005769925,0.0010099757251448517,0.0010099757251448517,0.0,30,0.0,-0.0602509006857872,0.0,0.0,0.06724437326192856,0.05884917825460434,0.0602509006857872,0.0,0.0,0.0,-2.709948176971011e-08,0.0,0.0,2.579911573263871e-08,2.6469018976627012e-08,2.709948176971011e-08,0.0,0.0
2021-07-30_02h22m33s_C29H48O2_+Cl_-CO2_18,2021-07-30_02h22m33s,Cholesteryl acetate,C29H48O2,+Cl,-CO2,18,0.0,0.0,0.0,0.0,0.001457336744910446,0.0032155307128260606,0.0004252529369030955,0.0004252529369030955,0.0,10,0.0,-0.02415381371974945,0.0,0.0,0.4251874089241028,0.02359187789261341,0.02415381371974945,0.0,0.0,0.0,-1.1749292205820439e-08,0.0,0.0,2.421212457193178e-07,1.1475946415373528e-08,1.1749292205820439e-08,0.0,0.0
2021-07-30_02h22m33s_C29H48O2_[M]-_+H2_18,2021-07-30_02h22m33s,Cholesteryl acetate,C29H48O2,[M]-,+H2,18,0.0,0.0,0.0,0.0,3.337412392924686e-05,9.015506671474937e-05,0.0,0.0,0.0,1,0.0,0.0,0.0,0.0,0.006521216593682766,0.0,0.0,0.0,0.0,0.0,0.0,0.0,0.0,3.7508525174700935e-09,0.0,0.0,0.0,0.0
2021-07-30_02h22m33s_C29H48O2_[M]-_-CH2O2_18,2021-07-30_02h22m33s,Cholesteryl acetate,C29H48O2,[M]-,-CH2O2,18,0.0,0.0,0.0,0.0,1.1124707976415618e-05,0.0,1.7718872370962312e-05,1.7718872370962312e-05,0.0,0,0.0,-0.0009070459054782987,0.0,0.0,0.0,0.0008859435911290348,0.0009070459054782987,0.0,0.0,0.0,-5.98592064804393e-10,0.0,0.0,0.0,5.846658712727049e-10,5.98592064804393e-10,0.0,0.0
2021-07-30_02h22m33s_C29H50O2_[M]-_-H2_28,2021-07-30_02h22m33s,alpha-tocopherol,C29H50O2,[M]-,-H2,28,43.45186220955213,16123.852268886927,0.4406779661016949,0.4406779661016949,0.001023473133830237,0.00018031013342949875,0.0001417509789676985,0.0001417509789676985,43.90771307119037,7,146.26699829101562,146.26519775390625,25889.2578125,291.10589599609375,0.008898128755390644,0.008071467280387878,0.0017992205685004592,52252.75919195277,14777.237385536815,8.95195989869535e-05,8.951892959885299e-05,0.01584496907889843,0.00019543494272511452,3.912674628736568e-09,4.259800068240338e-09,6.663843921117518e-10,0.0895195393325297,0.08951924872726022
2021-07-30_02h22m33s_C29H50O2_-H_-H2_28,2021-07-30_02h22m33s,alpha-tocopherol,C29H50O2,-H,-H2,28,29.576657313589333,5902.504251612472,0.2994350282485876,0.2994350282485876,0.0007676048503726777,0.00027046520014424813,0.00012403210659673618,0.00012403210659673618,29.726740823810125,5,47.17900466918945,47.174774169921875,8350.68359375,98.80118560791016,0.017232464626431465,0.006993048824369907,0.0042321146465837955,9017.196268815333,2587.637252332546,2.8001169994240627e-05,2.7998810764984228e-05,0.004956207238137722,6.390311318682507e-05,6.199873059387073e-09,3.5687777177884072e-09,2.3598489828913216e-09,0.02800110391586403,0.02800099639161746
2021-07-30_02h22m33s_C29H50O2_+Cl_-CO2_28,2021-07-30_02h22m33s,alpha-tocopherol,C29H50O2,+Cl,-CO2,28,4.936061313968205,170.51301873107047,0.05084745762711865,0.01694915254237288,0.0011235955056179776,0.0022538766678687344,0.0003012208303063593,0.0003012208303063593,4.940640738970562,2,2.9507477283477783,2.9348795413970947,522.2823486328125,13.019919395446777,2.253420829772949,0.016305116936564445,0.015868285670876503,174.9287263638364,1.3088717462945723,1.8039829683402786e-06,1.7970278349821456e-06,0.00031930499244481325,8.528684702469036e-06,6.688842972835118e-07,7.406310231772295e-09,6.955092946014929e-09,0.0018039704215583247,0.0018027771190338548
2021-07-30_02h22m33s_C29H50O2_-H__28,2021-07-30_02h22m33s,alpha-tocopherol,C29H50O2,-H,,28,21.956090870704095,14791.481126268729,0.22033898305084745,0.22033898305084745,0.00047836244298587164,6.0103377809832915e-05,3.5437744741924624e-05,3.5437744741924624e-05,21.99380459683617,3,42.260398864746094,42.25944519042969,7480.09033203125,106.42510986328125,0.003012711415067315,0.001857076887972653,0.0009552997653372586,21613.258291092177,10531.631730620518,2.6006202460848726e-05,2.6005787731264718e-05,0.004603097680956125,7.216108497232199e-05,1.5443926137947983e-09,7.917995703543568e-10,4.143577703175083e-10,0.026006191684981125,0.026006162297123762
2021-07-30_02h22m33s_C29H50O2_[M]-_-CH2O2_28,2021-07-30_02h22m33s,alpha-tocopherol,C29H50O2,[M]-,-CH2O2,28,0.0,0.0,0.0,0.0,0.00011124707976415619,0.00030051688904916455,0.0,0.0,0.0,1,0.0,0.0,0.0,0.0,0.02382698282599449,0.0,0.0,0.0,0.0,0.0,0.0,0.0,0.0,8.654126304463716e-09,0.0,0.0,0.0,0.0
2021-07-30_02h22m33s_C29H50O2_-H_+HCl_28,2021-07-30_02h22m33s,alpha-tocopherol,C29H50O2,-H,+HCl,28,4.192884032343906,57.82692955186075,0.04519774011299435,0.04519774011299435,0.001724329736344421,0.003095323957206395,0.0007796303843223418,0.0007796303843223418,4.205453612250523,21,2.568716049194336,2.527601480484009,454.6627502441406,11.928399085998535,0.2970121502876282,0.043420758098363876,0.04111456125974655,60.99353697053793,8.619501073077473,1.3240835414762842e-06,1.3052766689725104e-06,0.00023436278570443392,6.516139819723321e-06,1.233823780921739e-07,1.985685749161803e-08,1.880685474020538e-08,0.0013240586400977722,0.0013239201930544608
2021-07-30_02h22m33s_C29H50O2_+Cl__28,2021-07-30_02h22m33s,alpha-tocopherol,C29H50O2,+Cl,,28,4.192884032343906,57.82692955186075,0.04519774011299435,0.04519774011299435,0.001724329736344421,0.003095323957206395,0.0007796303843223418,0.0007796303843223418,4.205453612250523,21,2.568716049194336,2.527601480484009,454.6627502441406,11.928399085998535,0.2970121502876282,0.043420758098363876,0.04111456125974655,60.99353697053793,8.619501073077473,1.3240835414762842e-06,1.3052766689725104e-06,0.00023436278570443392,6.516139819723321e-06,1.233823780921739e-07,1.985685749161803e-08,1.880685474020538e-08,0.0013240586400977722,0.0013239201930544608
2021-07-30_02h22m33s_C29H50O2_[M]-_+HCl_28,2021-07-30_02h22m33s,alpha-tocopherol,C29H50O2,[M]-,+HCl,28,2.145822348669231,39.88816889720378,0.022598870056497175,0.022598870056497175,0.0014350873289576149,0.002854910445967063,0.0005315661711288693,0.0005315661711288693,2.1464152916046975,20,1.242140293121338,1.2120599746704102,219.85882568359375,8.180910110473633,0.20346175134181976,0.030140569433569908,0.030080324038863182,39.9654872184779,6.075171932987721,6.378946864060708e-07,6.226854338819976e-07,0.00011290736438240856,4.307402377889957e-06,8.2361189868152e-08,1.5157601396253995e-08,1.520926673492795e-08,0.0006378849846431932,0.0006378421529674044
2021-07-30_02h22m33s_C29H50O2_-H_-CH2O2_28,2021-07-30_02h22m33s,alpha-tocopherol,C29H50O2,-H,-CH2O2,28,0.0,0.0,0.0,0.0,0.0001223717877405718,0.00030051688904916455,1.7718872370962312e-05,1.7718872370962312e-05,0.0,1,0.0,-0.0009502955945208669,0.0,0.0,0.07534489035606384,0.0009236744372174144,0.0009502955945208669,0.0,0.0,0.0,-4.0636569109686604e-10,0.0,0.0,2.472267368602843e-08,3.9498196380272077e-10,4.0636569109686604e-10,0.0,0.0
2021-07-30_02h22m33s_C29H50O2_[M]-_+C12H14N2_28,2021-07-30_02h22m33s,alpha-tocopherol,C29H50O2,[M]-,+C12H14N2,28,1.0614865048318838,1.2068944313910022,0.07909604519774012,0.07909604519774012,0.07145399933251752,0.08318307488880874,0.06451441430267378,0.06451441430267378,1.0661822544371462,189,6.610568046569824,1.152184009552002,1170.070556640625,24.334226608276367,8.037980079650879,5.476337432861328,5.458384037017822,1.2108633504707307,0.8223142713468339,3.4117633731511887e-06,7.466642273357138e-07,0.0006038821302354336,1.3388645129452925e-05,3.726899421963026e-06,2.6922705274046166e-06,2.665099145815475e-06,0.0034026948540023163,0.0033990952868912763
2021-07-30_02h22m33s_C29H50O2_+Cl_-H2_28,2021-07-30_02h22m33s,alpha-tocopherol,C29H50O2,+Cl,-H2,28,4.211629461381768,31.20524860193281,0.05084745762711865,0.05084745762711865,0.00251418400266993,0.0030051688904916456,0.0020731080674025906,0.0020731080674025906,4.216228513805582,31,3.6590230464935303,3.543522834777832,647.6470947265625,16.225351333618164,0.2017175406217575,0.11625665426254272,0.11550026386976242,31.407852007820452,18.04985910578283,1.994060994547908e-06,1.9428323412284954e-06,0.00035294878762215376,9.176298590318765e-06,7.760112197274793e-08,5.160516991509212e-08,5.12286106868487e-08,0.0019939588468064194,0.0019939062651846214
2021-07-30_02h22m33s_C29H50O2_+Cl_-H2O_28,2021-07-30_02h22m33s,alpha-tocopherol,C29H50O2,+Cl,-H2O,28,23.086600046248808,232.53385225134792,0.288135593220339,0.288135593220339,0.002647680498386917,0.0014124293785310734,0.0024806421319347235,0.0024806421319347235,23.50119855729588,40,33.530517578125,33.39963150024414,5934.90185546875,63.9793586730957,0.08567088842391968,0.14319628477096558,0.1308845579624176,254.24142216619478,386.87174191779894,1.919423993967939e-05,1.9131050066789612e-05,0.003397380467504263,3.7866964703425765e-05,3.982668062008088e-08,6.997829160582114e-08,6.31902423720021e-08,0.01919302712764334,0.019193475527259578
2021-07-30_02h22m33s_C29H50O2_[M]-__28,2021-07-30_02h22m33s,alpha-tocopherol,C29H50O2,[M]-,,28,1.694915254237288,1225.988745689392,0.01694915254237288,0.01694915254237288,3.337412392924686e-05,0.0,0.0,0.0,1.694915254237288,1,1.225988745689392,1.225988745689392,217.0,9.561858177185059,0.0,0.0,0.0,1225.988745689392,1225.988745689392,7.051602324281703e-07,7.051602324281703e-07,0.00012481336307246238,5.507812602445483e-06,0.0,0.0,0.0,0.0007051602324281703,0.0007051602324281703
2021-07-30_02h22m33s_C29H50O2_-H_+H2_28,2021-07-30_02h22m33s,alpha-tocopherol,C29H50O2,-H,+H2,28,0.0,0.0,0.0,0.0,3.337412392924686e-05,6.0103377809832915e-05,1.7718872370962312e-05,1.7718872370962312e-05,0.0,2,0.0,-0.0010208545718342066,0.0,0.0,0.0030688077677041292,0.0009922567987814546,0.0010208545718342066,0.0,0.0,0.0,-4.1429021324645987e-10,0.0,0.0,1.0971912267621065e-09,4.026844968585408e-10,4.1429021324645987e-10,0.0,0.0
2021-07-30_02h22m33s_C29H50O2_[M]-_+H2_28,2021-07-30_02h22m33s,alpha-tocopherol,C29H50O2,[M]-,+H2,28,0.0,0.0,0.0,0.0,2.2249415952831237e-05,6.0103377809832915e-05,0.0,0.0,0.0,2,0.0,0.0,0.0,0.0,0.003065272234380245,0.0,0.0,0.0,0.0,0.0,0.0,0.0,0.0,1.1798679810937074e-09,0.0,0.0,0.0,0.0
2021-07-30_02h22m33s_C29H50O2_+Cl_+H2_28,2021-07-30_02h22m33s,alpha-tocopherol,C29H50O2,+Cl,+H2,28,2.240041500919492,212.49881803512707,0.022598870056497175,0.022598870056497175,0.0008232283902547558,0.0019533597788195696,8.859436185481156e-05,8.859436185481156e-05,2.2394747016027337,12,1.2317270040512085,1.226792335510254,218.01568603515625,8.112269401550293,0.13932634890079498,0.0047963946126401424,0.004934631288051605,207.54903620231408,8.777588911131646,6.708424962198478e-07,6.683715128019685e-07,0.00011873911716975272,4.565221843222389e-06,5.255100887779918e-08,2.4017765554162906e-09,2.4709980728232495e-09,0.0006708408385734285,0.0006708072446223803
2021-07-30_02h22m33s_C29H50O2_[M]-_-H2O_28,2021-07-30_02h22m33s,alpha-tocopherol,C29H50O2,[M]-,-H2O,28,0.0,0.0,0.0,0.0,4.4498831905662474e-05,0.00012020675561966583,0.0,0.0,0.0,3,0.0,0.0,0.0,0.0,0.006501181982457638,0.0,0.0,0.0,0.0,0.0,0.0,0.0,0.0,2.2809727440176175e-09,0.0,0.0,0.0,0.0
2021-07-30_02h22m33s_C29H50O2_[M]-_-CO2_28,2021-07-30_02h22m33s,alpha-tocopherol,C29H50O2,[M]-,-CO2,28,0.0,0.0,0.0,0.0,4.4498831905662474e-05,0.00012020675561966583,0.0,0.0,0.0,2,0.0,0.0,0.0,0.0,0.008150490000844002,0.0,0.0,0.0,0.0,0.0,0.0,0.0,0.0,3.059665854010518e-09,0.0,0.0,0.0,0.0
2021-07-30_02h22m33s_C29H50O2_-H_-CO2_28,2021-07-30_02h22m33s,alpha-tocopherol,C29H50O2,-H,-CO2,28,0.0,0.0,0.0,0.0,0.00011124707976415619,0.00024041351123933166,3.5437744741924624e-05,3.5437744741924624e-05,0.0,2,0.0,-0.001950561418198049,0.0,0.0,0.01759084314107895,0.001895919325761497,0.001950561418198049,0.0,0.0,0.0,-1.0379008763550246e-09,0.0,0.0,6.378967132292246e-09,1.0088255786300238e-09,1.0379008763550246e-09,0.0,0.0
2021-07-30_02h22m33s_C29H50O2_+Cl_-CH2O2_28,2021-07-30_02h22m33s,alpha-tocopherol,C29H50O2,+Cl,-CH2O2,28,44.437946874007665,2886.4818335155996,0.4632768361581921,0.4632768361581921,0.001457336744910446,0.0007512922226229114,0.0004252529369030955,0.0004252529369030955,45.25520714490667,10,70.9840087890625,70.97101593017578,12564.1689453125,100.33123016357422,0.047612953931093216,0.02359187789261341,0.01299323420971632,5072.7378478217815,1460.1871116426971,4.2113337258342654e-05,4.210769111523405e-05,0.007454060949385166,6.31942311883904e-05,1.811411820540343e-08,1.1475946415373528e-08,5.647006862119497e-09,0.0421130994453811,0.04211257442619156
2021-07-30_02h22m33s_C29H50O2_-H_-H2O_28,2021-07-30_02h22m33s,alpha-tocopherol,C29H50O2,-H,-H2O,28,0.0,0.0,0.0,0.0,0.00014462120369340304,0.000330568577954081,3.5437744741924624e-05,3.5437744741924624e-05,0.0,6,0.0,-0.002056721830740571,0.0,0.0,0.02282961830496788,0.001999105792492628,0.002056721830740571,0.0,0.0,0.0,-1.0092419122642582e-09,0.0,0.0,7.4453843090793725e-09,9.809694168083638e-10,1.0092419122642582e-09,0.0,0.0
2021-07-30_02h22m33s_C29H50O2_+Cl_+C12H14N2_28,2021-07-30_02h22m33s,alpha-tocopherol,C29H50O2,+Cl,+C12H14N2,28,0.0,0.0,0.0,0.0,0.0012459672933585494,0.0014725327563409063,0.0011162889593706257,0.0011162889593706257,0.0,44,0.0,-0.068824902176857,0.0,0.0,0.09117930382490158,0.06904293596744537,0.068824902176857,0.0,0.0,0.0,-3.056011621538346e-08,0.0,0.0,3.781151036719166e-08,3.0871738943005766e-08,3.056011621538346e-08,0.0,0.0
2021-07-30_02h22m33s_C15H22N2O18P2_[M]-_-CO2_99,2021-07-30_02h22m33s,Uridine diphosphate glucuronic acid,C15H22N2O18P2,[M]-,-CO2,99,0.5206870149495122,5.335661697137386,0.005649717514124294,0.0,0.002347313383023696,0.004868373602596466,0.000850505873806191,0.000850505873806191,0.5213877560997933,11,0.25328460335731506,0.2072548270225525,44.83137512207031,3.3602004051208496,1.852480411529541,0.04647013917565346,0.04602977633476257,5.385622112136157,0.1366535096792838,9.287479230124518e-08,7.394043421982133e-08,1.6438838429166935e-05,1.2321236226853216e-06,6.499438427454152e-07,1.9053477018360354e-08,1.8934356305067013e-08,9.287303381013189e-05,9.281446810917993e-05
2021-07-30_02h22m33s_C15H22N2O18P2_-H__99,2021-07-30_02h22m33s,Uridine diphosphate glucuronic acid,C15H22N2O18P2,-H,,99,51.05060571170468,133170.60722997732,0.5141242937853108,0.423728813559322,0.0012682167093113806,0.0005709820891934127,7.087548948384925e-05,7.087548948384925e-05,51.133665460629814,3,13403.9970703125,13403.9267578125,2372507.5,23913.5390625,0.6240513324737549,0.09965281933546066,0.07075563818216324,186800.6112116834,21444.634022718954,0.005105486139655113,0.005105453077703714,0.9036710262298584,0.008780915290117264,2.2649604147773061e-07,4.369730888242884e-08,3.298852746524972e-08,5.105317722741198,5.104330029109124
2021-07-30_02h22m33s_C15H22N2O18P2_+Cl_-CO2_99,2021-07-30_02h22m33s,Uridine diphosphate glucuronic acid,C15H22N2O18P2,+Cl,-CO2,99,1.228926245916336,3.848753667534143,0.01694915254237288,0.01694915254237288,0.0071086883969295805,0.012681812717874745,0.0037918386873859347,0.0037918386873859347,1.2299976463546098,145,0.7944167852401733,0.5907081365585327,140.6117706298828,6.050097942352295,1.3885859251022339,0.20540884137153625,0.20370863378047943,3.880719491743915,0.5716931719654018,2.8155568543297704e-07,2.0450069371236168e-07,4.983535473002121e-05,2.147283794329269e-06,4.919302227790467e-07,7.741729746157944e-08,7.705499172061536e-08,0.00028153399183356725,0.000281417247783581
2021-07-30_02h22m33s_C15H22N2O18P2_-H_+H2_99,2021-07-30_02h22m33s,Uridine diphosphate glucuronic acid,C15H22N2O18P2,-H,+H2,99,27.21355411024041,2480.565393203205,0.5310734463276836,0.4124293785310734,0.014929358104349762,0.0213667508113956,0.009515034463206761,0.009515034463206761,27.931491917122504,26,1041.7674560546875,1041.3734130859375,184392.84375,1922.0235595703125,2.0157909393310547,0.4189717769622803,0.3939903676509857,2637.4502807501253,516.5470727472771,0.00039436027873307467,0.0003941838804166764,0.06980177015066147,0.0007024463848210871,8.274707852251595e-07,1.8579994787160103e-07,1.7639396787672013e-07,0.3942907282270257,0.394034226921918
2021-07-30_02h22m33s_C15H22N2O18P2_+Cl_-CH2O3_99,2021-07-30_02h22m33s,Uridine diphosphate glucuronic acid,C15H22N2O18P2,+Cl,-CH2O3,99,0.8099193704221211,2.744919337854828,0.011299435028248588,0.011299435028248588,0.00873289576148626,0.016828945786753216,0.003951308538724596,0.003951308538724596,0.8167670797849591,152,0.6049850583076477,0.39306896924972534,107.08235168457031,5.6608195304870605,1.4335821866989136,0.2194017618894577,0.21191608905792236,2.841424811927039,0.4217151613319317,2.434697705666622e-07,1.578957125047964e-07,4.309415089664981e-05,2.2780329800298205e-06,5.567250127569423e-07,8.842702925448975e-08,8.55740580618658e-08,0.00024344893765313635,0.00024333430027523726
2021-07-30_02h22m33s_C15H22N2O18P2_-H_-CH2O2_99,2021-07-30_02h22m33s,Uridine diphosphate glucuronic acid,C15H22N2O18P2,-H,-CH2O2,99,10.860396888361684,66.9781047737691,0.22598870056497175,0.22598870056497175,0.02244966069640672,0.04111071042192571,0.01080851214628701,0.01080851214628701,10.886843273940794,184,37.73338317871094,37.17340850830078,6678.80859375,87.68447875976562,3.5647082328796387,0.5623689293861389,0.5599751472473145,67.26391242797,10.582296899889014,1.43131428558263e-05,1.4090208424022421e-05,0.0025334262754768133,3.237391138100065e-05,1.3514845704776235e-06,2.2388552167740272e-07,2.229346165449897e-07,0.014309952672014587,0.014293824971923637
2021-07-30_02h22m33s_C15H22N2O18P2_[M]-_-CH2O3_99,2021-07-30_02h22m33s,Uridine diphosphate glucuronic acid,C15H22N2O18P2,[M]-,-CH2O3,99,1.580123432006704,22.053066347404858,0.01694915254237288,0.01694915254237288,0.0021804427633774614,0.0045678567135473015,0.0007264737672094548,0.0007264737672094548,1.6128498076298003,55,0.9899635314941406,0.9612574577331543,175.22354125976562,7.555165767669678,0.5691013932228088,0.04389006271958351,0.028706077486276627,33.325286111957254,1.7364692373365942,3.315046228635765e-07,3.1932989941196865e-07,5.867631625733338e-05,2.535358362365514e-06,2.2877034666635154e-07,1.8911364918494655e-08,1.2174712793466824e-08,0.00033150058693913963,0.0003314288017816977
2021-07-30_02h22m33s_C15H22N2O18P2_[M]-_+H2_99,2021-07-30_02h22m33s,Uridine diphosphate glucuronic acid,C15H22N2O18P2,[M]-,+H2,99,28.348146337183955,1294.68931705914,0.327683615819209,0.327683615819209,0.003571031260429414,0.00525904555836038,0.0015592607686446835,0.0015592607686446835,28.47368771797321,71,122.08588409423828,121.99539184570312,21609.201171875,233.32223510742188,0.4352177679538727,0.09329743683338165,0.09049375355243683,1334.3630505252854,279.8737077283567,4.6594224841101095e-05,4.655576412915252e-05,0.008247178047895432,8.57298364280723e-05,1.7880894631616684e-07,3.955001304234429e-08,3.846178131539091e-08,0.04659243281313928,0.04658589486632685
2021-07-30_02h22m33s_C15H22N2O18P2_-H_-H2_99,2021-07-30_02h22m33s,Uridine diphosphate glucuronic acid,C15H22N2O18P2,-H,-H2,99,15.034992848941068,128.7427702133887,0.2824858757062147,0.2824858757062147,0.012793414172877961,0.01815122009856954,0.008788560695997307,0.008788560695997307,15.146708293208828,175,71.62678527832031,71.08063507080078,12677.94140625,139.4849090576172,1.2603678703308105,0.5553557872772217,0.5461531281471252,130.90811619934743,56.78500853167858,2.732707253016997e-05,2.708861393330153e-05,0.004836891777813435,5.263908678898588e-05,5.439040364763059e-07,2.416070685740124e-07,2.384588526638254e-07,0.027320557701326378,0.0273122173049327
2021-07-30_02h22m33s_C15H22N2O18P2_+Cl__99,2021-07-30_02h22m33s,Uridine diphosphate glucuronic acid,C15H22N2O18P2,+Cl,,99,4.392117737425495,44.59792271158427,0.05084745762711865,0.05084745762711865,0.005117365669151185,0.010878711383579757,0.0015769796410156458,0.0015769796410156458,4.397499168245159,122,4.337100028991699,4.241526126861572,767.6666870117188,19.4268798828125,0.923768937587738,0.09624892473220825,0.09557384997606277,44.909673064361755,4.689928319072908,1.5412751963594928e-06,1.499576910646283e-06,0.00027280571521259844,7.258898676809622e-06,3.814770366261655e-07,4.1963204466810566e-08,4.169825373878666e-08,0.0015412109305550455,0.0015406874594730859
2021-07-30_02h22m33s_C15H22N2O18P2_-H_+HCl_99,2021-07-30_02h22m33s,Uridine diphosphate glucuronic acid,C15H22N2O18P2,-H,+HCl,99,4.392117737425495,44.59792271158427,0.05084745762711865,0.05084745762711865,0.005117365669151185,0.010878711383579757,0.0015769796410156458,0.0015769796410156458,4.397499168245159,122,4.337100028991699,4.241526126861572,767.6666870117188,19.4268798828125,0.923768937587738,0.09624892473220825,0.09557384997606277,44.909673064361755,4.689928319072908,1.5412751963594928e-06,1.499576910646283e-06,0.00027280571521259844,7.258898676809622e-06,3.814770366261655e-07,4.1963204466810566e-08,4.169825373878666e-08,0.0015412109305550455,0.0015406874594730859
2021-07-30_02h22m33s_C15H22N2O18P2_[M]-_-HPO3_99,2021-07-30_02h22m33s,Uridine diphosphate glucuronic acid,C15H22N2O18P2,[M]-,-HPO3,99,4.655771640575783,72.97182197466117,0.05084745762711865,0.05084745762711865,0.003559906552452998,0.007783387426373362,0.0009213813632900402,0.0009213813632900402,4.6534696165955065,76,3.821646213531494,3.769864559173584,676.431396484375,17.75028419494629,0.7081533074378967,0.051371533423662186,0.051781609654426575,72.40488190020534,5.389026848564998,1.3969724932394456e-06,1.3749753406955278e-06,0.00024726413539610803,6.582882178918226e-06,2.655301329923532e-07,2.1763392865636888e-08,2.199713300399253e-08,0.0013969417645256525,0.0013966016534166766
2021-07-30_02h22m33s_C15H22N2O18P2_[M]-_-CH2O2_99,2021-07-30_02h22m33s,Uridine diphosphate glucuronic acid,C15H22N2O18P2,[M]-,-CH2O2,99,5.727557164444634,87.1289144408374,0.062146892655367235,0.062146892655367235,0.0028701746579152298,0.005980286092078375,0.000850505873806191,0.000850505873806191,5.735265317097726,75,4.519508361816406,4.469275951385498,799.9529418945312,18.20415687561035,0.5968449115753174,0.050871510058641434,0.05023233965039253,88.21592753048861,7.559666853912884,1.5826452681722003e-06,1.562922989251092e-06,0.0002801282098516822,6.540715730807278e-06,2.2484624651042395e-07,1.9817736784943918e-08,1.972233221181341e-08,0.001582614055332038,0.0015822894963180602
2021-07-30_02h22m33s_C15H22N2O18P2_-H_-H2O_99,2021-07-30_02h22m33s,Uridine diphosphate glucuronic acid,C15H22N2O18P2,-H,-H2O,99,11.327266313791391,37.34260569232053,0.2033898305084746,0.2033898305084746,0.011347202135943932,0.016077653564130306,0.007955773694562077,0.007955773694562077,11.452423521217701,165,18.536657333374023,18.055408477783203,3280.98828125,43.18674087524414,1.2284185886383057,0.4953943192958832,0.48124822974205017,38.43799974815688,15.07758017056264,7.442462901963154e-06,7.256716799020069e-06,0.0013173159677535295,1.695705759630073e-05,4.5586756414195406e-07,1.9037896947793342e-07,1.857460745213757e-07,0.007441080750423566,0.007439071670481254
2021-07-30_02h22m33s_C15H22N2O18P2_+Cl_-H2O_99,2021-07-30_02h22m33s,Uridine diphosphate glucuronic acid,C15H22N2O18P2,+Cl,-H2O,99,1.3109209070131607,2.0452338804762027,0.03389830508474576,0.03389830508474576,0.020814328623873623,0.029150138237768963,0.01585839077201127,0.01585839077201127,1.312462502732359,188,2.0508475303649902,1.0506768226623535,363.0,11.057639122009277,2.138688087463379,1.0017447471618652,1.0001707077026367,2.048449394879943,0.9584796692476285,7.577631890853809e-07,3.1828301416680915e-07,0.00013412408588919789,4.077715402672766e-06,9.37702509418159e-07,4.392728385482769e-07,4.394801749185717e-07,0.0007574303134787245,0.0007570532983077943
2021-07-30_02h22m33s_C15H22N2O18P2_+Cl_+C12H14N2_99,2021-07-30_02h22m33s,Uridine diphosphate glucuronic acid,C15H22N2O18P2,+Cl,+C12H14N2,99,0.0,0.0,0.0,0.0,0.0016798309044387585,0.003876667868734223,0.0003898151921611709,0.0003898151921611709,0.0,49,0.0,-0.027480272576212883,0.0,0.0,0.30305445194244385,0.026794690638780594,0.027480272576212883,0.0,0.0,0.0,-1.3368511631028923e-08,0.0,0.0,1.1945815003855387e-07,1.303499086446891e-08,1.3368511631028923e-08,0.0,0.0
2021-07-30_02h22m33s_C15H22N2O18P2_+Cl_-H2_99,2021-07-30_02h22m33s,Uridine diphosphate glucuronic acid,C15H22N2O18P2,+Cl,-H2,99,5.189033033803374,23.96749074318785,0.06779661016949153,0.06779661016949153,0.006997441317165424,0.013342949873782907,0.00306536492017648,0.00306536492017648,5.1723712529176185,143,4.5155205726623535,4.325634479522705,799.2471313476562,16.98807716369629,1.2129456996917725,0.1874018907546997,0.189886212348938,23.655561693518386,3.7197055632792058,1.6552410215808777e-06,1.5728386415503337e-06,0.00029297766741365194,6.198731171025429e-06,4.98884048738546e-07,8.123122086090007e-08,8.240238713597137e-08,0.0016551046370078283,0.0016544156599981213
2021-07-30_02h22m33s_C15H22N2O18P2_-H_-NH3_99,2021-07-30_02h22m33s,Uridine diphosphate glucuronic acid,C15H22N2O18P2,-H,-NH3,99,0.3058924444723397,0.5793111476524462,0.005649717514124294,0.005649717514124294,0.00952275002781177,0.011329486717153505,0.008469620993319986,0.008469620993319986,0.30895497827141855,125,0.32134708762168884,-0.21823862195014954,56.87843322753906,4.263150691986084,0.7596237659454346,0.5537055134773254,0.5395857095718384,0.5944424388802403,0.42247836842471415,1.1783204456605745e-07,-8.035269161155156e-08,2.0856272385572083e-05,1.5632185750291683e-06,2.829989682595624e-07,2.029971710726386e-07,1.98184736177609e-07,0.00011780869668058637,0.00011779870765332924
2021-07-30_02h22m33s_C15H22N2O18P2_-H_-HPO3_99,2021-07-30_02h22m33s,Uridine diphosphate glucuronic acid,C15H22N2O18P2,-H,-HPO3,99,23.170987057949773,188.73341349319725,0.3220338983050847,0.3220338983050847,0.008755145177439092,0.015326361341507392,0.0038981519216117087,0.0038981519216117087,23.24732502043908,166,41.572509765625,41.35538101196289,7358.333984375,73.77259826660156,0.9669131636619568,0.21927106380462646,0.2171279489994049,190.58772594858266,42.950660582341435,1.6371641322621144e-05,1.6281986972899176e-05,0.0028977803885936737,2.775843495328445e-05,3.6739169217980816e-07,9.068958917168857e-08,8.965360365209563e-08,0.01637017367755854,0.016365628726589695
2021-07-30_02h22m33s_C15H22N2O18P2_+Cl_-H3PO4_99,2021-07-30_02h22m33s,Uridine diphosphate glucuronic acid,C15H22N2O18P2,+Cl,-H3PO4,99,18.673802764955,175.12977761445237,0.2542372881355932,0.2542372881355932,0.00807653799087774,0.01433465560764515,0.0036146499636763117,0.0036146499636763117,18.746631642945182,149,35.39541244506836,35.19698715209961,6264.98828125,70.71216583251953,1.3969950675964355,0.2011096179485321,0.19842715561389923,177.4854198572416,25.318696228251707,1.3885554835724179e-05,1.3804740774503443e-05,0.002457743277773261,2.7533113097888418e-05,5.484027951752068e-07,8.158468034480393e-08,8.081380542535044e-08,0.013884432781874902,0.013877944132370701
2021-07-30_02h22m33s_C15H22N2O18P2_[M]-_+C12H14N2_99,2021-07-30_02h22m33s,Uridine diphosphate glucuronic acid,C15H22N2O18P2,[M]-,+C12H14N2,99,29.320080311719096,3897.970572963984,0.2994350282485876,0.2994350282485876,0.002224941595283124,0.004056978002163722,0.00021262646845154776,0.00021262646845154776,29.30446952549668,37,50.89646911621094,50.88410186767578,9008.6748046875,92.91282653808594,0.5285005569458008,0.012057171203196049,0.01236567273736,3807.9990522245907,96.12165360086799,1.9570878066588193e-05,1.956532651092857e-05,0.0034640454687178135,3.5573364584706724e-05,2.0907519626689464e-07,5.413415493649154e-09,5.551926030022969e-09,0.01957076941112407,0.01956678713672727
2021-07-30_02h22m33s_C15H22N2O18P2_+Cl_+HCl_99,2021-07-30_02h22m33s,Uridine diphosphate glucuronic acid,C15H22N2O18P2,+Cl,+HCl,99,0.5082377342630868,4.9513840555870186,0.005649717514124294,0.005649717514124294,0.004594504394259651,0.010488039427815843,0.0011162889593706257,0.0011162889593706257,0.5077631597523163,107,0.35555559396743774,0.28390994668006897,62.9333381652832,4.716978073120117,1.0318454504013062,0.07080933451652527,0.07164564728736877,4.894382626407677,0.3442485938523413,1.0008030670860535e-07,6.836365429307989e-08,1.7714213754516095e-05,1.3277152675073012e-06,4.126986539176869e-07,3.1333460270843716e-08,3.171665241552546e-08,0.00010007713259697603,0.00010003902073940695
2021-07-30_02h22m33s_C15H22N2O18P2_[M]-_-NH3_99,2021-07-30_02h22m33s,Uridine diphosphate glucuronic acid,C15H22N2O18P2,[M]-,-NH3,99,2.0258147167612233,5.5826485540435264,0.03389830508474576,0.03389830508474576,0.009266881744354211,0.013433104940497657,0.006733171500965678,0.006733171500965678,2.049225884617511,158,2.299014091491699,1.9009448289871216,406.9255065917969,12.507774353027344,0.920126736164093,0.41081422567367554,0.39806926250457764,5.760940035980164,2.495871633327712,7.864836675253173e-07,6.374979761858413e-07,0.00013920760829932988,4.233027084410423e-06,3.5099603223898157e-07,1.5368581784969138e-07,1.4898567712862132e-07,0.000786366510178327,0.0007862077117379815
2021-07-30_02h22m33s_C15H22N2O18P2_[M]-__99,2021-07-30_02h22m33s,Uridine diphosphate glucuronic acid,C15H22N2O18P2,[M]-,,99,55.3209062485266,77509.47846929503,0.5649717514124294,0.423728813559322,0.0020246968517076427,0.002103618223344152,0.00021262646845154776,0.00021262646845154776,56.19084116552727,4,2349.6142578125,2349.605712890625,415881.71875,4243.435546875,0.33618271350860596,0.029313895851373672,0.008589696139097214,245014.4638298931,6968.371045369532,0.0008950499468483031,0.000895045988727361,0.15842384099960327,0.0015554935671389103,1.3322176073415903e-07,1.2182258757320596e-08,3.946709181690267e-09,0.8950464143604014,0.8949307226017029
2021-07-30_02h22m33s_C15H22N2O18P2_+Cl_+H2_99,2021-07-30_02h22m33s,Uridine diphosphate glucuronic acid,C15H22N2O18P2,+Cl,+H2,99,3.150855840044651,16.99277374353009,0.03954802259887006,0.03954802259887006,0.0047836244298587165,0.00838442120447169,0.002551517621418573,0.002551517621418573,3.157289581443544,132,2.736656665802002,2.578648328781128,484.38824462890625,13.758880615234375,0.5765561461448669,0.16004826128482819,0.15800830721855164,17.210777937787604,4.738338746923444,1.040521965478547e-06,9.711494612929528e-07,0.0001841723860707134,5.162720299267676e-06,2.408792454389186e-07,6.988461365153853e-08,6.93724970801668e-08,0.0010404497868787446,0.0010402713856921097
2021-07-30_02h22m33s_C15H22N2O18P2_+Cl_-NH3_99,2021-07-30_02h22m33s,Uridine diphosphate glucuronic acid,C15H22N2O18P2,+Cl,-NH3,99,0.0,0.0,0.0,0.0,0.004772499721882301,0.011690106984012502,0.0007087548948384925,0.0007087548948384925,0.0,72,0.0,-0.06017233431339264,0.0,0.0,2.5901949405670166,0.05867115035653114,0.06017233431339264,0.0,0.0,0.0,-2.3386361291954927e-08,0.0,0.0,1.017505951494968e-06,2.2802915111697075e-08,2.3386361291954927e-08,0.0,0.0
2021-07-30_02h22m33s_C15H22N2O18P2_[M]-_-H3PO4_99,2021-07-30_02h22m33s,Uridine diphosphate glucuronic acid,C15H22N2O18P2,[M]-,-H3PO4,99,1.0927485772118055,3.1864132389493025,0.01694915254237288,0.01694915254237288,0.006875069529424852,0.009135713427094603,0.005510569307369279,0.005510569307369279,1.0917778684688306,118,1.037155270576477,0.7119292616844177,183.57647705078125,7.975730895996094,0.5609615445137024,0.32449302077293396,0.3252260088920593,3.1792537759294595,1.845598298855106,4.172498506704869e-07,2.848531721610925e-07,7.385322533082217e-05,3.1947749903338263e-06,2.181878784313085e-07,1.3206961568812403e-07,1.323966642985397e-07,0.0004171946154950321,0.00041715883167003595
2021-07-30_02h22m33s_C15H22N2O18P2_-H_-H3PO4_99,2021-07-30_02h22m33s,Uridine diphosphate glucuronic acid,C15H22N2O18P2,-H,-H3PO4,99,15.128305555672323,81.81462185774157,0.24858757062146894,0.24858757062146894,0.009456001779953276,0.01331289818487799,0.006431950670659319,0.006431950670659319,15.177717963950354,160,30.66799545288086,30.29753875732422,5428.2353515625,60.76034927368164,0.813941240310669,0.3738473653793335,0.37045708298683167,82.56134250095334,37.63215546827612,1.2054723811161239e-05,1.1906284271390177e-05,0.0021336860954761505,2.387335007369984e-05,3.1684314194535546e-07,1.4932184910776414e-07,1.484395397710614e-07,0.012052934679084585,0.012050905564378933
2021-07-30_02h22m33s_C15H22N2O18P2_[M]-_-H2_99,2021-07-30_02h22m33s,Uridine diphosphate glucuronic acid,C15H22N2O18P2,[M]-,-H2,99,11.802342354678458,178.23708925895824,0.12994350282485875,0.12994350282485875,0.002302814551118033,0.00381656449092439,0.0010099757251448517,0.0010099757251448517,11.833161258583052,72,11.1785306930542,11.118541717529297,1978.5999755859375,31.140520095825195,0.2800857424736023,0.0617171972990036,0.059988975524902344,183.2877269514046,39.76911313495032,4.240200723870657e-06,4.2135889088967815e-06,0.0007505154935643077,1.1609872672124766e-05,1.1845503422591719e-07,2.7216334075319537e-08,2.6611623127337225e-08,0.004240087888249748,0.004239698510238519
2021-07-30_02h22m33s_C15H22N2O18P2_[M]-_-H2O_99,2021-07-30_02h22m33s,Uridine diphosphate glucuronic acid,C15H22N2O18P2,[M]-,-H2O,99,3.0838348792942867,35.55068581748848,0.03389830508474576,0.03389830508474576,0.002491934586717099,0.004868373602596466,0.0009922568527738894,0.0009922568527738894,3.0818117439714423,54,1.9997341632843018,1.9441423416137695,353.95294189453125,10.78782844543457,0.6116208434104919,0.05525022745132446,0.05559186637401581,35.336070206062,3.264228086252629,6.900398261677765e-07,6.685282869511866e-07,0.0001221370475832373,3.7291147236828692e-06,2.3342528265857254e-07,2.1299392471973988e-08,2.1511556980158275e-08,0.0006900249826560443,0.0006898787910159834
2021-07-30_02h22m33s_C15H22N2O18P2_+Cl_-HPO3_99,2021-07-30_02h22m33s,Uridine diphosphate glucuronic acid,C15H22N2O18P2,+Cl,-HPO3,99,9.14626121283878,106.12960008198439,0.10734463276836158,0.10734463276836158,0.003927021915674713,0.0070921985815602835,0.0017364494923543066,0.0017364494923543066,9.21122705267534,122,10.895315170288086,10.798904418945312,1928.470703125,34.39196014404297,0.4419507682323456,0.10166047513484955,0.09641120582818985,111.84868391327406,24.59712444741275,4.2023061723739374e-06,4.1653370317362715e-06,0.0007438081665895879,1.3164397387299687e-05,1.6551773285300442e-07,3.873264020626266e-08,3.6969062477965053e-08,0.004202150822797628,0.004201610731291363
2021-07-30_02h22m33s_C15H22N2O18P2_+Cl_-CH2O2_99,2021-07-30_02h22m33s,Uridine diphosphate glucuronic acid,C15H22N2O18P2,+Cl,-CH2O2,99,1.9517816079255441,2.430978939484058,0.3615819209039548,0.3615819209039548,0.18672822338413617,0.2052530352205794,0.17525736662118824,0.17525736662118824,1.9568178646973808,189,28.510560989379883,16.831825256347656,5046.369140625,40.515071868896484,14.288962364196777,11.72701644897461,11.678736686706543,2.4410277178448365,1.9951459816865955,1.1112307220173534e-05,6.5033814280468505e-06,0.001966878306120634,1.606453770364169e-05,5.5749687817296945e-06,4.61978925159201e-06,4.6089257921266835e-06,0.011061326387690177,0.011050699913141507
2021-07-30_02h22m33s_C15H22N2O18P2_-H_-CH2O3_99,2021-07-30_02h22m33s,Uridine diphosphate glucuronic acid,C15H22N2O18P2,-H,-CH2O3,99,18.673802764955,175.12977761445237,0.2542372881355932,0.2542372881355932,0.00807653799087774,0.01433465560764515,0.0036146499636763117,0.0036146499636763117,18.746631642945182,149,35.39541244506836,35.19698715209961,6264.98828125,70.71216583251953,1.3969950675964355,0.2011096179485321,0.19842715561389923,177.4854198572416,25.318696228251707,1.3885554835724179e-05,1.3804740774503443e-05,0.002457743277773261,2.7533113097888418e-05,5.484027951752068e-07,8.158468034480393e-08,8.081380542535044e-08,0.013884432781874902,0.013877944132370701
2021-07-30_02h22m33s_C15H22N2O18P2_-H_-CO2_99,2021-07-30_02h22m33s,Uridine diphosphate glucuronic acid,C15H22N2O18P2,-H,-CO2,99,9.14626121283878,106.12960008198439,0.10734463276836158,0.10734463276836158,0.003927021915674713,0.0070921985815602835,0.0017364494923543066,0.0017364494923543066,9.21122705267534,122,10.895315170288086,10.798904418945312,1928.470703125,34.39196014404297,0.4419507682323456,0.10166047513484955,0.09641120582818985,111.84868391327406,24.59712444741275,4.2023061723739374e-06,4.1653370317362715e-06,0.0007438081665895879,1.3164397387299687e-05,1.6551773285300442e-07,3.873264020626266e-08,3.6969062477965053e-08,0.004202150822797628,0.004201610731291363
2021-07-30_02h22m33s_C5H6N2O4_-H_-H2_73,2021-07-30_02h22m33s,"4,5-Dihydroorotic acid",C5H6N2O4,-H,-H2,73,1.0875491834324156,57.66293710345215,0.011299435028248588,0.005649717514124294,0.0018022026921793303,0.004147133068878471,0.0003898151921611709,0.0003898151921611709,1.0862918257472671,3,10.771419525146484,10.579887390136719,1906.541259765625,112.77886962890625,59.30009841918945,0.185799703001976,0.191531702876091,55.946212308103476,0.18163946052069962,4.109307155886199e-06,4.024943336844444e-06,0.0007273473893292248,4.071212242706679e-05,2.2926906240172684e-05,8.183886279766739e-08,8.43636271952164e-08,0.004108960509073652,0.004017205071856206
2021-07-30_02h22m33s_C5H6N2O4_-H_+C12H14N2_73,2021-07-30_02h22m33s,"4,5-Dihydroorotic acid",C5H6N2O4,-H,+C12H14N2,73,1.003877845796183,1.1610426637123799,0.9943502824858758,0.9943502824858758,0.9829903215040605,0.9871378771486957,0.9805092403919414,0.9805092403919414,1.003654268279645,189,1997.9007568359375,288.2464599609375,353628.4375,520.70556640625,1727.373046875,1720.780517578125,1709.654296875,1.1685985827013248,1.1566115401874588,0.001035957015119493,0.00023215427063405514,0.1833643913269043,0.00021334440680220723,0.000796708685811609,0.0008108521578833461,0.0008038027444854379,0.5743183495460394,0.5765859670520436
2021-07-30_02h22m33s_C5H6N2O4_-H_-H2O_73,2021-07-30_02h22m33s,"4,5-Dihydroorotic acid",C5H6N2O4,-H,-H2O,73,14.759844296473142,69.34993895799815,0.3502824858757062,0.3502824858757062,0.01746579152297252,0.02202788796730376,0.013732126087495793,0.013732126087495793,15.000051261437928,176,54.933998107910156,54.162994384765625,9723.3173828125,98.50132751464844,2.5321314334869385,0.7911275625228882,0.7710028886795044,71.15776237816114,21.68620126919025,2.6036790586658753e-05,2.5686142180347815e-05,0.004608511924743652,4.514049578574486e-05,1.0416536042612279e-06,3.611699810335267e-07,3.5064900316683634e-07,0.026027664012218107,0.026009697491520965
2021-07-30_02h22m33s_C5H6N2O4_[M]-_+C12H14N2_73,2021-07-30_02h22m33s,"4,5-Dihydroorotic acid",C5H6N2O4,[M]-,+C12H14N2,73,0.9211561551410855,1.0430110759033213,0.7966101694915254,0.7966101694915254,0.8572922460785405,0.8618523861040991,0.8547938409199638,0.8547938409199638,0.9211416257200542,189,330.9176330566406,15.449310302734375,58572.421875,194.88006591796875,316.9088134765625,317.27044677734375,315.46832275390625,1.048969294915517,1.0442012805675205,0.0001740547886583954,2.5081782951019704e-05,0.030807698145508766,0.00010242087591905147,0.00014734250726178288,0.00015015974349807948,0.0001489730057073757,0.15148727410809534,0.15170255399478744
2021-07-30_02h22m33s_C5H6N2O4_+Cl_+C12H14N2_73,2021-07-30_02h22m33s,"4,5-Dihydroorotic acid",C5H6N2O4,+Cl,+C12H14N2,73,1.331629834309229,1.7494419253481772,0.6384180790960452,0.6384180790960452,0.46956279897652686,0.4688965019834115,0.46942608572390454,0.46942608572390454,1.3369342181817525,189,88.1292724609375,38.05344772338867,15598.8818359375,81.90469360351562,61.71531295776367,50.37464904785156,50.07582473754883,1.7598814006842574,1.4279737112819728,4.3157826439710334e-05,2.022673470492009e-05,0.007638934999704361,3.747907612705603e-05,2.7515930923982523e-05,2.312165997864213e-05,2.2931091734790243e-05,0.04219035552680182,0.04200209956929926
2021-07-30_02h22m33s_C5H6N2O4_-H_-CO2_73,2021-07-30_02h22m33s,"4,5-Dihydroorotic acid",C5H6N2O4,-H,-CO2,73,77.77232106475756,7240.626532257297,0.9830508474576272,0.8135593220338984,0.005462231616420069,0.005048683736025965,0.0026401119832733847,0.0026401119832733847,98.30508474576271,4,9749.1962890625,9749.1962890625,1725607.75,15548.771484375,4.625538349151611,1.3454575538635254,0.0,9749196.2890625,2107.233433145594,0.004726811777800322,0.004726811777800322,0.8366457223892212,0.006521477364003658,1.941010623340844e-06,7.407055022667919e-07,0.0,4.726811777800322,4.717654759794306
2021-07-30_02h22m33s_C5H6N2O4_+Cl_+HCl_73,2021-07-30_02h22m33s,"4,5-Dihydroorotic acid",C5H6N2O4,+Cl,+HCl,73,0.40790485597732173,0.6058154453635963,0.011299435028248588,0.011299435028248588,0.022382912448548224,0.030382257482870538,0.01770115349859135,0.01770115349859135,0.40552578134525114,184,0.6587570905685425,-0.43780040740966797,116.60000610351562,6.197629928588867,1.9544316530227661,1.0863890647888184,1.0965574979782104,0.6002028064880668,0.33688576614284405,3.112742774646904e-07,-1.832519274103106e-07,5.5095548304961994e-05,2.921336772487848e-06,8.671805176163616e-07,4.894375820185815e-07,4.94526204875001e-07,0.0003111204202639981,0.0003110045803517199
2021-07-30_02h22m33s_C5H6N2O4_+Cl_-H2_73,2021-07-30_02h22m33s,"4,5-Dihydroorotic acid",C5H6N2O4,+Cl,-H2,73,0.0,0.0,0.0,0.0,0.0015129602847925242,0.002434186801298233,0.0009745379804029272,0.0009745379804029272,0.0,55,0.0,-0.05472095310688019,0.0,0.0,0.1516956239938736,0.055645182728767395,0.05472095310688019,0.0,0.0,0.0,-2.4670285370120837e-08,0.0,0.0,6.184963297073409e-08,2.5244204948648985e-08,2.4670285370120837e-08,0.0,0.0
2021-07-30_02h22m33s_C5H6N2O4_[M]-_-H2_73,2021-07-30_02h22m33s,"4,5-Dihydroorotic acid",C5H6N2O4,[M]-,-H2,73,0.46320017918362616,3.55743281186678,0.005649717514124294,0.005649717514124294,0.0025475581265991766,0.0031253756461113113,0.002197140173999327,0.002197140173999327,0.4634007527765279,73,0.4588678777217865,0.33191508054733276,81.21961212158203,6.087569713592529,0.19189146161079407,0.12798848748207092,0.12695279717445374,3.586227795365471,2.3788915999178086,2.4906526618906355e-07,1.8832092507636844e-07,4.408455060911365e-05,3.3042231279978296e-06,8.442975740763359e-08,6.159071119782311e-08,6.074434111269511e-08,0.0002490501378025387,0.0002490442394443435
2021-07-30_02h22m33s_C5H6N2O4_[M]-_-H2O_73,2021-07-30_02h22m33s,"4,5-Dihydroorotic acid",C5H6N2O4,[M]-,-H2O,73,0.28282915754777294,0.5026872193186802,0.005649717514124294,0.005649717514124294,0.01043497608187785,0.011239331650438755,0.009975725144851781,0.009975725144851781,0.2833865343050508,153,0.2999003231525421,-0.29433634877204895,53.08235549926758,3.9786269664764404,0.68892902135849,0.5955942869186401,0.5942366719245911,0.5038337476467439,0.4346828642778786,2.2775556374199368e-07,-5.617108911337709e-08,4.031273419968784e-05,3.0215187507565133e-06,3.2758782708697254e-07,2.855820184777258e-07,2.839266528553708e-07,0.00022769091622226511,0.00022768097822506789
2021-07-30_02h22m33s_C5H6N2O4_[M]-_+H2_73,2021-07-30_02h22m33s,"4,5-Dihydroorotic acid",C5H6N2O4,[M]-,+H2,73,0.7754752000404522,0.8630839209863629,0.04519774011299435,0.04519774011299435,0.04847035265324285,0.04880394278158433,0.0482839272108723,0.0482839272108723,0.7724368111260925,189,2.719508171081543,-0.4440884590148926,481.35296630859375,12.69003963470459,3.123796224594116,3.1499197483062744,3.1635966300964355,0.8593538099668238,0.8702993653401458,1.3917684782427386e-06,-1.5834268651815364e-07,0.00024634302826598287,6.597154879273148e-06,1.521820649941219e-06,1.5481019772778382e-06,1.5501111647608923e-06,0.001389614421413393,0.0013896536745844892
2021-07-30_02h22m33s_C5H6N2O4_+Cl_-CO2_73,2021-07-30_02h22m33s,"4,5-Dihydroorotic acid",C5H6N2O4,+Cl,-CO2,73,0.7147682374406968,0.5935383115445438,0.5084745762711864,0.5084745762711864,0.6673823562131495,0.6105601634811877,0.7013838439321721,0.7013838439321721,0.7109051756272183,189,113.8111572265625,-79.37838745117188,20144.57421875,124.7902603149414,159.6225128173828,191.7493133544922,193.18954467773438,0.5891134962966926,0.7129974476678012,6.561599730048329e-05,-2.976134419441223e-05,0.011614032089710236,7.51841944293119e-05,7.889363769209012e-05,9.488448267802596e-05,9.537734149489552e-05,0.059902642509416064,0.06081785544759112
2021-07-30_02h22m33s_C5H6N2O4_+Cl_-H2O_73,2021-07-30_02h22m33s,"4,5-Dihydroorotic acid",C5H6N2O4,+Cl,-H2O,73,0.5098631327768085,5.2208695883785206,0.005649717514124294,0.005649717514124294,0.0018244521081321615,0.0030652722683014787,0.001080851214628701,0.001080851214628701,0.5100097850931224,70,0.3258003890514374,0.26463401317596436,57.66666793823242,4.322230815887451,0.18922112882137299,0.06140347197651863,0.06116638705134392,5.24078050060003,1.7127455349998475,1.1161300506046246e-07,8.529951855962281e-08,1.975550185306929e-05,1.4807138768446748e-06,7.695427228782137e-08,2.6548747200649814e-08,2.6313486500839645e-08,0.00011161006821043925,0.00011160441662379706
2021-07-30_02h22m33s_C5H6N2O4_[M]-__73,2021-07-30_02h22m33s,"4,5-Dihydroorotic acid",C5H6N2O4,[M]-,,73,4.426619720878319,33.74731809992512,0.06779661016949153,0.06779661016949153,0.005428857492490822,0.005289097247265296,0.005315661711288694,0.005315661711288694,4.4320208405685175,109,16.717845916748047,16.23246192932129,2959.058837890625,72.8587646484375,0.517633855342865,0.49438294768333435,0.485384076833725,34.37169659331426,32.23438991597647,8.16946521808859e-06,7.936084330140147e-06,0.0014459954109042883,3.4168915590271354e-05,2.38470647673239e-07,2.3960359385455376e-07,2.3338078847245924e-07,0.008167559066713704,0.008167517504899314
2021-07-30_02h22m33s_C5H6N2O4_+Cl_+H2_73,2021-07-30_02h22m33s,"4,5-Dihydroorotic acid",C5H6N2O4,+Cl,+H2,73,0.46366157084222104,0.8712414115939093,0.011299435028248588,0.011299435028248588,0.014317499165646902,0.0142445005409304,0.014370005492850436,0.014370005492850436,0.46322031698457017,173,0.7645951509475708,-0.11333280801773071,135.33334350585938,7.315586090087891,0.8985815644264221,0.876592755317688,0.8779279589653015,0.8699178847919158,0.8499453314553869,4.2328036897743004e-07,-1.3952274002804188e-08,7.49206228647381e-05,4.169813109911047e-06,4.29869203344424e-07,4.3761818346865766e-07,4.3723264298023423e-07,0.00042309537786713245,0.0004230984919657525
2021-07-30_02h22m33s_C5H6N2O4_-H_-CH2O3_73,2021-07-30_02h22m33s,"4,5-Dihydroorotic acid",C5H6N2O4,-H,-CH2O3,73,0.0,0.0,0.0,0.0,0.0001223717877405718,6.0103377809832915e-05,0.0001594698513386608,0.0001594698513386608,0.0,2,0.0,-0.008833915926516056,0.0,0.0,0.0035449208226054907,0.00856954138725996,0.008833915926516056,0.0,0.0,0.0,-3.3507068231131143e-09,0.0,0.0,1.3560468303808193e-09,3.250429481127526e-09,3.3507068231131143e-09,0.0,0.0
2021-07-30_02h22m33s_C5H6N2O4_[M]-_-CH2O2_73,2021-07-30_02h22m33s,"4,5-Dihydroorotic acid",C5H6N2O4,[M]-,-CH2O2,73,0.0,0.0,0.0,0.0,0.00020024474357548114,0.000330568577954081,0.00012403210659673618,0.00012403210659673618,0.0,10,0.0,-0.006632170174270868,0.0,0.0,0.02006203681230545,0.0064336881041526794,0.006632170174270868,0.0,0.0,0.0,-2.74409228673278e-09,0.0,0.0,8.31240853926829e-09,2.661969311645862e-09,2.74409228673278e-09,0.0,0.0
2021-07-30_02h22m33s_C5H6N2O4_[M]-_-CO2_73,2021-07-30_02h22m33s,"4,5-Dihydroorotic acid",C5H6N2O4,[M]-,-CO2,73,0.8914355014737346,4.596653581997643,0.011299435028248588,0.011299435028248588,0.0031927911892312825,0.004026926313258805,0.0026755497280153092,0.0026755497280153092,0.8907693078656745,90,0.7178021669387817,0.5627562999725342,127.05097961425781,6.714545726776123,0.23713350296020508,0.15515755116939545,0.15504588186740875,4.599943031810951,3.014284668120533,3.693466794629785e-07,2.9956746061543527e-07,6.537436274811625e-05,3.47910417985986e-06,1.0700702546273533e-07,7.038677551918227e-08,6.977921174211588e-08,0.0003693209085411006,0.00036930716100219756
2021-07-30_02h22m33s_C5H6N2O4_-H_+HCl_73,2021-07-30_02h22m33s,"4,5-Dihydroorotic acid",C5H6N2O4,-H,+HCl,73,1.2102677505901012,4.624214055508053,0.01694915254237288,0.01694915254237288,0.0043720102347313385,0.004928476980406299,0.004004465155837482,0.004004465155837482,1.2090636933728962,109,1.0857428312301636,0.8506807088851929,192.17648315429688,8.325957298278809,0.29005903005599976,0.23379510641098022,0.2350621372461319,4.599394226860303,3.73031831728865,4.1395873040528386e-07,3.019736709575227e-07,7.327069761231542e-05,3.1661718367104186e-06,1.337213859642361e-07,1.1139642452917542e-07,1.1198507365861587e-07,0.0004139123783971008,0.0004139033826712978
2021-07-30_02h22m33s_C5H6N2O4_+Cl__73,2021-07-30_02h22m33s,"4,5-Dihydroorotic acid",C5H6N2O4,+Cl,,73,1.2102677505901012,4.624214055508053,0.01694915254237288,0.01694915254237288,0.0043720102347313385,0.004928476980406299,0.004004465155837482,0.004004465155837482,1.2090636933728962,109,1.0857428312301636,0.8506807088851929,192.17648315429688,8.325957298278809,0.29005903005599976,0.23379510641098022,0.2350621372461319,4.599394226860303,3.73031831728865,4.1395873040528386e-07,3.019736709575227e-07,7.327069761231542e-05,3.1661718367104186e-06,1.337213859642361e-07,1.1139642452917542e-07,1.1198507365861587e-07,0.0004139123783971008,0.0004139033826712978
2021-07-30_02h22m33s_C5H6N2O4_-H_+H2_73,2021-07-30_02h22m33s,"4,5-Dihydroorotic acid",C5H6N2O4,-H,+H2,73,1.225700401110277,1.5489150738065272,0.5819209039548022,0.5819209039548022,0.47590388252308374,0.494230075730256,0.4647660222903414,0.4647660222903414,1.2307198834958446,189,62.75825881958008,22.48950958251953,11108.2119140625,60.80713653564453,45.560707092285156,40.51655960083008,40.26874923706055,1.55844672511204,1.3774343154540576,3.525200008880347e-05,1.5514517144765705e-05,0.006239603739231825,3.622117219492793e-05,2.1830162950209342e-05,1.9891826013918035e-05,1.9737482944037765e-05,0.034569681588077966,0.034498883833125986
2021-07-30_02h22m33s_C5H6N2O4_+Cl_-NH3_73,2021-07-30_02h22m33s,"4,5-Dihydroorotic acid",C5H6N2O4,+Cl,-NH3,73,0.0,0.0,0.0,0.0,0.0006341083546556903,0.0012922226229114076,0.00024806421319347236,0.00024806421319347236,0.0,31,0.0,-0.013881213963031769,0.0,0.0,0.08310199528932571,0.013465787284076214,0.013881213963031769,0.0,0.0,0.0,-6.403368502105877e-09,0.0,0.0,3.4063504017467494e-08,6.2117342380929585e-09,6.403368502105877e-09,0.0,0.0
2021-07-30_02h22m33s_C5H6N2O4_[M]-_-CH2O3_73,2021-07-30_02h22m33s,"4,5-Dihydroorotic acid",C5H6N2O4,[M]-,-CH2O3,73,0.0,0.0,0.0,0.0,0.00011124707976415619,6.0103377809832915e-05,0.0001417509789676985,0.0001417509789676985,0.0,2,0.0,-0.007918634451925755,0.0,0.0,0.0037257024087011814,0.007681651972234249,0.007918634451925755,0.0,0.0,0.0,-3.290949512901875e-09,0.0,0.0,1.3529338760420728e-09,3.1924607402089578e-09,3.290949512901875e-09,0.0,0.0
2021-07-30_02h22m33s_C5H8N2O5_-H_-CO2_188,2021-07-30_02h22m33s,Ureidosuccinic acid,C5H8N2O5,-H,-CO2,188,29.1496867430053,509.3938501147684,0.3333333333333333,0.10734463276836158,0.003737901880075648,0.005890131025363625,0.0014352286620479473,0.0014352286620479473,29.127133714553445,2,183.0049285888672,182.6428680419922,32391.87109375,406.68853759765625,25.209985733032227,0.3582601845264435,0.36205345392227173,504.0715812279472,7.25893586735438,7.210566400317475e-05,7.193817873485386e-05,0.012762703001499176,0.00014408341667149216,1.1302880011498928e-05,1.660085757748675e-07,1.674824829933641e-07,0.07209358958978235,0.07129977124395698
2021-07-30_02h22m33s_C5H8N2O5_[M]-_-NH3_188,2021-07-30_02h22m33s,Ureidosuccinic acid,C5H8N2O5,[M]-,-NH3,188,0.6318001469158957,0.7975496400617609,0.02824858757062147,0.02824858757062147,0.03305150739793081,0.030262050727250873,0.03471127097471517,0.03471127097471517,0.643886916009774,186,1.607975959777832,-0.3612929582595825,284.61175537109375,9.470878601074219,4.228381633758545,2.0151453018188477,1.9692689180374146,0.8161200458765484,0.3801917393651857,7.436410101036017e-07,-2.1505417180378572e-07,0.00013162445975467563,4.462558990780963e-06,1.8289078980160411e-06,9.77792069534189e-07,9.586951819073875e-07,0.0007429287678733411,0.0007422834420538629
2021-07-30_02h22m33s_C5H8N2O5_[M]-_-H2_188,2021-07-30_02h22m33s,Ureidosuccinic acid,C5H8N2O5,[M]-,-H2,188,0.5797513690792576,0.4874396607172658,0.2033898305084746,0.2033898305084746,0.33564356435643566,0.3275634090635894,0.34082251005546005,0.34082251005546005,0.5754051581676124,188,58.412960052490234,-62.818721771240234,10339.09375,122.95306396484375,120.70865631103516,119.83528900146484,121.23168182373047,0.4818251908129966,0.48391290173154256,2.4440962079097517e-05,-3.679918881971389e-05,0.004326050169765949,5.206804416957311e-05,5.9228663303656504e-05,6.0354686866048723e-05,6.1240149079822e-05,0.023030566738630964,0.023074302014135406
2021-07-30_02h22m33s_C5H8N2O5_-H_-CH2O3_188,2021-07-30_02h22m33s,Ureidosuccinic acid,C5H8N2O5,-H,-CH2O3,188,8.492379886381572,58.8435475169265,0.10734463276836158,0.02824858757062147,0.005462231616420069,0.009706695516288015,0.0026401119832733847,0.0026401119832733847,8.436622532864966,4,79.23033905029297,77.8423080444336,14023.76953125,273.90350341796875,56.0615234375,1.3454575538635254,1.3880302906036377,57.04003691371011,1.4132496040536076,2.8371121516101994e-05,2.7606978619587608e-05,0.005021688528358936,9.489135118201375e-05,2.6932717446470633e-05,7.407055022667919e-07,7.641427828275482e-07,0.028349458482005898,0.027627049984977083
2021-07-30_02h22m33s_C5H8N2O5_[M]-_-CH2O2_188,2021-07-30_02h22m33s,Ureidosuccinic acid,C5H8N2O5,[M]-,-CH2O2,188,0.0,0.0,0.0,0.0,0.0037267771720992326,0.006130544536602957,0.0023211722805960627,0.0023211722805960627,0.0,72,0.0,-0.13214989006519318,0.0,0.0,0.6441645622253418,0.13405585289001465,0.13214989006519318,0.0,0.0,0.0,-6.357662840628109e-08,0.0,0.0,2.822853275574744e-07,6.43319637561035e-08,6.357662840628109e-08,0.0,0.0
2021-07-30_02h22m33s_C5H8N2O5_+Cl_+HCl_188,2021-07-30_02h22m33s,Ureidosuccinic acid,C5H8N2O5,+Cl,+HCl,188,2.239215613923472,8.829711943935395,0.03389830508474576,0.03389830508474576,0.00835465569028813,0.013673518451736987,0.0051384729875790704,0.0051384729875790704,2.2341043755464685,165,2.6701231002807617,2.3662619590759277,472.6117858886719,15.087637901306152,0.8466911315917969,0.3014020621776581,0.303861141204834,8.758489487142363,3.149877355997339,8.849398795973684e-07,7.488719688808487e-07,0.0001566343562444672,4.973210252501303e-06,3.4279520377822337e-07,1.3512692476069788e-07,1.3606789650566498e-07,0.0008848194840713836,0.0008846366304033796
2021-07-30_02h22m33s_C5H8N2O5_-H__188,2021-07-30_02h22m33s,Ureidosuccinic acid,C5H8N2O5,-H,,188,73.92440957988008,4788.593911065627,0.9265536723163842,0.751412429378531,0.004027144287462454,0.001652842889770405,0.0025337987490476107,0.0025337987490476107,92.48630660464204,4,14700.7001953125,14700.6884765625,2602024.0,27163.025390625,5.144948482513428,3.0689408779144287,0.01217710692435503,1115624.2625717362,2856.7523062594396,0.005851141642779112,0.005851136986166239,1.0356520414352417,0.009372459724545479,2.2431106572184945e-06,1.3980527455714764e-06,4.677469078728791e-09,5.851114274373018,5.838046258998219
2021-07-30_02h22m33s_C5H8N2O5_+Cl_+H2_188,2021-07-30_02h22m33s,Ureidosuccinic acid,C5H8N2O5,+Cl,+H2,188,1.2500415853620235,1.9942365392397756,0.02824858757062147,0.02824858757062147,0.014450995661363888,0.017520134631566295,0.012598118255754204,0.012598118255754204,1.2760451436249387,180,1.5633100271224976,0.8251293301582336,276.70587158203125,9.185416221618652,1.0875260829925537,0.7829140424728394,0.7381806969642639,2.114922688786172,1.4361713986904914,7.151573981900583e-07,3.6519077184493653e-07,0.00012658286141231656,4.250196070643142e-06,5.004969239053025e-07,3.6758126498170896e-07,3.4996662634512177e-07,0.00071490720452754,0.0007147996431674443
2021-07-30_02h22m33s_C5H8N2O5_-H_+H2_188,2021-07-30_02h22m33s,Ureidosuccinic acid,C5H8N2O5,-H,+H2,188,1.266952804509563,1.9361701930642448,0.07909604519774012,0.07909604519774012,0.07657136500166871,0.11750210361822334,0.05243014334567748,0.05243014334567748,1.2670431115668745,189,6.811764717102051,3.297884464263916,1205.682373046875,24.733495712280273,9.762141227722168,3.5171642303466797,3.5138802528381348,1.9379791705853435,0.697702159399296,2.92789127342985e-06,1.2466597354432452e-06,0.0005182367749512196,1.073740168067161e-05,4.38910274169757e-06,1.6780630858193035e-06,1.681231537986605e-06,0.0029229770721912705,0.0029150966148851444
2021-07-30_02h22m33s_C5H8N2O5_[M]-_+H2_188,2021-07-30_02h22m33s,Ureidosuccinic acid,C5H8N2O5,[M]-,+H2,188,0.8710732792499112,1.0527696216931273,0.04519774011299435,0.04519774011299435,0.05119590610746468,0.0670152662579637,0.041887414284954905,0.041887414284954905,0.8706110330843254,189,2.854016065597534,0.14085912704467773,505.16082763671875,13.322419166564941,4.783640384674072,2.7099597454071045,2.7131569385528564,1.0515294915552114,0.5964954178665923,1.179419768959633e-06,-1.2426346529537113e-07,0.00020875729387626052,5.5989285101532005e-06,2.206972339990898e-06,1.2989605693292106e-06,1.3036832342550042e-06,0.0011778841811008378,0.0011768225541335829
2021-07-30_02h22m33s_C5H8N2O5_+Cl__188,2021-07-30_02h22m33s,Ureidosuccinic acid,C5H8N2O5,+Cl,,188,1.5056779018817366,2.4603530701169825,0.03954802259887006,0.03954802259887006,0.01678718433641117,0.01755018632047121,0.0162659248365434,0.0162659248365434,1.5097163582081596,177,2.486318826675415,1.4835209846496582,440.07843017578125,12.382499694824219,1.108917474746704,1.0095536708831787,1.0027978420257568,2.47691190654265,2.2400934152719976,1.2087973573216004e-06,7.302223821170628e-07,0.00021395712974481285,6.122240392869571e-06,5.132539513397205e-07,4.795633685716894e-07,4.785749752045376e-07,0.0012082191338795623,0.0012081772555712596
2021-07-30_02h22m33s_C5H8N2O5_-H_+HCl_188,2021-07-30_02h22m33s,Ureidosuccinic acid,C5H8N2O5,-H,+HCl,188,1.5056779018817366,2.4603530701169825,0.03954802259887006,0.03954802259887006,0.01678718433641117,0.01755018632047121,0.0162659248365434,0.0162659248365434,1.5097163582081596,177,2.486318826675415,1.4835209846496582,440.07843017578125,12.382499694824219,1.108917474746704,1.0095536708831787,1.0027978420257568,2.47691190654265,2.2400934152719976,1.2087973573216004e-06,7.302223821170628e-07,0.00021395712974481285,6.122240392869571e-06,5.132539513397205e-07,4.795633685716894e-07,4.785749752045376e-07,0.0012082191338795623,0.0012081772555712596
2021-07-30_02h22m33s_C5H8N2O5_+Cl_-CH2O3_188,2021-07-30_02h22m33s,Ureidosuccinic acid,C5H8N2O5,+Cl,-CH2O3,188,0.9212568393680092,0.9337563107630367,0.655367231638418,0.655367231638418,0.6673823562131495,0.6097788195696598,0.7013838439321721,0.7013838439321721,0.9252965198910909,189,179.04806518554688,-11.245437622070312,31691.5078125,154.2777099609375,159.27549743652344,191.7493133544922,190.2935028076172,0.9408998291798257,1.1241336171201468,8.016488573048264e-05,-1.4387165720108896e-05,0.01418918464332819,6.960186874493957e-05,7.881625060690567e-05,9.488448267802596e-05,9.455205145059153e-05,0.07323990268369737,0.07430819260034743
2021-07-30_02h22m33s_C5H8N2O5_-H_+C12H14N2_188,2021-07-30_02h22m33s,Ureidosuccinic acid,C5H8N2O5,-H,+C12H14N2,188,2.219786873937832,2.612277887611119,0.21468926553672316,0.21468926553672316,0.10651907887417955,0.13952999158552712,0.08671616138348956,0.08671616138348956,2.2151373165245163,187,30.583051681518555,18.830724716186523,5413.2001953125,62.54001235961914,19.40436363220215,11.706426620483398,11.752326965332031,2.6020761416514024,1.5760102341379285,1.3328399290912785e-05,7.923767952888738e-06,0.0023591266945004463,2.8486463634180836e-05,8.751667337492108e-06,5.361855983210262e-06,5.404631338024046e-06,0.013256751436657829,0.01321276556210497
2021-07-30_02h22m33s_C5H8N2O5_+Cl_-CO2_188,2021-07-30_02h22m33s,Ureidosuccinic acid,C5H8N2O5,+Cl,-CO2,188,0.7714402247523894,0.7490634790703512,0.6384180790960452,0.02824858757062147,0.7481143619979975,0.6309051568698161,0.8175664900685721,0.8175664900685721,0.7721700885435095,59,1523.8477783203125,-507.9786376953125,269721.0625,1442.177001953125,1617.5355224609375,2034.3363037109375,2031.826416015625,0.7499887866010535,0.9420793639960068,0.0007143992115743458,-0.0003465305198915303,0.12644866108894348,0.0006626363028772175,0.0008183253230527043,0.0010582399554550648,0.001060929731465876,0.34663928646718856,0.39288855658401833
2021-07-30_02h22m33s_C5H8N2O5_+Cl_-CH2O2_188,2021-07-30_02h22m33s,Ureidosuccinic acid,C5H8N2O5,+Cl,-CH2O2,188,0.7918176921033383,2.4821953666768373,0.011299435028248588,0.011299435028248588,0.005273111580821004,0.006941940137035701,0.0042702482414019175,0.0042702482414019175,0.7914204960635127,109,0.6618810296058655,0.3952367305755615,117.15293884277344,6.242580890655518,0.5805903077125549,0.2656514644622803,0.26664429903030396,2.472987588392175,1.1380537481944994,2.5533003622513206e-07,1.279760084571535e-07,4.5193417463451624e-05,2.389577730355086e-06,2.4070141080301255e-07,1.2644346725210198e-07,1.2735402776797855e-07,0.0002552975230572915,0.0002552685927147319
2021-07-30_02h22m33s_C5H8N2O5_-H_-NH3_188,2021-07-30_02h22m33s,Ureidosuccinic acid,C5H8N2O5,-H,-NH3,188,66.43035847996622,3733.4515082755406,0.8926553672316384,0.7627118644067796,0.004883746801646457,0.002614496934727732,0.0034374612399666886,0.0034374612399666886,88.45705995684168,3,2195.3701171875,2195.360595703125,388580.5,3867.273681640625,0.8646119236946106,0.5870269536972046,0.009562130086123943,207852.97087674384,2536.2059568417294,0.0008826585253700614,0.0008826537523418665,0.15623055398464203,0.0013396847061812878,3.912145700724068e-07,2.6731072466645855e-07,4.749436399720253e-09,0.8826543332594426,0.8823133515315729
2021-07-30_02h22m33s_C5H8N2O5_[M]-_-CH2O3_188,2021-07-30_02h22m33s,Ureidosuccinic acid,C5H8N2O5,[M]-,-CH2O3,188,0.8914355014737346,4.170017944187944,0.011299435028248588,0.011299435028248588,0.0031927911892312825,0.004026926313258805,0.0026755497280153092,0.0026755497280153092,0.8893432116009657,90,0.6511797904968262,0.494714617729187,115.25882720947266,6.096897125244141,0.23748788237571716,0.15515755116939545,0.15646517276763916,4.135389299434032,2.730452314851571,2.0055040295119397e-07,1.2951895200785657e-07,3.5497421777108684e-05,1.8764135347737465e-06,1.0790487436906915e-07,7.038677551918227e-08,7.103145804876476e-08,0.00020053615857545885,0.0002005287649200079
2021-07-30_02h22m33s_C5H8N2O5_+Cl_-H2O_188,2021-07-30_02h22m33s,Ureidosuccinic acid,C5H8N2O5,+Cl,-H2O,188,1.2102677505901012,4.612796024895374,0.01694915254237288,0.01694915254237288,0.0043720102347313385,0.004928476980406299,0.004004465155837482,0.004004465155837482,1.2183275155481181,109,1.083061933517456,0.8555911183357239,191.70196533203125,8.301441192626953,0.2900732755661011,0.23379510641098022,0.22747083008289337,4.740482332578305,3.7209253629040187,5.1339668516448e-07,4.037105441057065e-07,9.087120997719467e-05,3.971714704675833e-06,1.331924579517363e-07,1.1139642452917542e-07,1.096861410587735e-07,0.0005133403788392754,0.0005133283137046414
2021-07-30_02h22m33s_C5H8N2O5_-H_-CH2O2_188,2021-07-30_02h22m33s,Ureidosuccinic acid,C5H8N2O5,-H,-CH2O2,188,12.671643414830596,52.67315215590171,0.1864406779661017,0.1864406779661017,0.006964067193236178,0.00982690227190768,0.004713220050675975,0.004713220050675975,12.637751503994199,147,14.571752548217773,14.293524742126465,2579.2001953125,32.81309509277344,0.6214350461959839,0.27564477920532227,0.2782273590564728,52.185977038412936,23.410880600752062,6.4762170950416476e-06,6.3441216298087966e-06,0.0011462904512882233,1.5045448890305124e-05,2.830216772053973e-07,1.3091589323721564e-07,1.3209553628712456e-07,0.006475361728661447,0.006474384703823898
2021-07-30_02h22m33s_C5H8N2O5_+Cl_-H2_188,2021-07-30_02h22m33s,Ureidosuccinic acid,C5H8N2O5,+Cl,-H2,188,0.0,0.0,0.0,0.0,0.0034931583045945042,0.004357494891212886,0.002994489430692631,0.002994489430692631,0.0,99,0.0,-0.1724342554807663,0.0,0.0,0.26001042127609253,0.1732586771249771,0.1724342554807663,0.0,0.0,0.0,-7.999985029982781e-08,0.0,0.0,1.181831592589333e-07,7.978542981845749e-08,7.999985029982781e-08,0.0,0.0
2021-07-30_02h22m33s_C5H8N2O5_[M]-_-H2O_188,2021-07-30_02h22m33s,Ureidosuccinic acid,C5H8N2O5,[M]-,-H2O,188,1.4755399069594397,6.211338310346343,0.022598870056497175,0.022598870056497175,0.005428857492490822,0.005529510758504628,0.005315661711288694,0.005315661711288694,1.4804849774995024,109,3.076991081237793,2.584123373031616,544.62744140625,20.468971252441406,0.590191662311554,0.49438294768333435,0.49286776781082153,6.230394615298016,5.204726787260135,1.4936233583284775e-06,1.2540444913611282e-06,0.00026437133783474565,1.0146836757485289e-05,2.7398041879678203e-07,2.3960359385455376e-07,2.3957881012393045e-07,0.0014932656035319843,0.0014932142468637684
2021-07-30_02h22m33s_C4H8N2O3_-H__186,2021-07-30_02h22m33s,Asparagine,C4H8N2O3,-H,,186,84.48468530599843,13098.23498144946,0.9661016949152542,0.711864406779661,0.003737901880075648,0.0025243418680129825,0.0014352286620479473,0.0014352286620479473,95.38959557093798,2,4705.67431640625,4705.63671875,832904.375,8050.57861328125,1.1532361507415771,0.3582601845264435,0.03771389648318291,121550.00513705375,4076.873102079617,0.002113550202921033,0.002113534603267908,0.37409839034080505,0.003248415421694517,4.4413215505301196e-07,1.660085757748675e-07,1.555962292343338e-08,2.113517317388532,2.1126119240344208
2021-07-30_02h22m33s_C4H8N2O3_-H_-NH3_186,2021-07-30_02h22m33s,Asparagine,C4H8N2O3,-H,-NH3,186,31.554782357646314,833.8495922772926,0.559322033898305,0.4915254237288136,0.012048058738458116,0.016468325519894217,0.007725428353739568,0.007725428353739568,36.81836592597487,12,486.4973449707031,486.1346740722656,86110.03125,1026.1591796875,9.025378227233887,0.5824353694915771,0.3626647889614105,1337.763126202264,53.89729221659141,0.00022790544608142227,0.0002277328458148986,0.04033926501870155,0.0004453809524420649,3.8739581214031205e-06,2.7602382601799036e-07,1.7260629192605847e-07,0.22786611495626408,0.22702595703141112
2021-07-30_02h22m33s_C4H8N2O3_+Cl_+H2_186,2021-07-30_02h22m33s,Asparagine,C4H8N2O3,+Cl,+H2,186,0.9306374499083133,0.8982640705492341,0.3050847457627119,0.3050847457627119,0.3163978195572366,0.31404014905637695,0.317823413717951,0.317823413717951,0.9317205492358601,189,26.699058532714844,-2.9740219116210938,4725.7333984375,45.12464141845703,28.762470245361328,29.72195053100586,29.673080444335938,0.8997434169122179,0.9282280025658791,1.2848619917349424e-05,-1.6065541785792448e-06,0.0022742056753486395,2.3009944925433956e-05,1.406401952408487e-05,1.4457685210800264e-05,1.4455174095928669e-05,0.012665537369652605,0.012670422843105576
2021-07-30_02h22m33s_C4H8N2O3_-H_-H2O_186,2021-07-30_02h22m33s,Asparagine,C4H8N2O3,-H,-H2O,186,33.96951954552629,350.1908537765315,0.4293785310734463,0.1694915254237288,0.005462231616420069,0.007993749248707778,0.0026401119832733847,0.0026401119832733847,33.746490131459865,4,471.5171203613281,470.12908935546875,83458.53125,938.1826782226562,53.974891662597656,1.3454575538635254,1.3880302906036377,339.4577667247405,8.73569858389322,0.00021130107052158564,0.00021053693490102887,0.03740029036998749,0.0003822506114374846,2.5959683625842445e-05,7.407055022667919e-07,7.641427828275482e-07,0.21113972962102756,0.2059545554215414
2021-07-30_02h22m33s_C4H8N2O3_[M]-_-H2_186,2021-07-30_02h22m33s,Asparagine,C4H8N2O3,[M]-,-H2,186,0.0,0.0,0.0,0.0,0.0037267771720992326,0.006130544536602957,0.0023211722805960627,0.0023211722805960627,0.0,72,0.0,-0.13167698681354523,0.0,0.0,0.6441645622253418,0.13405585289001465,0.13167698681354523,0.0,0.0,0.0,-6.356987114486401e-08,0.0,0.0,2.822853275574744e-07,6.43319637561035e-08,6.356987114486401e-08,0.0,0.0
2021-07-30_02h22m33s_C4H8N2O3_-H_+C12H14N2_186,2021-07-30_02h22m33s,Asparagine,C4H8N2O3,-H,+C12H14N2,186,5.0692997859569715,9.250975653822282,0.14689265536723164,0.14689265536723164,0.021670931138057625,0.025573987258083904,0.018976912309300636,0.018976912309300636,5.063393699368502,183,10.395989418029785,9.271174430847168,1840.0902099609375,26.672632217407227,1.7437827587127686,1.122772216796875,1.1248146295547485,9.234192863652273,5.958328832696361,5.407920980360359e-06,4.8530177991779055e-06,0.0009572020499035716,1.4165390894049779e-05,8.447630079899682e-07,5.531696274374553e-07,5.549031243390345e-07,0.005404921772382056,0.005403356424733759
2021-07-30_02h22m33s_C4H8N2O3_[M]-_+HCl_186,2021-07-30_02h22m33s,Asparagine,C4H8N2O3,[M]-,+HCl,186,1.1654796536821388,0.9881401350603205,0.7231638418079096,0.7231638418079096,0.612659917677161,0.6157591056617382,0.6104860286691355,0.6104860286691355,1.1712159055299063,189,413.8026123046875,-2.237762451171875,73243.0625,333.9061584472656,331.9774475097656,418.7681579589844,416.0403747558594,0.9946188946892948,1.2464743281038295,0.0001987665455089882,-5.22867776453495e-06,0.0351816788315773,0.00017384442617185414,0.00016308801423292607,0.00020508861052803695,0.00020399522327352315,0.1650891479191795,0.17089553247617095
2021-07-30_02h22m33s_C4H8N2O3_[M]-_-NH3_186,2021-07-30_02h22m33s,Asparagine,C4H8N2O3,[M]-,-NH3,186,2.0857248933411356,8.941371773013902,0.02824858757062147,0.02824858757062147,0.004027144287462454,0.004718115158071884,0.003543774474192462,0.003543774474192462,2.102368829263486,94,1.8943171501159668,1.6890757083892822,335.29412841796875,11.507567405700684,0.2865605354309082,0.21085979044437408,0.20524150133132935,9.184946472401423,6.587542157957596,9.751463494467316e-07,8.829338753457705e-07,0.00017260090680792928,6.022131856298074e-06,1.27688721818231e-07,9.468214301477929e-08,9.221248831181583e-08,0.0009750564370664252,0.0009750218501529407
2021-07-30_02h22m33s_C4H8N2O3_+Cl_+HCl_186,2021-07-30_02h22m33s,Asparagine,C4H8N2O3,+Cl,+HCl,186,0.43066724387081157,1.955312036878351,0.005649717514124294,0.005649717514124294,0.005484481032372901,0.0094963336939536,0.003118521537289367,0.003118521537289367,0.4304284409766365,148,0.35715076327323914,0.17504864931106567,63.2156867980957,4.73814058303833,0.5687877535820007,0.18165665864944458,0.18210211396217346,1.9505551058084556,0.6268136881285918,1.2839400653774646e-07,4.5937959214370494e-08,2.2725738745066337e-05,1.7033390804499504e-06,2.3955496430971834e-07,8.21183760990607e-08,8.245604732337597e-08,0.00012838342054834618,0.00012836325648242115
2021-07-30_02h22m33s_C4H8N2O3_+Cl_-H2O_186,2021-07-30_02h22m33s,Asparagine,C4H8N2O3,+Cl,-H2O,186,0.8815474928435262,0.8439618857650032,0.6271186440677966,0.6271186440677966,0.6673823562131495,0.6099290780141844,0.7013838439321721,0.7013838439321721,0.8842263844117069,189,161.8299560546875,-29.3504638671875,28643.90234375,137.93772888183594,159.36708068847656,191.7493133544922,191.180419921875,0.846473240552446,1.015447731789048,7.882629142841324e-05,-1.593276101630181e-05,0.013952253386378288,7.032968278508633e-05,7.882337376940995e-05,9.488448267802596e-05,9.475905244471505e-05,0.0720033246150243,0.07306691099303318
2021-07-30_02h22m33s_C4H8N2O3_-H_-CO2_186,2021-07-30_02h22m33s,Asparagine,C4H8N2O3,-H,-CO2,186,0.0,0.0,0.0,0.0,0.00013349649571698743,0.00012020675561966583,0.0001417509789676985,0.0001417509789676985,0.0,4,0.0,-0.006311814766377211,0.0,0.0,0.006796984933316708,0.007999549619853497,0.006311814766377211,0.0,0.0,0.0,-3.0372697690239647e-09,0.0,0.0,2.777587271296511e-09,3.753727551014663e-09,3.0372697690239647e-09,0.0,0.0
2021-07-30_02h22m33s_C4H8N2O3_+Cl_-CH2O3_186,2021-07-30_02h22m33s,Asparagine,C4H8N2O3,+Cl,-CH2O3,186,0.5551353784923182,26.527399020906802,0.005649717514124294,0.005649717514124294,0.0001779953276226499,0.00015025844452458227,0.00017718872370962313,0.00017718872370962313,0.5558275120089264,6,0.29416197538375854,0.2850007116794586,52.06666946411133,3.902498722076416,0.008216721005737782,0.010088986717164516,0.009161270223557949,28.949331029674976,31.916120190752306,1.1941682487304206e-07,1.1590720561116541e-07,2.113677874149289e-05,1.584243364050053e-06,3.224578604132944e-09,3.89344645412848e-09,3.509616153252182e-09,0.00011941640576729541,0.00011941643980534528
2021-07-30_02h22m33s_C4H8N2O3_+Cl_-CO2_186,2021-07-30_02h22m33s,Asparagine,C4H8N2O3,+Cl,-CO2,186,1.0534149847094165,0.8457853145450543,0.9265536723163842,0.9265536723163842,0.8622204917120926,0.8494109868974636,0.8695713804773464,0.8695713804773464,1.0561096329026387,189,451.0866394042969,-80.03903198242188,79842.3359375,248.62525939941406,413.1759948730469,533.3336791992188,531.1256713867188,0.8493014260168006,1.0917515858860878,0.0002206460339948535,-4.681528662331402e-05,0.039054349064826965,0.00013730117643717676,0.0002073158830171451,0.0002681235782802105,0.0002674613206181675,0.17408502366544787,0.18275750124602652
2021-07-30_02h22m33s_C4H8N2O3_-H_-CH2O3_186,2021-07-30_02h22m33s,Asparagine,C4H8N2O3,-H,-CH2O3,186,0.0,0.0,0.0,0.0,3.337412392924686e-05,6.0103377809832915e-05,1.7718872370962312e-05,1.7718872370962312e-05,0.0,2,0.0,-0.00111505133099854,0.0,0.0,0.0031055768486112356,0.0010808511869981885,0.00111505133099854,0.0,0.0,0.0,-3.9438791121781946e-10,0.0,0.0,1.5191258251334716e-09,3.8229147625301607e-10,3.9438791121781946e-10,0.0,0.0
2021-07-30_02h22m33s_C4H8N2O3_-H_-CH2O2_186,2021-07-30_02h22m33s,Asparagine,C4H8N2O3,-H,-CH2O2,186,0.0,0.0,0.0,0.0,7.787295583490934e-05,0.00015025844452458227,3.5437744741924624e-05,3.5437744741924624e-05,0.0,5,0.0,-0.0024844391737133265,0.0,0.0,0.008412116207182407,0.0024082378949970007,0.0024844391737133265,0.0,0.0,0.0,-1.0062494171236835e-09,0.0,0.0,3.900120226774106e-09,9.753863272621288e-10,1.0062494171236835e-09,0.0,0.0
2021-07-30_02h22m33s_C4H8N2O3_+Cl__186,2021-07-30_02h22m33s,Asparagine,C4H8N2O3,+Cl,,186,0.7850940340400423,0.6858308605784607,0.6497175141242938,0.0,0.7481143619979975,0.6308450534920063,0.8175664900685721,0.8175664900685721,0.7853506387079697,59,1395.2113037109375,-636.3270263671875,246952.40625,1182.4560546875,1618.2198486328125,2034.3363037109375,2031.538330078125,0.6867754333150337,0.8621884366955912,0.0007084541721269488,-0.0003503439947962761,0.12539638578891754,0.0006196930771693587,0.0008183569298125803,0.0010582399554550648,0.001058798166923225,0.3441105512473326,0.38961227056778663
2021-07-30_02h22m33s_C4H8N2O3_-H_+HCl_186,2021-07-30_02h22m33s,Asparagine,C4H8N2O3,-H,+HCl,186,0.7850940340400423,0.6858308605784607,0.6497175141242938,0.0,0.7481143619979975,0.6308450534920063,0.8175664900685721,0.8175664900685721,0.7853506387079697,59,1395.2113037109375,-636.3270263671875,246952.40625,1182.4560546875,1618.2198486328125,2034.3363037109375,2031.538330078125,0.6867754333150337,0.8621884366955912,0.0007084541721269488,-0.0003503439947962761,0.12539638578891754,0.0006196930771693587,0.0008183569298125803,0.0010582399554550648,0.001058798166923225,0.3441105512473326,0.38961227056778663
2021-07-30_02h22m33s_C4H8N2O3_+Cl_-H2_186,2021-07-30_02h22m33s,Asparagine,C4H8N2O3,+Cl,-H2,186,0.0,0.0,0.0,0.0,0.005273111580821004,0.007002043514845535,0.0042702482414019175,0.0042702482414019175,0.0,109,0.0,-0.2664521038532257,0.0,0.0,0.5841109156608582,0.2656514644622803,0.2664521038532257,0.0,0.0,0.0,-1.2690398421000282e-07,0.0,0.0,2.420595421881444e-07,1.2644346725210198e-07,1.2690398421000282e-07,0.0,0.0
2021-07-30_02h22m33s_C4H8N2O3_[M]-_-H2O_186,2021-07-30_02h22m33s,Asparagine,C4H8N2O3,[M]-,-H2O,186,0.8914355014737346,5.243487864668537,0.011299435028248588,0.011299435028248588,0.0031927911892312825,0.004026926313258805,0.0026755497280153092,0.0026755497280153092,0.8906245751885532,90,0.818810224533081,0.6634436845779419,144.92941284179688,7.937308311462402,0.2365962415933609,0.15515755116939545,0.15536655485630035,5.236479279635989,3.446225491792295,4.426141799740435e-07,3.720345205238118e-07,7.834270945750177e-05,4.718568561656866e-06,1.0661730698302563e-07,7.038677551918227e-08,7.05796594502317e-08,0.00044258294262067483,0.0004425669946729119
2021-07-30_02h22m33s_C4H8N2O3_[M]-_-CO2_186,2021-07-30_02h22m33s,Asparagine,C4H8N2O3,[M]-,-CO2,186,0.0,0.0,0.0,0.0,0.00015574591166981868,0.00015025844452458227,0.0001594698513386608,0.0001594698513386608,0.0,5,0.0,-0.007085432764142752,0.0,0.0,0.007820157334208488,0.0086789820343256,0.007085432764142752,0.0,0.0,0.0,-2.949515964800753e-09,0.0,0.0,2.9507105647752496e-09,3.684423210970067e-09,2.949515964800753e-09,0.0,0.0
2021-07-30_02h22m33s_C4H8N2O3_-H_+H2_186,2021-07-30_02h22m33s,Asparagine,C4H8N2O3,-H,+H2,186,0.7879044376357729,2.8208254340499432,0.011299435028248588,0.011299435028248588,0.00901101346089665,0.016919100853467966,0.0043411237308857665,0.0043411237308857665,0.7873880883695097,170,0.7145231366157532,0.46187135577201843,126.47059631347656,6.693697452545166,1.0675420761108398,0.2523028552532196,0.25265178084373474,2.81694508210823,0.6686897526921867,3.3723338788149704e-07,2.1577415054707672e-07,5.969031190034002e-05,3.240777232349501e-06,4.6240779738582205e-07,1.2151140538207983e-07,1.2145923733442032e-07,0.00033719243274578077,0.0003370775206076446
2021-07-30_02h22m33s_C4H8N2O3_-H_-H2_186,2021-07-30_02h22m33s,Asparagine,C4H8N2O3,-H,-H2,186,1.5359567775552236,6.059410718603935,0.022598870056497175,0.022598870056497175,0.006964067193236178,0.010698401250150258,0.004713220050675975,0.004713220050675975,1.5356542187051083,147,1.6763043403625488,1.4011857509613037,296.70587158203125,11.124672889709473,0.6900278329849243,0.27564477920532227,0.27511855959892273,6.070958586766034,2.425813057517062,7.249412874443806e-07,5.937597506999737e-07,0.00012831461208406836,4.893347067991272e-06,3.1361358310277865e-07,1.3091589323721564e-07,1.311815225335522e-07,0.0007248462010161286,0.0007247140072878303
2021-07-30_02h22m33s_C45H84O16P2_-H__31,2021-07-30_02h22m33s,PI(5)P 18:1,C45H84O16P2,-H,,31,34.197807960650934,10376.348685788862,0.3728813559322034,0.288135593220339,0.005061742129269107,0.010157470849861763,0.0009036624909190779,0.0009036624909190779,34.23988960712125,14,376.7929382324219,376.7580261230469,66692.3515625,1205.7135009765625,0.6449004411697388,0.03531267121434212,0.03491578251123428,10491.012916523894,583.360707340658,0.00018317534704692662,0.000183159951120615,0.032422035932540894,0.000562019064091146,2.578190674284997e-07,1.5677866116448058e-08,1.53905013178246e-08,0.1831725279298941,0.18312813312242507
2021-07-30_02h22m33s_C45H84O16P2_[M]-_-CH2O3_31,2021-07-30_02h22m33s,PI(5)P 18:1,C45H84O16P2,[M]-,-CH2O3,31,0.8042571462487688,1.390794778060935,0.01694915254237288,0.01694915254237288,0.016898431416175325,0.026776054814280564,0.011074295231851446,0.011074295231851446,0.8053188500795954,175,0.9738562703132629,0.27706432342529297,172.37255859375,7.431824207305908,2.428055763244629,0.6992156505584717,0.69679194688797,1.3956255509346183,0.4009196845330662,4.867661687057989e-07,1.817940926684969e-07,8.615761180408299e-05,3.8599832805630285e-06,1.0173033615501481e-06,3.063332201236335e-07,3.0497207603730203e-07,0.000486617763876113,0.00048627148309142405
2021-07-30_02h22m33s_C45H84O16P2_-H_-HPO3_31,2021-07-30_02h22m33s,PI(5)P 18:1,C45H84O16P2,-H,-HPO3,31,12.974799686859416,524.2229696132217,0.14124293785310735,0.14124293785310735,0.003593280676382245,0.007452818848419281,0.0008859436185481155,0.0008859436185481155,12.969655154212594,75,29.050182342529297,28.99549674987793,5141.88232421875,100.99700927734375,0.613860547542572,0.05441569909453392,0.05468536913394928,521.6842914814853,47.246782150253196,1.4401493899640627e-05,1.4378042578755412e-05,0.0025490643456578255,5.111367499921471e-05,2.5563372219039593e-07,2.3181939923233585e-08,2.3451054431689045e-08,0.014401156177343232,0.014397813333026904
2021-07-30_02h22m33s_C45H84O16P2_-H_+H2_31,2021-07-30_02h22m33s,PI(5)P 18:1,C45H84O16P2,-H,+H2,31,20.14233148102544,822.2964690741005,0.22033898305084745,0.22033898305084745,0.005250862164868172,0.011419641783868253,0.0009391002356610025,0.0009391002356610025,20.165376832588365,98,48.54113006591797,48.48396682739258,8591.7802734375,143.83436584472656,1.0463522672653198,0.05803117901086807,0.057161424309015274,834.5932143617378,46.34651738775615,2.371356458752416e-05,2.3690323359915055e-05,0.004197300877422094,6.703304097754881e-05,4.260668049482774e-07,2.3817639416279235e-08,2.3241614854896397e-08,0.023713013458798303,0.02370346532778575
2021-07-30_02h22m33s_C45H84O16P2_[M]-_+C12H14N2_31,2021-07-30_02h22m33s,PI(5)P 18:1,C45H84O16P2,[M]-,+C12H14N2,31,0.0,0.0,0.0,0.0,0.003559906552452998,0.008354369515566775,0.0007441926395804171,0.0007441926395804171,0.0,88,0.0,-0.04395377263426781,0.0,0.0,0.6287742853164673,0.045064378529787064,0.04395377263426781,0.0,0.0,0.0,-1.8467764206775428e-08,0.0,0.0,2.5616751031520835e-07,1.8927988065797763e-08,1.8467764206775428e-08,0.0,0.0
2021-07-30_02h22m33s_C45H84O16P2_+Cl_-H2_31,2021-07-30_02h22m33s,PI(5)P 18:1,C45H84O16P2,+Cl,-H2,31,1.3756120080444918,9.680993773304749,0.01694915254237288,0.01694915254237288,0.0054956057403493155,0.010818608005769925,0.0023211722805960627,0.0023211722805960627,1.373095902166917,107,1.3597428798675537,1.2188369035720825,240.67449951171875,10.385955810546875,0.942190945148468,0.1394548863172531,0.14090600609779358,9.581996683991628,1.4416411510964158,5.833752538819681e-07,5.217987677497149e-07,0.0001032574218697846,4.464477569854353e-06,3.7929302720840496e-07,6.084511028348061e-08,6.157650744853527e-08,0.0005833393338831302,0.0005831540676103353
2021-07-30_02h22m33s_C45H84O16P2_-H_+C12H14N2_31,2021-07-30_02h22m33s,PI(5)P 18:1,C45H84O16P2,-H,+C12H14N2,31,1.06931303501059,25.885216628905376,0.011299435028248588,0.011299435028248588,0.00233618867504728,0.005289097247265296,0.000567003915870794,0.000567003915870794,1.0715384285920093,54,0.9175142049789429,0.8842874765396118,162.40000915527344,8.60622501373291,0.4196418225765228,0.034445490688085556,0.03322674706578255,26.80693561720938,2.1812243950422436,4.747974173824332e-07,4.59438069810858e-07,8.403914398513734e-05,4.513115072768414e-06,1.785814731647406e-07,1.5948526055353796e-08,1.5359335137077323e-08,0.0004747901249217847,0.0004747126424994057
2021-07-30_02h22m33s_C45H84O16P2_+Cl_-CO2_31,2021-07-30_02h22m33s,PI(5)P 18:1,C45H84O16P2,+Cl,-CO2,31,0.41229050434414677,1.5380092813276782,0.005649717514124294,0.005649717514124294,0.006975191901212593,0.012531554273350162,0.0037032443255311234,0.0037032443255311234,0.4105630472371285,114,0.35708433389663696,0.12201692163944244,63.20392608642578,4.7372589111328125,1.002018928527832,0.2311730682849884,0.23506741225719452,1.512637133953902,0.356009566460269,1.544462975289207e-07,5.3950600431562634e-08,2.7336995117366314e-05,2.0489617327257292e-06,4.126225690015417e-07,9.878576889832402e-08,1.0049569709735806e-07,0.00015443077790024232,0.0001543825957856385
2021-07-30_02h22m33s_C45H84O16P2_-H_-CH2O2_31,2021-07-30_02h22m33s,PI(5)P 18:1,C45H84O16P2,-H,-CH2O2,31,0.0,0.0,0.0,0.0,0.006207587050839915,0.011059021517009255,0.003366585750482839,0.003366585750482839,0.0,13,0.0,-0.13702277839183807,0.0,0.0,5.778872013092041,0.1347980946302414,0.13702277839183807,0.0,0.0,0.0,-6.018686349307245e-08,0.0,0.0,2.158122242690297e-06,5.921006263065465e-08,6.018686349307245e-08,0.0,0.0
2021-07-30_02h22m33s_C45H84O16P2_+Cl_-CH2O2_31,2021-07-30_02h22m33s,PI(5)P 18:1,C45H84O16P2,+Cl,-CH2O2,31,0.32523751985947424,0.685942509300672,0.005649717514124294,0.005649717514124294,0.009667371231505174,0.013583363385022237,0.007371050906320321,0.007371050906320321,0.324796795464175,152,0.3190428614616394,-0.14653167128562927,56.47058868408203,4.232582092285156,0.9538702964782715,0.46411603689193726,0.4655745327472687,0.6837982767363272,0.33412167352814853,1.8471584439794242e-07,-2.0658873722823046e-08,3.269470471423119e-05,2.4505325200152583e-06,4.0924936683950364e-07,2.0480295859215403e-07,2.0537471812076546e-07,0.000184677916222955,0.0001846402804800629
2021-07-30_02h22m33s_C45H84O16P2_-H_-H2_31,2021-07-30_02h22m33s,PI(5)P 18:1,C45H84O16P2,-H,-H2,31,4.53080816284588,62.36257053422434,0.05084745762711865,0.05084745762711865,0.004972744465457782,0.011089073205914173,0.0012226021935963995,0.0012226021935963995,4.5183146073564915,93,4.757505416870117,4.680306434631348,842.0784912109375,21.664670944213867,0.9495510458946228,0.0752878338098526,0.07719875872135162,60.83863087677265,5.004997298585404,2.1934629330644384e-06,2.1584899059234885e-06,0.0003882429446093738,9.861510079645086e-06,4.026409214930027e-07,3.410741911125115e-08,3.497311595879182e-08,0.002193386223513701,0.0021925801105882638
2021-07-30_02h22m33s_C45H84O16P2_+Cl__31,2021-07-30_02h22m33s,PI(5)P 18:1,C45H84O16P2,+Cl,,31,0.9927397211720123,8.45504492305603,0.011299435028248588,0.011299435028248588,0.0038157748359105574,0.007903594181993028,0.0013820720449350603,0.0013820720449350603,0.9928494635293779,76,0.7090728282928467,0.6262502670288086,125.50588989257812,6.680137634277344,0.6605350375175476,0.08286387473344803,0.08282255381345749,8.459212897173826,1.0718598231073106,2.8786007533199154e-07,2.5195407715727924e-07,5.095123560749926e-05,2.7154985673405463e-06,2.745042593232938e-07,3.598456288500529e-08,3.590601238556701e-08,0.00028784973979566924,0.0002877810782002729
2021-07-30_02h22m33s_C45H84O16P2_-H_+HCl_31,2021-07-30_02h22m33s,PI(5)P 18:1,C45H84O16P2,-H,+HCl,31,0.9927397211720123,8.45504492305603,0.011299435028248588,0.011299435028248588,0.0038157748359105574,0.007903594181993028,0.0013820720449350603,0.0013820720449350603,0.9928494635293779,76,0.7090728282928467,0.6262502670288086,125.50588989257812,6.680137634277344,0.6605350375175476,0.08286387473344803,0.08282255381345749,8.459212897173826,1.0718598231073106,2.8786007533199154e-07,2.5195407715727924e-07,5.095123560749926e-05,2.7154985673405463e-06,2.745042593232938e-07,3.598456288500529e-08,3.590601238556701e-08,0.00028784973979566924,0.0002877810782002729
2021-07-30_02h22m33s_C45H84O16P2_+Cl_-HPO3_31,2021-07-30_02h22m33s,PI(5)P 18:1,C45H84O16P2,+Cl,-HPO3,31,0.0,0.0,0.0,0.0,0.004327511402825676,0.009195816804904436,0.001470666406789872,0.001470666406789872,0.0,94,0.0,-0.0988212376832962,0.0,0.0,0.7597123980522156,0.09785931557416916,0.0988212376832962,0.0,0.0,0.0,-4.089731220346948e-08,0.0,0.0,3.1428047009285365e-07,4.058996339040277e-08,4.089731220346948e-08,0.0,0.0
2021-07-30_02h22m33s_C45H84O16P2_-H_-H3PO4_31,2021-07-30_02h22m33s,PI(5)P 18:1,C45H84O16P2,-H,-H3PO4,31,7.373909349364619,172.74304030831453,0.07909604519774012,0.07909604519774012,0.0028479252419623983,0.0060403894698882075,0.0007264737672094548,0.0007264737672094548,7.361255204064283,76,7.633633136749268,7.589346408843994,1351.153076171875,30.240135192871094,0.47737643122673035,0.04319068416953087,0.04428693652153015,168.56148203180211,15.957377158347597,3.4819829579646466e-06,3.4627832974365447e-06,0.0006163109792396426,1.3234716789156664e-05,1.9813195706319675e-07,1.8724465533637158e-08,1.919971914787766e-08,0.003481916106153312,0.0034812932025293187
2021-07-30_02h22m33s_C45H84O16P2_+Cl_-H2O_31,2021-07-30_02h22m33s,PI(5)P 18:1,C45H84O16P2,+Cl,-H2O,31,0.866819650651115,1.2570807440279033,0.022598870056497175,0.022598870056497175,0.018978751807765048,0.023891092679408584,0.016071017240462816,0.016071017240462816,0.8629400637641214,172,1.2917027473449707,0.2565380334854126,228.63137817382812,8.513847351074219,1.7448550462722778,1.0265415906906128,1.035164713859558,1.2466191234534245,0.7398682669005048,5.871750659025565e-07,1.2155857120887958e-07,0.00010392998228780925,3.987479431089014e-06,7.555974548267841e-07,4.6199824055292993e-07,4.6561649469367694e-07,0.0005869017947461574,0.0005867317328985123
2021-07-30_02h22m33s_C45H84O16P2_[M]-_-H2O_31,2021-07-30_02h22m33s,PI(5)P 18:1,C45H84O16P2,[M]-,-H2O,31,2.3098416462903124,8.444407688700986,0.05084745762711865,0.05084745762711865,0.017766158638335743,0.027347036903473974,0.012013395467512447,0.012013395467512447,2.3045488041803446,174,6.4945387840271,5.722578525543213,1149.5333251953125,31.461200714111328,2.179574728012085,0.768093466758728,0.771960437297821,8.402161961524506,2.978361025924495,3.314776677143527e-06,2.980086492243572e-06,0.0005867154686711729,1.6654503269819543e-05,9.263861215913494e-07,3.3329078519273025e-07,3.3469027016508335e-07,0.003313667624830935,0.0033117087561131114
2021-07-30_02h22m33s_C45H84O16P2_+Cl_+C12H14N2_31,2021-07-30_02h22m33s,PI(5)P 18:1,C45H84O16P2,+Cl,+C12H14N2,31,0.0,0.0,0.0,0.0,0.0020580709756368894,0.0039367712465440555,0.0009568191080319648,0.0009568191080319648,0.0,61,0.0,-0.058422114700078964,0.0,0.0,0.27006250619888306,0.05796677619218826,0.058422114700078964,0.0,0.0,0.0,-2.4676561238834438e-08,0.0,0.0,1.1311175285300124e-07,2.4536364051641613e-08,2.4676561238834438e-08,0.0,0.0
2021-07-30_02h22m33s_C45H84O16P2_[M]-_+HCl_31,2021-07-30_02h22m33s,PI(5)P 18:1,C45H84O16P2,[M]-,+HCl,31,0.0,0.0,0.0,0.0,0.010268105462231617,0.021396802500300516,0.003738682070273048,0.003738682070273048,0.0,155,0.0,-0.2349316030740738,0.0,0.0,1.7527334690093994,0.23221814632415771,0.2349316030740738,0.0,0.0,0.0,-1.0286726848107719e-07,0.0,0.0,7.362863243542961e-07,1.0178867171362072e-07,1.0286726848107719e-07,0.0,0.0
2021-07-30_02h22m33s_C45H84O16P2_-H_-CO2_31,2021-07-30_02h22m33s,PI(5)P 18:1,C45H84O16P2,-H,-CO2,31,0.0,0.0,0.0,0.0,0.004327511402825676,0.009195816804904436,0.001470666406789872,0.001470666406789872,0.0,94,0.0,-0.0988212376832962,0.0,0.0,0.7597123980522156,0.09785931557416916,0.0988212376832962,0.0,0.0,0.0,-4.089731220346948e-08,0.0,0.0,3.1428047009285365e-07,4.058996339040277e-08,4.089731220346948e-08,0.0,0.0
2021-07-30_02h22m33s_C45H84O16P2_[M]-_-CH2O2_31,2021-07-30_02h22m33s,PI(5)P 18:1,C45H84O16P2,[M]-,-CH2O2,31,0.9984674991416199,1.7614404907520467,0.022598870056497175,0.022598870056497175,0.019668483702302814,0.0315843250390672,0.012633556000496128,0.012633556000496128,0.9971475131550462,177,1.3929544687271118,0.6013363003730774,246.55294799804688,9.347769737243652,3.055114507675171,0.7898041605949402,0.7916181683540344,1.7574092095564082,0.4557926298994444,6.786212338738551e-07,3.28795636050927e-07,0.00012011596118099988,4.493300821195589e-06,1.2964144389115972e-06,3.489542734769202e-07,3.498255978229281e-07,0.0006783839178142523,0.0006777425985831863
2021-07-30_02h22m33s_C45H84O16P2_-H_-CH2O3_31,2021-07-30_02h22m33s,PI(5)P 18:1,C45H84O16P2,-H,-CH2O3,31,1.002099744942825,8.080252101737413,0.011299435028248588,0.011299435028248588,0.0035487818444765824,0.007362663781704532,0.0012757588107092865,0.0012757588107092865,1.0008382747904767,81,0.6438019275665283,0.5641047358512878,113.95294189453125,6.025835990905762,0.5952687859535217,0.07867597043514252,0.07969718426465988,7.977997416304793,1.0797176419976338,3.1876575690148456e-07,2.8355773906696413e-07,5.642153701046482e-05,2.995739805555786e-06,2.5293965677519736e-07,3.474307774808949e-08,3.520802849266147e-08,0.0003187545341827629,0.00031868514878933044
2021-07-30_02h22m33s_C45H84O16P2_-H_-H2O_31,2021-07-30_02h22m33s,PI(5)P 18:1,C45H84O16P2,-H,-H2O,31,8.278282641091756,62.30450364904902,0.12429378531073447,0.12429378531073447,0.007865168539325843,0.012080778939776415,0.005014440880982334,0.005014440880982334,8.27823081256392,128,19.375207901000977,19.065523147583008,3429.411865234375,68.75955963134766,0.9943574666976929,0.3099760413169861,0.30968567728996277,62.36273287525291,19.465577492759753,9.503513865638524e-06,9.363786375615746e-06,0.001682122005149722,3.300353273516521e-05,4.205425625514181e-07,1.3980246649225592e-07,1.3972751844448794e-07,0.009502186148748162,0.009499518913611588
2021-07-30_02h22m33s_C45H84O16P2_+Cl_+H2_31,2021-07-30_02h22m33s,PI(5)P 18:1,C45H84O16P2,+Cl,+H2,31,0.5074289150415087,4.563326349513105,0.005649717514124294,0.005649717514124294,0.003849148959839804,0.008444524582281523,0.001134007831741588,0.001134007831741588,0.5094371755855195,86,0.3370111882686615,0.26656579971313477,59.65098190307617,4.470958232879639,0.7525912523269653,0.07285209000110626,0.07044538110494614,4.717046547398574,0.44720687405543336,1.3811894916671008e-07,1.0719717380425209e-07,2.4447053874609992e-05,1.8323549966225983e-06,3.1479339668294415e-07,3.1936522759679065e-08,3.092177536245799e-08,0.00013811467841564986,0.00013807548391612948
2021-07-30_02h22m33s_C45H84O16P2_[M]-_+H2_31,2021-07-30_02h22m33s,PI(5)P 18:1,C45H84O16P2,[M]-,+H2,31,4.353716118145647,25.687609450320927,0.05649717514124294,0.05649717514124294,0.009189008788519302,0.019473494410385865,0.0029767705583216685,0.0029767705583216685,4.364969848082555,140,4.474709510803223,4.302907466888428,792.0235595703125,19.4266357421875,1.630122423171997,0.1731971949338913,0.17180213332176208,25.89498997949983,2.743331492004986,2.0526015305222245e-06,1.9783933566941414e-06,0.0003633104788605124,8.911273653211538e-06,6.783103572161053e-07,7.515348698916569e-08,7.42081880389378e-08,0.002052449221984419,0.0020512101734167687
2021-07-30_02h22m33s_C45H84O16P2_[M]-_-H3PO4_31,2021-07-30_02h22m33s,PI(5)P 18:1,C45H84O16P2,[M]-,-H3PO4,31,1.9054370108611534,4.036489499731585,0.03954802259887006,0.03954802259887006,0.015708087662698853,0.02398124774612333,0.010755355529174124,0.010755355529174124,1.8987466537350037,169,2.8640525341033936,2.1493923664093018,506.9372863769531,14.715344429016113,2.0201151371002197,0.7085404396057129,0.7146601676940918,4.0019728125034195,1.4170655008860962,1.2837831491196994e-06,9.801830174183124e-07,0.00022722961148247123,6.754792138963239e-06,8.500678632117342e-07,3.0130937034300587e-07,3.0360016012309643e-07,0.0012833935106443667,0.0012826927732148155
2021-07-30_02h22m33s_C45H84O16P2_[M]-_-HPO3_31,2021-07-30_02h22m33s,PI(5)P 18:1,C45H84O16P2,[M]-,-HPO3,31,8.43983923546049,57.762729591093816,0.11864406779661017,0.11864406779661017,0.009556124151741016,0.01830147854309412,0.0040576217729503695,0.0040576217729503695,8.432553578932623,146,15.142374038696289,14.87979793548584,2680.2001953125,49.418701171875,1.5102235078811646,0.2611478269100189,0.2625763416290283,57.449670729585016,10.019943416528044,7.803425432939548e-06,7.690020538575482e-06,0.001381206326186657,2.6361010895925574e-05,6.424053822229325e-07,1.1287208678822935e-07,1.1340481620436549e-07,0.007802540587258323,0.007798415688728297
2021-07-30_02h22m33s_C45H84O16P2_[M]-_-H2_31,2021-07-30_02h22m33s,PI(5)P 18:1,C45H84O16P2,[M]-,-H2,31,3.390571459411009,13.684256747207128,0.05084745762711865,0.05084745762711865,0.012381799977750584,0.02470248827984133,0.004996722008611372,0.004996722008611372,3.3906518873232496,151,4.318644046783447,4.003536224365234,764.4000244140625,19.652528762817383,2.257707118988037,0.3145921528339386,0.3151077330112457,13.661937358013981,1.9119982446942119,2.0106333522562636e-06,1.8712872815740411e-06,0.00035588210448622704,9.159509318124037e-06,9.491394052929536e-07,1.3892432093598472e-07,1.3934611331478663e-07,0.0020103532173490362,0.0020087267905049278
2021-07-30_02h22m33s_C45H84O16P2_+Cl_-H3PO4_31,2021-07-30_02h22m33s,PI(5)P 18:1,C45H84O16P2,+Cl,-H3PO4,31,1.002099744942825,8.080252101737413,0.011299435028248588,0.011299435028248588,0.0035487818444765824,0.007362663781704532,0.0012757588107092865,0.0012757588107092865,1.0008382747904767,81,0.6438019275665283,0.5641047358512878,113.95294189453125,6.025835990905762,0.5952687859535217,0.07867597043514252,0.07969718426465988,7.977997416304793,1.0797176419976338,3.1876575690148456e-07,2.8355773906696413e-07,5.642153701046482e-05,2.995739805555786e-06,2.5293965677519736e-07,3.474307774808949e-08,3.520802849266147e-08,0.0003187545341827629,0.00031868514878933044
2021-07-30_02h22m33s_C4H6O5_-H_+H2_59,2021-07-30_02h22m33s,Malic acid,C4H6O5,-H,+H2,59,0.0,0.0,0.0,0.0,0.008877516965179664,0.008534679648996273,0.009107500398674629,0.009107500398674629,0.0,2,0.0,-22.37997817993164,0.0,0.0,268.14532470703125,21.82520866394043,22.37997817993164,0.0,0.0,0.0,-1.009098286886001e-05,0.0,0.0,0.00011440413072705269,9.840839993557893e-06,1.009098286886001e-05,0.0,0.0
2021-07-30_02h22m33s_C4H6O5_-H__59,2021-07-30_02h22m33s,Malic acid,C4H6O5,-H,,59,1.3971827551629836,9.993495625697213,0.9717514124293786,0.9717514124293786,0.7267104238513739,0.7952878951797091,0.6855077342877899,0.6855077342877899,1.4005478835491763,189,2809.515625,2529.886962890625,497284.25,3669.58984375,354.88372802734375,281.1334228515625,279.628662109375,10.047273253511566,7.916699150783203,0.0012971310643479228,0.0011644858168438077,0.2295922040939331,0.0014989132760092616,0.0001649686455493793,0.00013317802222445607,0.0001326452475041151,1.1452227140018172,1.113447189590427
2021-07-30_02h22m33s_C4H6O5_+Cl__59,2021-07-30_02h22m33s,Malic acid,C4H6O5,+Cl,,59,0.0,0.0,0.0,0.0,0.020324841472911335,0.039157350643106145,0.00928468912238425,0.00928468912238425,0.0,16,0.0,-1.2726566791534424,0.0,0.0,51.240142822265625,1.3123047351837158,1.2726566791534424,0.0,0.0,0.0,-6.007199999658042e-07,0.0,0.0,2.1693540475098416e-05,6.215029202394362e-07,6.007199999658042e-07,0.0,0.0
2021-07-30_02h22m33s_C4H6O5_-H_+HCl_59,2021-07-30_02h22m33s,Malic acid,C4H6O5,-H,+HCl,59,0.0,0.0,0.0,0.0,0.020324841472911335,0.039157350643106145,0.00928468912238425,0.00928468912238425,0.0,16,0.0,-1.2726566791534424,0.0,0.0,51.240142822265625,1.3123047351837158,1.2726566791534424,0.0,0.0,0.0,-6.007199999658042e-07,0.0,0.0,2.1693540475098416e-05,6.215029202394362e-07,6.007199999658042e-07,0.0,0.0
2021-07-30_02h22m33s_C4H6O5_+Cl_+H2_59,2021-07-30_02h22m33s,Malic acid,C4H6O5,+Cl,+H2,59,0.0,0.0,0.0,0.0,0.011091333852486372,0.01568698160836639,0.008416464376207099,0.008416464376207099,0.0,6,0.0,-16.507247924804688,0.0,0.0,227.6368865966797,16.098052978515625,16.507247924804688,0.0,0.0,0.0,-7.381602699751966e-06,0.0,0.0,9.158523607766256e-05,7.198622370196972e-06,7.381602699751966e-06,0.0,0.0
2021-07-30_02h22m33s_C4H6O5_+Cl_-H2_59,2021-07-30_02h22m33s,Malic acid,C4H6O5,+Cl,-H2,59,0.5824262023989103,0.7661303517874369,0.01694915254237288,0.0,0.023984870397152074,0.03230556557278519,0.019100944415897374,0.019100944415897374,0.5796315709323582,6,1.7092722654342651,-0.5426453351974487,302.54119873046875,13.01742935180664,22.338735580444336,2.230046272277832,2.251917600631714,0.7586927568744585,0.07651264533903081,8.355464728992956e-07,-2.3321587150348932e-07,0.0001478917256463319,6.3926222537702415e-06,9.599745681043714e-06,1.0594043260425678e-06,1.068762344402785e-06,0.0008346544256785412,0.0008276017069870225
2021-07-30_02h22m33s_C4H6O5_+Cl_+C12H14N2_59,2021-07-30_02h22m33s,Malic acid,C4H6O5,+Cl,+C12H14N2,59,1.1821509636545395,1.3062013702682667,0.3389830508474576,0.3389830508474576,0.31200355990655243,0.3716492366871018,0.27675106756206036,0.27675106756206036,1.1810154058801123,189,25.468595504760742,5.943960189819336,4507.94140625,38.11671447753906,32.57535934448242,19.497215270996094,19.524635314941406,1.3043670586877991,0.7818122103651971,1.2031818187097088e-05,2.8839631340815686e-06,0.0021296318154782057,1.830780820455402e-05,1.4655438462796155e-05,9.127293196797837e-06,9.147855053015519e-06,0.011922750592840528,0.01185803350674915
2021-07-30_02h22m33s_C4H6O5_+Cl_-CO2_59,2021-07-30_02h22m33s,Malic acid,C4H6O5,+Cl,-CO2,59,0.0,0.0,0.0,0.0,0.005896095227500278,0.006310854670032456,0.00567003915870794,0.00567003915870794,0.0,82,0.0,-0.3605521023273468,0.0,0.0,0.6608867049217224,0.35591429471969604,0.3605521023273468,0.0,0.0,0.0,-1.9204978229936387e-07,0.0,0.0,3.0005972462276986e-07,1.89428533303726e-07,1.9204978229936387e-07,0.0,0.0
2021-07-30_02h22m33s_C4H6O5_+Cl_-H2O_59,2021-07-30_02h22m33s,Malic acid,C4H6O5,+Cl,-H2O,59,0.0,0.0,0.0,0.0,0.03783513182778952,0.07804423608606803,0.0142459733862537,0.0142459733862537,0.0,34,0.0,-1.3604868650436401,0.0,0.0,35.93421936035156,1.3331531286239624,1.3604868650436401,0.0,0.0,0.0,-6.487417181233468e-07,0.0,0.0,1.474769214837579e-05,6.356059998324781e-07,6.487417181233468e-07,0.0,0.0
2021-07-30_02h22m33s_C4H6O5_-H_+C12H14N2_59,2021-07-30_02h22m33s,Malic acid,C4H6O5,-H,+C12H14N2,59,0.7803575202925432,1.0277995659625703,0.13559322033898305,0.13559322033898305,0.14775837134275224,0.12068758264214449,0.16375781845243367,0.16375781845243367,0.7752425793514227,189,32.23407745361328,0.7323169708251953,5705.431640625,87.22440338134766,24.55486488342285,31.361221313476562,31.501760482788086,1.0232143773947924,1.3126834508432985,1.4437407116929535e-05,-1.2148711903137155e-06,0.0025554210878908634,4.0296788938576356e-05,1.1656178685370833e-05,1.5565508874715306e-05,1.565227830724325e-05,0.014214911368083496,0.014271061078963298
2021-07-30_02h22m33s_C4H6O5_[M]-_+H2_59,2021-07-30_02h22m33s,Malic acid,C4H6O5,[M]-,+H2,59,0.8498556907782369,0.8533863816189574,0.011299435028248588,0.011299435028248588,0.005851596395594616,0.010157470849861763,0.00329571026099899,0.00329571026099899,0.8491470344421554,135,0.8022598624229431,-0.1488627791404724,142.0,7.517574787139893,3.0642011165618896,0.939089834690094,0.9511226415634155,0.8426013912510336,0.26173155754386684,2.6645545858627884e-07,-1.1439925629019854e-07,4.716261537396349e-05,2.4976907297968864e-06,1.2833444316129317e-06,3.752521138267184e-07,3.808547148764774e-07,0.00026635401640330537,0.00026611394273968927
2021-07-30_02h22m33s_C4H6O5_+Cl_+HCl_59,2021-07-30_02h22m33s,Malic acid,C4H6O5,+Cl,+HCl,59,0.0,0.0,0.0,0.0,0.0038713983757926356,0.0071222502704652,0.0019667948331768166,0.0019667948331768166,0.0,88,0.0,-0.14425155520439148,0.0,0.0,0.8076239824295044,0.1455579549074173,0.14425155520439148,0.0,0.0,0.0,-6.062298041342729e-08,0.0,0.0,3.4354806643932534e-07,6.074770908526261e-08,6.062298041342729e-08,0.0,0.0
2021-07-30_02h22m33s_C4H6O5_[M]-_+C12H14N2_59,2021-07-30_02h22m33s,Malic acid,C4H6O5,[M]-,+C12H14N2,59,0.41184982816998605,0.46851341195774965,0.06779661016949153,0.06779661016949153,0.1279230170208032,0.08297271306647433,0.15461488030901713,0.15461488030901713,0.40885760076925065,189,19.56592559814453,-22.44495391845703,3463.168701171875,78.61665344238281,21.05931854248047,41.760719299316406,42.01087951660156,0.46572364348547635,0.9290422440039727,9.314527233073022e-06,-1.2385556146909948e-05,0.0016486713429912925,3.9368547732010484e-05,1.060115118889371e-05,2.155340916942805e-05,2.170008337998297e-05,0.009116694208596666,0.00921681834828231
2021-07-30_02h22m33s_C4H6O5_[M]-__59,2021-07-30_02h22m33s,Malic acid,C4H6O5,[M]-,,59,2.243640551983202,2.5804626373598305,0.06779661016949153,0.06779661016949153,0.027667148737345645,0.04008895299915855,0.020217233375268,0.020217233375268,2.2325203308095554,186,18.593154907226562,11.279756546020508,3290.98828125,75.22818756103516,10.648829460144043,7.204357147216797,7.313398361206055,2.541993748363574,1.7458640982759064,7.1923082032299135e-06,3.893348548444919e-06,0.0012730385642498732,3.025829755642917e-05,4.5160986701375805e-06,3.2416680824098876e-06,3.298959654784994e-06,0.007168659086125876,0.007159973058422551
2021-07-30_02h22m33s_C4H6O5_[M]-_-CH2O3_59,2021-07-30_02h22m33s,Malic acid,C4H6O5,[M]-,-CH2O3,59,0.0,0.0,0.0,0.0,7.787295583490934e-05,6.0103377809832915e-05,8.859436185481156e-05,8.859436185481156e-05,0.0,2,0.0,-0.005094519350677729,0.0,0.0,0.0036692521534860134,0.004968232940882444,0.005094519350677729,0.0,0.0,0.0,-3.240983703634015e-09,0.0,0.0,1.2240650715256152e-09,3.16064396876925e-09,3.240983703634015e-09,0.0,0.0
2021-07-30_02h22m33s_C4H6O5_+Cl_-CH2O3_59,2021-07-30_02h22m33s,Malic acid,C4H6O5,+Cl,-CH2O3,59,0.0,0.0,0.0,0.0,0.00020024474357548114,0.00015025844452458227,0.00023034534082251004,0.00023034534082251004,0.0,5,0.0,-0.01206275261938572,0.0,0.0,0.009179789572954178,0.012685948051512241,0.01206275261938572,0.0,0.0,0.0,-4.931569375088429e-09,0.0,0.0,3.8908791744063365e-09,5.421941118299856e-09,4.931569375088429e-09,0.0,0.0
2021-07-30_02h22m33s_C4H6O5_[M]-_-CH2O2_59,2021-07-30_02h22m33s,Malic acid,C4H6O5,[M]-,-CH2O2,59,0.0,0.0,0.0,0.0,0.00010012237178774057,0.00012020675561966583,8.859436185481156e-05,8.859436185481156e-05,0.0,4,0.0,-0.005017709452658892,0.0,0.0,0.006346916779875755,0.004893327131867409,0.005017709452658892,0.0,0.0,0.0,-1.899368440305693e-09,0.0,0.0,2.5647248769189446e-09,1.8522855471658772e-09,1.899368440305693e-09,0.0,0.0
2021-07-30_02h22m33s_C4H6O5_[M]-_+HCl_59,2021-07-30_02h22m33s,Malic acid,C4H6O5,[M]-,+HCl,59,0.0,0.0,0.0,0.0,0.0027033040382689953,0.0035761509796850585,0.002197140173999327,0.002197140173999327,0.0,70,0.0,-0.1321534663438797,0.0,0.0,0.22019922733306885,0.13463786244392395,0.1321534663438797,0.0,0.0,0.0,-5.882946751967211e-08,0.0,0.0,9.512419296697772e-08,5.99374558873933e-08,5.882946751967211e-08,0.0,0.0
2021-07-30_02h22m33s_C4H6O5_-H_-H2O_59,2021-07-30_02h22m33s,Malic acid,C4H6O5,-H,-H2O,59,0.3998839183827123,0.9780334812022345,0.06779661016949153,0.06779661016949153,0.15887195461119147,0.15822214208438515,0.15954072682814466,0.15954072682814466,0.3997469387906292,189,19.91527557373047,-0.41854095458984375,3525.00390625,93.5846939086914,21.890214920043945,20.361570358276367,20.333816528320312,0.9793683432547547,0.9097382510047775,9.725300515128765e-06,7.362268661381677e-08,0.0017213781829923391,4.6174296585377306e-05,1.026345034915721e-05,9.664896424510516e-06,9.651677828514948e-06,0.009632332346582369,0.00962649941633304
2021-07-30_02h22m33s_C4H6O5_[M]-_-CO2_59,2021-07-30_02h22m33s,Malic acid,C4H6O5,[M]-,-CO2,59,0.0,0.0,0.0,0.0,0.00015574591166981868,0.00015025844452458227,0.0001594698513386608,0.0001594698513386608,0.0,5,0.0,-0.007329695392400026,0.0,0.0,0.007942130789160728,0.009348684921860695,0.007329695392400026,0.0,0.0,0.0,-3.2965772334137e-09,0.0,0.0,3.4446709928914743e-09,4.141958775960575e-09,3.2965772334137e-09,0.0,0.0
2021-07-30_02h22m33s_C4H6O5_+Cl_-CH2O2_59,2021-07-30_02h22m33s,Malic acid,C4H6O5,+Cl,-CH2O2,59,0.0,0.0,0.0,0.0,0.006218711758816331,0.011720158672917418,0.002994489430692631,0.002994489430692631,0.0,90,0.0,-0.17598608136177063,0.0,0.0,1.2086021900177002,0.17748890817165375,0.17598608136177063,0.0,0.0,0.0,-8.044811039553679e-08,0.0,0.0,5.27662280092045e-07,8.129661921429943e-08,8.044811039553679e-08,0.0,0.0
2021-07-30_02h22m33s_C4H6O5_[M]-_-H2_59,2021-07-30_02h22m33s,Malic acid,C4H6O5,[M]-,-H2,59,0.0,0.0,0.0,0.0,0.0012348425853821337,0.0016227912008654887,0.0010099757251448517,0.0010099757251448517,0.0,27,0.0,-0.05490324646234512,0.0,0.0,0.11472673714160919,0.056370340287685394,0.05490324646234512,0.0,0.0,0.0,-2.4919739161077814e-08,0.0,0.0,4.785054841249803e-08,2.5561954331010384e-08,2.4919739161077814e-08,0.0,0.0
2021-07-30_02h22m33s_C4H6O5_-H_-CH2O3_59,2021-07-30_02h22m33s,Malic acid,C4H6O5,-H,-CH2O3,59,0.0,0.0,0.0,0.0,5.5623539882078096e-05,3.0051688904916458e-05,7.087548948384925e-05,7.087548948384925e-05,0.0,1,0.0,-0.003967312164604664,0.0,0.0,0.001803101389668882,0.0038689677603542805,0.003967312164604664,0.0,0.0,0.0,-1.430446205930025e-09,0.0,0.0,9.879969065096361e-10,1.3949872368357319e-09,1.430446205930025e-09,0.0,0.0
2021-07-30_02h22m33s_C4H6O5_[M]-_-H2O_59,2021-07-30_02h22m33s,Malic acid,C4H6O5,[M]-,-H2O,59,1.058661976342224,15.569856751789873,0.011299435028248588,0.011299435028248588,0.0009233507620424964,0.0012922226229114076,0.0006733171500965679,0.0006733171500965679,1.0569671047363027,34,0.6099036335945129,0.5707612633705139,107.95294189453125,5.721042156219482,0.077421635389328,0.038172077387571335,0.039142366498708725,15.193514652758001,7.777236862845525,2.3030230522635975e-07,2.1243552339456073e-07,4.076350887771696e-05,2.154492449335521e-06,3.3909135055409934e-08,1.742388811010187e-08,1.7866780055442177e-08,0.00023029819053924222,0.00023029449613918765
2021-07-30_02h22m33s_C9H11NO2_-H_-H2O_149,2021-07-30_02h22m33s,Phenylalanine,C9H11NO2,-H,-H2O,149,0.7086451360317209,0.23256426355992849,0.06779661016949153,0.0,0.09351429524974969,0.10695396081259767,0.08567074791360278,0.08567074791360278,0.7060823830136093,83,9.819076538085938,-32.81058120727539,1737.9765625,36.41010665893555,44.216312408447266,42.21991729736328,42.62965774536133,0.23032899461079412,0.2220640740754317,4.767523932969198e-06,-1.4412891687243246e-05,0.0008438517106696963,1.8036120309261605e-05,2.0081688489881344e-05,1.897791116789449e-05,1.9180415620212443e-05,0.00467780175119237,0.00467366877257349
2021-07-30_02h22m33s_C9H11NO2_-H__149,2021-07-30_02h22m33s,Phenylalanine,C9H11NO2,-H,,149,34.00837578417024,1197.6888393103727,0.9378531073446328,0.7740112994350282,0.020703081544109467,0.02112633730015627,0.017577121391994615,0.017577121391994615,39.39004522662789,5,1795.501220703125,1794.4261474609375,317803.71875,2929.500732421875,2.9784014225006104,1.4981383085250854,1.0751291513442993,1668.481165536857,602.638237044326,0.0008915549260564148,0.0008910151082091033,0.15780521929264069,0.001446181326173246,1.3440184147839318e-06,7.50167657770362e-07,5.398284770308237e-07,0.8910738989906009,0.8903582681482685
2021-07-30_02h22m33s_C9H11NO2_-H_-NH3_149,2021-07-30_02h22m33s,Phenylalanine,C9H11NO2,-H,-NH3,149,2.7398486272249762,32.18551802896377,0.576271186440678,0.576271186440678,0.21522972521971298,0.23858035821613174,0.2003295710260999,0.2003295710260999,2.7695498561971044,189,471.079833984375,456.6724853515625,83381.1328125,849.7818603515625,20.971454620361328,14.635391235351562,14.40734577178955,32.69492844256373,22.46183589435555,0.00023885109112598002,0.00023280926689039916,0.042276643216609955,0.0004421502526383847,8.916108527046163e-06,6.146563009679085e-06,6.041831056791125e-06,0.23741665977753648,0.23674028901638564
2021-07-30_02h22m33s_C9H11NO2_+Cl_+HCl_149,2021-07-30_02h22m33s,Phenylalanine,C9H11NO2,+Cl,+HCl,149,1.561356402013453,2.125907031541604,0.062146892655367235,0.062146892655367235,0.04427633774613417,0.06872821252554394,0.02980314332795861,0.02980314332795861,1.5586639493645662,186,3.923163890838623,2.073519229888916,694.4000244140625,15.56411075592041,4.628537178039551,1.844407081604004,1.849644660949707,2.119890421765434,0.8474203230181094,1.7809318251238437e-06,9.663825721872854e-07,0.00031522492645308375,7.254712272697361e-06,1.964801413123496e-06,8.108028168862802e-07,8.145492529365583e-07,0.0017794823491057658,0.0017774395094639075
2021-07-30_02h22m33s_C9H11NO2_[M]-_+C12H14N2_149,2021-07-30_02h22m33s,Phenylalanine,C9H11NO2,[M]-,+C12H14N2,149,1.170931188805117,1.2423948534512446,0.20903954802259886,0.20903954802259886,0.17139837579263545,0.17607284529390552,0.16852419512022254,0.16852419512022254,1.1742452321723456,189,14.910269737243652,2.9537973403930664,2639.11767578125,30.559282302856445,12.587239265441895,12.000232696533203,11.956472396850586,1.246941597889098,1.1844603063890244,7.205896508821752e-06,1.414730377291562e-06,0.0012754437047988176,1.5340792742790654e-05,6.075048077036627e-06,5.8012492445413955e-06,5.79116613153019e-06,0.007164406242040324,0.007162384677559348
2021-07-30_02h22m33s_C9H11NO2_+Cl_+C12H14N2_149,2021-07-30_02h22m33s,Phenylalanine,C9H11NO2,+Cl,+C12H14N2,149,1.0126735387652492,1.1295659382363579,0.23163841807909605,0.23163841807909605,0.22800088997663812,0.24368914532996755,0.21873947941952973,0.21873947941952973,1.014472805467224,189,18.639549255371094,2.163959503173828,3299.2001953125,36.48088836669922,20.271455764770508,16.50051498413086,16.475589752197266,1.1312747076733753,0.9194519633759871,8.20170134829823e-06,5.219726517680101e-07,0.00145170115865767,1.6050937119871378e-05,9.248467904399149e-06,7.679181180719752e-06,7.67972869653022e-06,0.008139194542404285,0.008126543273658091
2021-07-30_02h22m33s_C9H11NO2_[M]-__149,2021-07-30_02h22m33s,Phenylalanine,C9H11NO2,[M]-,,149,1.4704364105036274,6.084192820815008,0.022598870056497175,0.022598870056497175,0.006252085882745578,0.007663180670753696,0.00536881832840158,0.00536881832840158,1.4800128679232725,139,1.9114878177642822,1.6056264638900757,338.3333435058594,12.737608909606934,0.45229774713516235,0.3131727874279022,0.30586132407188416,6.229158475886992,4.2168482632990525,9.614695954951458e-07,8.150179837684846e-07,0.00017018010839819908,6.426480013033142e-06,2.0769600439507485e-07,1.5022797583696956e-07,1.464516117266612e-07,0.0009613288073419112,0.0009612699435687215
2021-07-30_02h22m33s_C9H11NO2_-H_+H2_149,2021-07-30_02h22m33s,Phenylalanine,C9H11NO2,-H,+H2,149,0.23065684827118121,0.38420308660388663,0.005649717514124294,0.005649717514124294,0.01710980086772722,0.02160716432263493,0.014494037599447172,0.014494037599447172,0.23146030698613954,179,0.3310070037841797,-0.5255524516105652,58.58823776245117,4.3913044929504395,1.3881946802139282,0.8605417609214783,0.8565594553947449,0.3859872358725416,0.23827258230877077,1.5241613482430694e-07,-2.5403795689271647e-07,2.6977655579685234e-05,2.0220279566274257e-06,6.399017706826271e-07,4.082201314759004e-07,4.064540917170234e-07,0.00015235420983233028,0.0001523186658403277
2021-07-30_02h22m33s_C9H11NO2_-H_-H2_149,2021-07-30_02h22m33s,Phenylalanine,C9H11NO2,-H,-H2,149,1.706238112108178,2.185359063219612,0.3446327683615819,0.3446327683615819,0.1838469240182445,0.16919100853467964,0.19198398213937665,0.19198398213937665,1.7276607510946238,189,28.967321395874023,15.974897384643555,5127.2158203125,45.77650833129883,13.298016548156738,13.25417709350586,12.992424011230469,2.2293832149891366,2.1781551508700794,1.4403448403754737e-05,7.943013770272955e-06,0.002549410331994295,2.4105631382553838e-05,6.4691321313148364e-06,6.578692136827158e-06,6.460435088229133e-06,0.014310993161387502,0.014310869498057798
2021-07-30_02h22m33s_C9H11NO2_+Cl_-CH2O2_149,2021-07-30_02h22m33s,Phenylalanine,C9H11NO2,+Cl,-CH2O2,149,0.782862489940778,0.7341543953450691,0.0847457627118644,0.0847457627118644,0.10161308265658027,0.10740473614617141,0.09825114729698602,0.09825114729698602,0.7854004985976673,189,7.9122633934021,-2.817328929901123,1400.4705810546875,27.35654640197754,11.343626022338867,10.776383399963379,10.729592323303223,0.7373556980838174,0.6974459429356197,4.098818408238003e-06,-1.0939465937553905e-06,0.0007254908559843898,1.4789377928536851e-05,5.381511073210277e-06,5.207604317547521e-06,5.1927650019933935e-06,0.004077644160351546,0.004076878640689001
2021-07-30_02h22m33s_C9H11NO2_[M]-_-NH3_149,2021-07-30_02h22m33s,Phenylalanine,C9H11NO2,[M]-,-NH3,149,0.9709438552494185,1.2491900493909398,0.03389830508474576,0.03389830508474576,0.025731449549449326,0.02707657170332973,0.02491273455357301,0.02491273455357301,0.9801629864917031,186,1.9267308712005615,0.40349507331848145,341.0313720703125,10.329795837402344,1.6864876747131348,1.5413841009140015,1.52323579788208,1.2640635221123575,1.1417747815717214,1.024189145937271e-06,2.722503609220439e-07,0.00018128148803953081,5.509981292561861e-06,8.024971407394332e-07,7.59848319376033e-07,7.51938785015227e-07,0.0010234195970489051,0.0010233678961267048
2021-07-30_02h22m33s_C9H11NO2_+Cl_-NH3_149,2021-07-30_02h22m33s,Phenylalanine,C9H11NO2,+Cl,-NH3,149,0.8032839149402369,0.9946272552179578,0.05649717514124294,0.05649717514124294,0.0557681610857715,0.0480225988700565,0.06033276042312667,0.06033276042312667,0.8050337317690798,189,4.164794445037842,-0.012190818786621094,737.1686401367188,17.762144088745117,3.2678065299987793,4.186291694641113,4.176985263824463,0.9968427799636261,1.2741024611938099,2.362552550039254e-06,2.488973223080393e-07,0.00041817178134806454,1.0114131328009535e-05,1.6226038042077562e-06,2.116408495567157e-06,2.113655227731215e-06,0.002357569461023223,0.0023587252734374935
2021-07-30_02h22m33s_C9H11NO2_-H_+C12H14N2_149,2021-07-30_02h22m33s,Phenylalanine,C9H11NO2,-H,+C12H14N2,149,1.9530900265249342,3.207654938011912,0.11864406779661017,0.11864406779661017,0.05402158193347425,0.05923187883159033,0.05074685047043606,0.05074685047043606,1.953004104023342,189,10.15965461730957,6.996596336364746,1798.2587890625,30.21435546875,3.7604424953460693,3.1663153171539307,3.163058280944824,3.2109568519944522,2.7009995845689083,5.087261342850979e-06,3.5801085687126033e-06,0.0009004452731460333,1.601404437678866e-05,1.8072695411319728e-06,1.5071967709445744e-06,1.5071526604515384e-06,0.005079605601754251,0.005078083876533607
2021-07-30_02h22m33s_C9H11NO2_-H_-CH2O2_149,2021-07-30_02h22m33s,Phenylalanine,C9H11NO2,-H,-CH2O2,149,2.086154749789049,32.83160545934168,0.022598870056497175,0.022598870056497175,0.0013905884970519524,0.0022238249789638177,0.0008327870014352287,0.0008327870014352287,2.0855685647007998,38,1.574476718902588,1.5274497270584106,278.682373046875,10.616402626037598,0.17951700091362,0.046956129372119904,0.047027043998241425,32.783127751111216,8.722041197970034,8.758238436712418e-07,8.53588630889135e-07,0.00015502082533203065,6.103195119067095e-06,8.701132969690661e-08,2.225593931370895e-08,2.223520567667947e-08,0.0008758043699809427,0.0008757476437042841
2021-07-30_02h22m33s_C9H11NO2_[M]-_-H2O_149,2021-07-30_02h22m33s,Phenylalanine,C9H11NO2,[M]-,-H2O,149,0.9425065493826037,1.1650718432142722,0.11864406779661017,0.11864406779661017,0.1195906107464679,0.12588652482269502,0.11588142530609352,0.11588142530609352,0.9464045556735693,189,9.46431827545166,1.3940353393554688,1675.184326171875,27.45454978942871,9.162452697753906,8.122377395629883,8.070282936096191,1.1725915632477175,1.0328332111946734,3.7724275898654014e-06,5.12698761667707e-07,0.0006677196943201125,1.0677463251340669e-05,3.7088559565745527e-06,3.2789203032734804e-06,3.2597288281976944e-06,0.003760170453838088,0.003758487899631141
2021-07-30_02h22m33s_C9H11NO2_-H_-CO2_149,2021-07-30_02h22m33s,Phenylalanine,C9H11NO2,-H,-CO2,149,0.0,0.0,0.0,0.0,0.0004004894871509623,0.0005409304002884963,0.0003189397026773216,0.0003189397026773216,0.0,10,0.0,-0.017292313277721405,0.0,0.0,0.03519511967897415,0.017819974571466446,0.017292313277721405,0.0,0.0,0.0,-7.238912580476153e-09,0.0,0.0,1.607252464452813e-08,7.442924054856803e-09,7.238912580476153e-09,0.0,0.0
2021-07-30_02h22m33s_C9H11NO2_+Cl_-CO2_149,2021-07-30_02h22m33s,Phenylalanine,C9H11NO2,+Cl,-CO2,149,0.64887332460573,0.674917437383797,0.03389830508474576,0.03389830508474576,0.04484369785293136,0.049314821492967904,0.042241791732374155,0.042241791732374155,0.6526818690289793,189,1.7501938343048096,-0.8186757564544678,309.7843017578125,9.345202445983887,3.099140167236328,2.5921969413757324,2.5688695907592773,0.6810438321843827,0.5645531298234974,9.457748433305824e-07,-3.07016250644665e-07,0.00016740214778110385,5.08455832459731e-06,1.477717091802333e-06,1.2621043197214021e-06,1.2527910939752473e-06,0.0009445914675525874,0.0009443793178714191
2021-07-30_02h22m33s_C9H11NO2_[M]-_+H2_149,2021-07-30_02h22m33s,Phenylalanine,C9H11NO2,[M]-,+H2,149,1.0577079315257012,2.816534897225549,0.01694915254237288,0.0,0.006897318945377684,0.008324317826661858,0.006024416606127186,0.006024416606127186,1.0668457827751947,14,0.851977527141571,0.5578761696815491,150.80001831054688,6.488466739654541,1.200925588607788,0.301491379737854,0.294101357460022,2.8870674620905135,0.7088438212954863,3.7329971291910624e-07,2.3602316900905862e-07,6.607404793612659e-05,2.935631300715613e-06,4.48712142997465e-07,1.4061411945931468e-07,1.3727654391004762e-07,0.00037324847465848544,0.0003731322839323614
2021-07-30_02h22m33s_C9H11NO2_[M]-_-CH2O2_149,2021-07-30_02h22m33s,Phenylalanine,C9H11NO2,[M]-,-CH2O2,149,0.0,0.0,0.0,0.0,0.00021136945155189677,0.00024041351123933166,0.00019490759608058544,0.00019490759608058544,0.0,7,0.0,-0.01157730259001255,0.0,0.0,0.01332044042646885,0.011289700865745544,0.01157730259001255,0.0,0.0,0.0,-5.146896242536059e-09,0.0,0.0,5.477021502997559e-09,5.0190376299497075e-09,5.146896242536059e-09,0.0,0.0
2021-07-30_02h22m33s_C9H11NO2_+Cl_-H2O_149,2021-07-30_02h22m33s,Phenylalanine,C9H11NO2,+Cl,-H2O,149,0.44159651455101767,0.45048741066560577,0.04519774011299435,0.04519774011299435,0.08434753587718323,0.07098208919341267,0.09235076279745558,0.09235076279745558,0.44007494707840883,188,5.083549976348877,-6.238572597503662,899.788330078125,24.518924713134766,8.11725902557373,11.283555030822754,11.322122573852539,0.4489530112557342,0.6261872108705739,2.7467326617625076e-06,-3.2463299248775e-06,0.0004861716879531741,1.3537231097870972e-05,4.179917596047744e-06,5.959593636362115e-06,5.993062586640008e-06,0.0027303693871407273,0.0027352993359377638
2021-07-30_02h22m33s_C9H11NO2_[M]-_-H2_149,2021-07-30_02h22m33s,Phenylalanine,C9H11NO2,[M]-,-H2,149,1.161050502909302,1.3654948740482473,0.0847457627118644,0.0847457627118644,0.07025253087106463,0.08249188604399567,0.06299059127877102,0.06299059127877102,1.152924481403947,189,10.876814842224121,2.8751468658447266,1925.1961669921875,38.46836471557617,8.9767484664917,7.964474678039551,8.001667976379395,1.3591485832384942,1.2115303611835913,5.266185780783417e-06,1.2788636922778096e-06,0.0009321148972958326,1.8604681827127934e-05,4.355197688710177e-06,3.96460336560267e-06,3.987322088505607e-06,0.005245271195087044,0.005243349955177529
2021-07-30_02h22m33s_C9H11NO2_[M]-_-CO2_149,2021-07-30_02h22m33s,Phenylalanine,C9H11NO2,[M]-,-CO2,149,0.0,0.0,0.0,0.0,0.00025586828345755926,0.00027046520014424813,0.00024806421319347236,0.00024806421319347236,0.0,9,0.0,-0.010086416266858578,0.0,0.0,0.014289047569036484,0.013377956114709377,0.010086416266858578,0.0,0.0,0.0,-4.0861318773011135e-09,0.0,0.0,5.275503589530217e-09,5.5165805257217926e-09,4.0861318773011135e-09,0.0,0.0
2021-07-30_02h22m33s_C8H15NO6_[M]-__66,2021-07-30_02h22m33s,N-Acetylglucosamine,C8H15NO6,[M]-,,66,0.0,0.0,0.0,0.0,0.007197686060740905,0.010998918139199423,0.00497900313624041,0.00497900313624041,0.0,3,0.0,-1.7482481002807617,0.0,0.0,39.304542541503906,1.7218241691589355,1.7482481002807617,0.0,0.0,0.0,-8.942350859797443e-07,0.0,0.0,1.719849205983337e-05,8.799751185506466e-07,8.942350859797443e-07,0.0,0.0
2021-07-30_02h22m33s_C8H15NO6_[M]-_-CO2_66,2021-07-30_02h22m33s,N-Acetylglucosamine,C8H15NO6,[M]-,-CO2,66,0.5920117850594517,0.6655031600843432,0.022598870056497175,0.0,0.03064857047502503,0.03489001081860801,0.028173007069830076,0.028173007069830076,0.5935661410071453,5,0.8716074824333191,-0.43048232793807983,154.27452087402344,5.732102394104004,6.772343635559082,1.308696985244751,1.302089810371399,0.6688775213313185,0.12868201132709478,5.118233730172506e-07,-1.4272438875195803e-07,9.059273725142702e-05,3.3895378237502882e-06,3.0117444111965597e-06,6.576088935617008e-07,6.545477617692086e-07,0.000511488579312491,0.0005102865204412028
2021-07-30_02h22m33s_C8H15NO6_-H_-H2O_66,2021-07-30_02h22m33s,N-Acetylglucosamine,C8H15NO6,-H,-H2O,66,3.711732523167935,6.291232865281691,0.096045197740113,0.096045197740113,0.02516408944265213,0.0405397283327323,0.01587610964438223,0.01587610964438223,3.692910509398203,184,6.444311141967773,5.410771369934082,1140.64306640625,20.955339431762695,5.878370761871338,1.0233319997787476,1.0335395336151123,6.229158898789169,1.0960885786894345,2.574092150098295e-06,2.0793513613170944e-06,0.00045561432489193976,8.310017619805876e-06,2.638861360537703e-06,4.901828560832655e-07,4.947406750943628e-07,0.0025728192717548912,0.0025673173555285527
2021-07-30_02h22m33s_C8H15NO6_+Cl_-H2O_66,2021-07-30_02h22m33s,N-Acetylglucosamine,C8H15NO6,+Cl,-H2O,66,3.650253359048223,5.4410738797746,0.11864406779661017,0.11864406779661017,0.03593280676382245,0.05827022478663301,0.022502967911122135,0.022502967911122135,3.634913169029666,189,7.318711280822754,5.965634822845459,1295.411865234375,20.617658615112305,4.5109639167785645,1.3440858125686646,1.3530763387680054,5.404947321863419,1.622067777095199,3.3825813261501025e-06,2.7376936486689374e-06,0.0005987168988212943,9.750363460625522e-06,1.979806484087021e-06,6.405689418897964e-07,6.44887734324584e-07,0.003380401346784467,0.003375897701990088
2021-07-30_02h22m33s_C8H15NO6_[M]-_-H2O_66,2021-07-30_02h22m33s,N-Acetylglucosamine,C8H15NO6,[M]-,-H2O,66,0.0,0.0,0.0,0.0,0.002135943931471799,0.004808270224786633,0.000567003915870794,0.000567003915870794,0.0,2,0.0,-0.2961794435977936,0.0,0.0,16.756938934326172,0.2888217866420746,0.2961794435977936,0.0,0.0,0.0,-1.5341608161634213e-07,0.0,0.0,7.969728358148132e-06,1.4960492933369096e-07,1.5341608161634213e-07,0.0,0.0
2021-07-30_02h22m33s_C8H15NO6_-H_-CH2O2_66,2021-07-30_02h22m33s,N-Acetylglucosamine,C8H15NO6,-H,-CH2O2,66,0.0,0.0,0.0,0.0,0.0009567248859717433,0.0023740834234884,0.00012403210659673618,0.00012403210659673618,0.0,1,0.0,-0.08427029848098755,0.0,0.0,10.693801879882812,0.08217687159776688,0.08427029848098755,0.0,0.0,0.0,-4.7697195526552605e-08,0.0,0.0,4.304643425712129e-06,4.651230867125378e-08,4.7697195526552605e-08,0.0,0.0
2021-07-30_02h22m33s_C8H15NO6_+Cl_-NH3_66,2021-07-30_02h22m33s,N-Acetylglucosamine,C8H15NO6,+Cl,-NH3,66,0.6518869283370236,0.9101483880002373,0.01694915254237288,0.01694915254237288,0.02381799977750584,0.037113835797571826,0.01600014175097897,0.01600014175097897,0.6535163836266448,184,0.8748199939727783,-0.08046168088912964,154.8431396484375,6.664567470550537,2.5501632690429688,0.9601839184761047,0.955281674861908,0.9148141358027245,0.34291023416190614,3.843472313747043e-07,-5.953828008387063e-08,6.802946154493839e-05,2.992222334796679e-06,1.0965695764753036e-06,4.458401861029415e-07,4.438855114585749e-07,0.00038417670090333333,0.00038392622955176695
2021-07-30_02h22m33s_C8H15NO6_+Cl_-CO2_66,2021-07-30_02h22m33s,N-Acetylglucosamine,C8H15NO6,+Cl,-CO2,66,1.0936215429898928,1.289677558164832,0.13559322033898305,0.13559322033898305,0.13429747469128936,0.1687402332011059,0.11398550596240055,0.11398550596240055,1.095739995940874,189,9.564107894897461,2.160773754119873,1692.84716796875,25.1079158782959,12.599197387695312,7.414890766143799,7.403334140777588,1.2916904765582415,0.7590442911820782,5.005001639801776e-06,1.3346768810151843e-06,0.0008858852670527995,1.3783971553493757e-05,6.173912424856098e-06,3.6777548757527256e-06,3.6703247587865917e-06,0.004986698835600858,0.0049742908040021
2021-07-30_02h22m33s_C8H15NO6_+Cl_+HCl_66,2021-07-30_02h22m33s,N-Acetylglucosamine,C8H15NO6,+Cl,+HCl,66,0.22276078675998012,0.3519265182706177,0.005649717514124294,0.005649717514124294,0.01825564578929803,0.02322995552350042,0.015362262345624324,0.015362262345624324,0.22331468624256154,188,0.3218788206577301,-0.5876141786575317,56.97255325317383,4.270204544067383,1.4222379922866821,0.9136193990707397,0.9094929695129395,0.353521478402976,0.2261595196321138,1.9572850362692407e-07,-2.41408542933641e-07,3.4643944673007354e-05,2.5966321572923334e-06,6.523716251649603e-07,4.393102983613062e-07,4.3713703234971035e-07,0.00019564298083488184,0.00019560089915046154
2021-07-30_02h22m33s_C8H15NO6_-H_+H2_66,2021-07-30_02h22m33s,N-Acetylglucosamine,C8H15NO6,-H,+H2,66,0.6839827796000564,0.7891713958421043,0.04519774011299435,0.04519774011299435,0.05856046278785182,0.0628380815001803,0.056080231054095715,0.056080231054095715,0.6861289605468835,189,2.773988962173462,-0.7272753715515137,490.9960632324219,13.001941680908203,4.341441631317139,3.5140652656555176,3.5012643337249756,0.7920558523985176,0.6388085776830723,1.2479831639211625e-06,-4.6568436573579675e-07,0.00022089302365202457,5.835626325279009e-06,2.144101699741441e-06,1.7207231621796382e-06,1.7136675296569592e-06,0.0012458481943236682,0.0012453130860167238
2021-07-30_02h22m33s_C8H15NO6_[M]-_+HCl_66,2021-07-30_02h22m33s,N-Acetylglucosamine,C8H15NO6,[M]-,+HCl,66,0.7896838288695731,0.9525248147502506,0.0903954802259887,0.0903954802259887,0.10714206252085882,0.11176223103738431,0.10447047149919379,0.10447047149919379,0.7900013901462183,189,14.244733810424805,-0.6739997863769531,2521.31787109375,47.72108459472656,18.075794219970703,14.95371150970459,14.918733596801758,0.9547579196372751,0.788012168368197,7.861880476411898e-06,1.9188701116945595e-07,0.0013915528543293476,2.5698829631437548e-05,9.135101208812557e-06,7.684138836339116e-06,7.669993465242442e-06,0.007802038889116804,0.00779071153802339
2021-07-30_02h22m33s_C8H15NO6_[M]-_+C12H14N2_66,2021-07-30_02h22m33s,N-Acetylglucosamine,C8H15NO6,[M]-,+C12H14N2,66,0.8088635364837532,0.9364712068882283,0.15254237288135594,0.15254237288135594,0.17704972744465458,0.1745702608486597,0.17858851462692915,0.17858851462692915,0.811021701664558,189,16.4833927154541,-1.077260971069336,2917.560546875,43.16962432861328,17.436384201049805,17.600601196289062,17.560653686523438,0.938601398802393,0.9452904475466986,7.701106369495392e-06,-4.271014404366724e-07,0.0013630958274006844,1.9517039618222043e-05,8.050665201153606e-06,8.149712812155485e-06,8.128207809932064e-06,0.007639014869175571,0.007639602487597841
2021-07-30_02h22m33s_C8H15NO6_+Cl_-H2_66,2021-07-30_02h22m33s,N-Acetylglucosamine,C8H15NO6,+Cl,-H2,66,4.109745119684823,6.9199278246406974,0.15819209039548024,0.15819209039548024,0.040838802981421736,0.06115518692150499,0.0284919467725074,0.0284919467725074,4.180902199397438,189,11.333001136779785,9.738718032836914,2005.941162109375,27.2684383392334,5.0803022384643555,1.6367340087890625,1.594282865524292,7.104069993916207,2.2303339980431445,4.872300905844895e-06,4.15303475165274e-06,0.0008623972535133362,1.1832770724140573e-05,2.2323497432807926e-06,7.402765618280682e-07,7.192660405053175e-07,0.004868798944106351,0.004861448452639672
2021-07-30_02h22m33s_C8H15NO6_+Cl_-CH2O2_66,2021-07-30_02h22m33s,N-Acetylglucosamine,C8H15NO6,+Cl,-CH2O2,66,1.015682181838731,1.230975535603968,0.05084745762711865,0.05084745762711865,0.042496384469907666,0.04658011780262051,0.040062370430745786,0.040062370430745786,1.0174668062277439,189,3.654104471206665,0.6915977001190186,646.7764892578125,16.88254165649414,3.927635908126831,2.9674623012542725,2.9625067710876465,1.2330339538470365,0.930120417534171,1.4517000863634166e-06,1.3598469195130747e-07,0.000256950908806175,7.221106898214202e-06,1.6152634998434223e-06,1.3182562952351873e-06,1.3157153944121092e-06,0.0014497925719577874,0.0014493589896892017
2021-07-30_02h22m33s_C8H15NO6_-H_+C12H14N2_66,2021-07-30_02h22m33s,N-Acetylglucosamine,C8H15NO6,-H,+C12H14N2,66,0.935728496463119,1.063308178421062,0.1751412429378531,0.1751412429378531,0.17888530426076316,0.18181271787474457,0.17717100483725215,0.17717100483725215,0.937786542108874,189,13.434541702270508,0.8310670852661133,2377.913818359375,30.45086097717285,12.904356002807617,12.63366413116455,12.603474617004395,1.0658549531407115,1.0410051221638337,6.062088687031064e-06,2.3409211280522868e-07,0.0010729896603152156,1.4013073268870357e-05,5.982215043331962e-06,5.843855888088001e-06,5.8279965742258355e-06,0.006026963564026931,0.006026039622151713
2021-07-30_02h22m33s_C8H15NO6_+Cl_+H2_66,2021-07-30_02h22m33s,N-Acetylglucosamine,C8H15NO6,+Cl,+H2,66,1.041302044356714,1.2023108453373235,0.3389830508474576,0.3389830508474576,0.32283902547558124,0.3351364346676283,0.31553767918209685,0.31553767918209685,1.0440185123347985,189,27.4144229888916,4.691511154174805,4852.35302734375,41.5036506652832,25.82377052307129,22.800443649291992,22.722911834716797,1.2064130149901746,1.0615553375159772,1.2117664482502732e-05,1.8090295270667411e-06,0.002144826576113701,1.8263523088535294e-05,1.152771437773481e-05,1.0349605872761458e-05,1.0308634955435991e-05,0.011994022483077396,0.011979567450563824
2021-07-30_02h22m33s_C8H15NO6_+Cl_-CH2O3_66,2021-07-30_02h22m33s,N-Acetylglucosamine,C8H15NO6,+Cl,-CH2O3,66,1.166748640951907,1.2647076060221942,0.14689265536723164,0.14689265536723164,0.13071531872288353,0.15575790359418198,0.11589914417846449,0.11589914417846449,1.164984802342524,189,19.823862075805664,4.1467180252075195,3508.82373046875,51.38944625854492,20.066387176513672,15.673660278320312,15.677144050598145,1.2644265808394173,0.9878646333692598,9.493156539974734e-06,2.1727905732404906e-06,0.0016802886966615915,2.5867098884191364e-05,9.08459878701251e-06,7.320757049456006e-06,7.3203659667342436e-06,0.009424168179965336,0.009407691437750755
2021-07-30_02h22m33s_C8H15NO6_[M]-_-CH2O2_66,2021-07-30_02h22m33s,N-Acetylglucosamine,C8H15NO6,[M]-,-CH2O2,66,0.374958085709318,1.0462593399156996,0.005649717514124294,0.0,0.008599399265769274,0.014605120807789397,0.005067597498095221,0.005067597498095221,0.37627180176660074,5,0.4221336245536804,0.022987842559814453,74.7176513671875,5.600235462188721,4.486292362213135,0.4024693965911865,0.39914578199386597,1.0549495797512904,0.0940731270617464,1.7336589053229545e-07,-2.7972461680292326e-08,3.068576188525185e-05,2.2999581688054604e-06,2.029459210461937e-06,2.0245306586730294e-07,2.0133835221258778e-07,0.00017333099235590713,0.00017301476412569467
2021-07-30_02h22m33s_C8H15NO6_[M]-_-H2_66,2021-07-30_02h22m33s,N-Acetylglucosamine,C8H15NO6,[M]-,-H2,66,0.8434350073924045,1.0815996426086374,0.05084745762711865,0.05084745762711865,0.048414729113360776,0.045227791801899266,0.05028615978879104,0.05028615978879104,0.844070710636426,189,5.889532089233398,0.4500751495361328,1042.4471435546875,27.184133529663086,6.580338954925537,5.444205284118652,5.439456939697266,1.0825436456006803,0.8948835684607334,2.8183080758026335e-06,6.552431841555517e-08,0.0004988405271433294,1.3025899534113705e-05,3.132937990812934e-06,2.7539656457520323e-06,2.7527837573870784e-06,0.002810571181106304,0.0028095060675083173
2021-07-30_02h22m33s_C8H15NO6_[M]-_+H2_66,2021-07-30_02h22m33s,N-Acetylglucosamine,C8H15NO6,[M]-,+H2,66,1.3350239173353913,1.9257588959532912,0.05649717514124294,0.05649717514124294,0.0375347647124263,0.04627960091357134,0.032319223204635254,0.032319223204635254,1.3348453576741603,189,3.7987592220306396,1.826858639717102,672.38037109375,15.974388122558594,2.9460389614105225,1.9716037511825562,1.9719005823135376,1.9254691574858753,1.2890088226768688,2.0596576177922543e-06,1.1048822443626705e-06,0.0003645594115369022,8.8876058725873e-06,1.4120280411589192e-06,9.540164001009543e-07,9.547753734295839e-07,0.0020576929832058105,0.0020567534242834163
2021-07-30_02h22m33s_C8H15NO6_[M]-_-CH2O3_66,2021-07-30_02h22m33s,N-Acetylglucosamine,C8H15NO6,[M]-,-CH2O3,66,0.0,0.0,0.0,0.0,0.002836800533985983,0.005529510758504628,0.0012580399383383242,0.0012580399383383242,0.0,59,0.0,-0.0692744255065918,0.0,0.0,0.8547719120979309,0.06755352020263672,0.0692744255065918,0.0,0.0,0.0,-3.279787463839057e-08,0.0,0.0,4.0343923046748387e-07,3.198311659957653e-08,3.279787463839057e-08,0.0,0.0
2021-07-30_02h22m33s_C8H15NO6_-H_-H2_66,2021-07-30_02h22m33s,N-Acetylglucosamine,C8H15NO6,-H,-H2,66,1.2155475241777909,1.5193966183040772,0.1694915254237288,0.1694915254237288,0.1294137278896429,0.12916215891333094,0.12943636266987968,0.12943636266987968,1.2196050261422287,189,17.116207122802734,5.893739700317383,3029.568603515625,41.7888069152832,13.20494556427002,11.264134407043457,11.222467422485352,1.5250373595339828,1.2960985670812026,7.961970368342008e-06,2.3028328541840892e-06,0.0014092688215896487,2.054644028248731e-05,6.235941327759065e-06,5.672456154570682e-06,5.659137514157919e-06,0.007917166037016114,0.007912627686341581
2021-07-30_02h22m33s_C8H15NO6_-H__66,2021-07-30_02h22m33s,N-Acetylglucosamine,C8H15NO6,-H,,66,2.8385888288446366,6.828213344952806,0.3163841807909605,0.10734463276836158,0.10482812326176438,0.10941819930280082,0.1014582631961302,0.1014582631961302,2.844503808772658,32,47.14468002319336,40.248416900634766,8344.6083984375,98.66033935546875,9.070940971374512,6.90339469909668,6.896262168884277,6.835274471061556,5.196757802101347,1.9529717974364758e-05,1.6201664038817398e-05,0.003456760197877884,3.8283051253529266e-05,4.190198524156585e-06,3.3351830097672064e-06,3.3280534808000084e-06,0.01946493762096176,0.019448226046288136
2021-07-30_02h22m33s_C8H15NO6_-H_-CH2O3_66,2021-07-30_02h22m33s,N-Acetylglucosamine,C8H15NO6,-H,-CH2O3,66,0.0,0.0,0.0,0.0,0.005551229280231394,0.007362663781704532,0.004500593582224427,0.004500593582224427,0.0,118,0.0,-0.2523266673088074,0.0,0.0,0.4764135479927063,0.2572944164276123,0.2523266673088074,0.0,0.0,0.0,-1.206997808367305e-07,0.0,0.0,2.2580280756301363e-07,1.228344075343557e-07,1.206997808367305e-07,0.0,0.0
2021-07-30_02h22m33s_C20H25N7O6_-H_-H2_64,2021-07-30_02h22m33s,Tetrahydrofolic acid,C20H25N7O6,-H,-H2,64,72.64547727616467,37644.66844207717,0.7457627118644068,0.3502824858757062,0.00215819334742463,0.0014124293785310734,0.0002657830855644347,0.0002657830855644347,74.44056940467628,3,1797.46875,1797.4659423828125,318151.96875,4816.0546875,0.3171454966068268,0.04674829542636871,0.0028291542548686266,469416.6466954382,5649.832448269299,0.0007383547490462661,0.0007383533520624042,0.13068878650665283,0.0016691641649231315,1.153966593392397e-07,2.2910869645897947e-08,1.3875238735749917e-09,0.7383537245628461,0.7382695552059034
2021-07-30_02h22m33s_C20H25N7O6_[M]-_-CH2O2_64,2021-07-30_02h22m33s,Tetrahydrofolic acid,C20H25N7O6,[M]-,-CH2O2,64,1.3178867202947957,1.5883000825003817,0.062146892655367235,0.062146892655367235,0.04888196684837023,0.06869816083663902,0.03715647536190797,0.03715647536190797,1.3134467873995688,189,3.4418745040893555,1.2616450786590576,609.2117919921875,14.281060218811035,10.895846366882324,2.166017770767212,2.180229425430298,1.5779516193764747,0.31585968896009164,1.9782958133873763e-06,9.468957387070986e-07,0.00035015837056562304,8.352037184522487e-06,4.8395718295068946e-06,1.0250523700960912e-06,1.0314000746802776e-06,0.0019762575012529965,0.0019687678201063498
2021-07-30_02h22m33s_C20H25N7O6_[M]-_-CO2_64,2021-07-30_02h22m33s,Tetrahydrofolic acid,C20H25N7O6,[M]-,-CO2,64,2.2203060615192016,5.765991284881563,0.12429378531073447,0.03954802259887006,0.051051284903771275,0.05926193052049525,0.0459804738026472,0.0459804738026472,2.201882052020839,10,15.755800247192383,12.984704971313477,2788.776611328125,62.04274368286133,6.275941371917725,2.731539726257324,2.771095037460327,5.6837157580380655,2.5101079193891986,6.3238708207791205e-06,5.008882453694241e-06,0.0011193251702934504,2.2087680918048136e-05,3.2211175948759774e-06,1.2962698292540153e-06,1.3149882533980417e-06,0.006315565925773168,0.006303566292483933
2021-07-30_02h22m33s_C20H25N7O6_-H_-CO2_64,2021-07-30_02h22m33s,Tetrahydrofolic acid,C20H25N7O6,-H,-CO2,64,12.029393437173718,103.73512179749729,0.3389830508474576,0.3389830508474576,0.02531983535432195,0.03576150979685058,0.01817956305260733,0.01817956305260733,12.086141741165852,182,106.2838134765625,105.26515197753906,18812.234375,372.11993408203125,5.5264716148376465,1.0235692262649536,1.018662691116333,104.23428688971873,19.22828752141575,4.287454066798091e-05,4.237602843204513e-05,0.0075887939892709255,0.00012429620255716145,2.5331003143946873e-06,5.012151973460277e-07,4.985117243450077e-07,0.04285317785639405,0.042766209569076015
2021-07-30_02h22m33s_C20H25N7O6_-H_-CH2O2_64,2021-07-30_02h22m33s,Tetrahydrofolic acid,C20H25N7O6,-H,-CH2O2,64,10.283925410244565,84.9048228569663,0.4180790960451977,0.4180790960451977,0.0399599510512849,0.05373241976199063,0.0306536492017648,0.0306536492017648,10.450453344932638,188,141.889892578125,140.2542266845703,25114.509765625,370.9432373046875,3.2659711837768555,1.6701641082763672,1.6356676816940308,86.69438161769166,43.43163272535817,5.977750333840959e-05,5.899738607695326e-05,0.010580617934465408,0.0001284803875023499,1.5170548977039289e-06,8.007479550542485e-07,7.801190236023103e-07,0.059730906122246616,0.05968695495107203
2021-07-30_02h22m33s_C20H25N7O6_-H_-NH3_64,2021-07-30_02h22m33s,Tetrahydrofolic acid,C20H25N7O6,-H,-NH3,64,1.1242069513174322,1.3420950639734022,0.3559322033898305,0.192090395480226,0.319913227277784,0.34228873662699844,0.30660736750713186,0.30660736750713186,1.1270137278610564,189,27.474201202392578,7.062067031860352,4862.93359375,42.10367202758789,24.19133758544922,20.470129013061523,20.412134170532227,1.34590803023543,1.1356571519949885,1.3949478670838289e-05,5.095631422591396e-06,0.002469057682901621,2.1439702322822995e-05,1.0489171472727321e-05,8.901869477995206e-06,8.853847248246893e-06,0.01382705602886576,0.01380467902541475
2021-07-30_02h22m33s_C20H25N7O6_+Cl_-NH3_64,2021-07-30_02h22m33s,Tetrahydrofolic acid,C20H25N7O6,+Cl,-NH3,64,2.3143809664771293,7.187656055806517,0.3107344632768362,0.3107344632768362,0.1353988207809545,0.15335376848178867,0.1242624519375587,0.1242624519375587,2.3180132775844795,189,59.651641845703125,51.371185302734375,10558.3408203125,134.7566375732422,10.667278289794922,8.298178672790527,8.280457496643066,7.203036647822349,5.591496605667364,2.517947905289475e-05,2.166205558751244e-05,0.004456767812371254,4.993248512619175e-05,4.403505954542197e-06,3.532934442773694e-06,3.517423010634957e-06,0.02509122260912445,0.025069087178230472
2021-07-30_02h22m33s_C20H25N7O6_+Cl_+HCl_64,2021-07-30_02h22m33s,Tetrahydrofolic acid,C20H25N7O6,+Cl,+HCl,64,2.062539303941865,39.29132556423878,0.022598870056497175,0.022598870056497175,0.002013572143731227,0.003696357735304724,0.0009568191080319648,0.0009568191080319648,2.064212761121635,71,2.227384328842163,2.172257423400879,394.2470397949219,15.697131156921387,0.22595547139644623,0.05568895861506462,0.05512678995728493,39.68486939191258,9.814190929776547,9.647388878875063e-07,9.410852044311468e-07,0.00017075877985917032,6.9614134190487675e-06,8.429871201087735e-08,2.386190267600341e-08,2.3653697667214146e-08,0.0009647160687852805,0.0009646575684969504
2021-07-30_02h22m33s_C20H25N7O6_+Cl_-H2_64,2021-07-30_02h22m33s,Tetrahydrofolic acid,C20H25N7O6,+Cl,-H2,64,1.8999834253207462,3.4146288388065775,0.05084745762711865,0.05084745762711865,0.02280565135165202,0.03290659935088352,0.016762053262930347,0.016762053262930347,1.9071273216778941,186,3.324249744415283,2.3583314418792725,588.3922119140625,14.790151596069336,2.1135904788970947,0.972531795501709,0.9659183025360107,3.4379840941023856,1.5720536801759883,1.373239228996681e-06,9.559493037158973e-07,0.000243063346715644,6.071109510230599e-06,8.67421306338656e-07,4.206331709610822e-07,4.1728989685907436e-07,0.0013726664291640333,0.0013720490843875408
2021-07-30_02h22m33s_C20H25N7O6_[M]-_+HCl_64,2021-07-30_02h22m33s,Tetrahydrofolic acid,C20H25N7O6,[M]-,+HCl,64,0.9585983977685804,1.318994013747841,0.03954802259887006,0.03954802259887006,0.03904772499721882,0.052259887005649715,0.03125609086237752,0.03125609086237752,0.9613953662582054,189,2.4883573055267334,0.6099162101745605,440.4392395019531,12.423277854919434,3.418491840362549,1.885556936264038,1.8784410953521729,1.3239879194300905,0.7276979801954747,1.225865844389773e-06,4.0468586348652025e-07,0.0002169782528653741,6.216626388777513e-06,1.4178127685227082e-06,8.253218197751266e-07,8.211799809032527e-07,0.0012248600138669765,0.0012241302568812317
2021-07-30_02h22m33s_C20H25N7O6_[M]-_-H2O_64,2021-07-30_02h22m33s,Tetrahydrofolic acid,C20H25N7O6,[M]-,-H2O,64,1.6143621027325978,2.0636822341424526,0.2033898305084746,0.2033898305084746,0.13044832573144954,0.15458588772689025,0.1159877385403193,0.1159877385403193,1.6231985379298184,189,15.698504447937012,8.137874603271484,2778.63525390625,33.76708221435547,10.809239387512207,7.6060357093811035,7.560629367828369,2.0760743067793967,1.4521884192566208,8.020118002605159e-06,4.5682636482524686e-06,0.0014195608673617244,1.689817690930795e-05,4.833362709177891e-06,3.4812478588719387e-06,3.451854126979015e-06,0.007992528958534641,0.007981540323244987
2021-07-30_02h22m33s_C20H25N7O6_[M]-_+C12H14N2_64,2021-07-30_02h22m33s,Tetrahydrofolic acid,C20H25N7O6,[M]-,+C12H14N2,64,1.6986675305597323,4.170474758410815,0.05084745762711865,0.05084745762711865,0.02181555234175103,0.02485274672436591,0.019933731417332602,0.019933731417332602,1.7002048907648735,184,5.3325581550598145,4.055623531341553,943.86279296875,25.764598846435547,1.6132978200912476,1.2776453495025635,1.2769347429275513,4.172793786671569,3.3033298370918907,2.2070244085625745e-06,1.6283244121950702e-06,0.0003906433121301234,1.0345952432544436e-05,7.159995902839e-07,5.805833325212006e-07,5.786999963675044e-07,0.002205747942236415,0.0022054453106237744
2021-07-30_02h22m33s_C20H25N7O6_[M]-_-NH3_64,2021-07-30_02h22m33s,Tetrahydrofolic acid,C20H25N7O6,[M]-,-NH3,64,0.5352601065887178,0.7070868061114834,0.06779661016949153,0.06779661016949153,0.12338413616642563,0.13508234162759947,0.11666105569041586,0.11666105569041586,0.5367711108019021,189,5.211122512817383,-2.1346349716186523,922.36865234375,19.83640480041504,8.609068870544434,7.3688483238220215,7.345757484436035,0.7093091780771376,0.6052358687449003,2.668429033292341e-06,-5.718140982935438e-07,0.00047231194912455976,1.047355544869788e-05,3.7632019029842922e-06,3.260600806243019e-06,3.240243131585885e-06,0.002659810600263518,0.0026584248438609828
2021-07-30_02h22m33s_C20H25N7O6_+Cl_-CO2_64,2021-07-30_02h22m33s,Tetrahydrofolic acid,C20H25N7O6,+Cl,-CO2,64,0.9097171402347105,0.9277631692894308,0.24293785310734464,0.24293785310734464,0.2714539993325175,0.29603918740233204,0.25704768148555024,0.25704768148555024,0.908142995091948,189,20.072450637817383,-1.6406974792480469,3552.82373046875,37.354610443115234,26.993181228637695,21.63431739807129,21.71314811706543,0.9243950317370352,0.7435843475972088,1.0198909876635298e-05,1.4372471923707053e-07,0.0018052069935947657,1.9466366211418062e-05,1.2414263437676709e-05,1.0037361789727584e-05,1.0055185157398228e-05,0.01009737886256778,0.010073850443399184
2021-07-30_02h22m33s_C20H25N7O6_-H_-CH2O3_64,2021-07-30_02h22m33s,Tetrahydrofolic acid,C20H25N7O6,-H,-CH2O3,64,1.4236053678472176,1.765417469886048,0.14689265536723164,0.14689265536723164,0.09939926576927356,0.10968866450294507,0.0931835497988908,0.0931835497988908,1.4326353533120562,189,10.628559112548828,4.653344631195068,1881.2548828125,26.899587631225586,7.243955135345459,6.01942253112793,5.97521448135376,1.778476851142263,1.4670289758864088,5.578933269134723e-06,2.666644832061138e-06,0.000987471197731793,1.4067939446249511e-05,3.503498874124489e-06,2.9412929052341497e-06,2.9122884370735846e-06,0.005562732986180541,0.005559455722271001
2021-07-30_02h22m33s_C20H25N7O6_+Cl_+H2_64,2021-07-30_02h22m33s,Tetrahydrofolic acid,C20H25N7O6,+Cl,+H2,64,1.4862810272554423,2.3389086800392684,0.06779661016949153,0.06779661016949153,0.03977083101568584,0.046670272869335255,0.03561493346563425,0.03561493346563425,1.4849118597508653,188,4.968561172485352,2.8442137241363525,879.435302734375,19.216899871826172,2.874885320663452,2.123307466506958,2.124347448348999,2.3377641977291774,1.7276631779389346,2.194009084632853e-06,1.2644082971746684e-06,0.0003883396275341511,8.275966138171498e-06,1.206082174576295e-06,9.315342026638973e-07,9.296007874581846e-07,0.0021919714262689078,0.0021913661170211434
2021-07-30_02h22m33s_C20H25N7O6_-H_+HCl_64,2021-07-30_02h22m33s,Tetrahydrofolic acid,C20H25N7O6,-H,+HCl,64,1.002391151456362,2.4530434060435216,0.022598870056497175,0.022598870056497175,0.017176549115585717,0.02500300516889049,0.012544961638641317,0.012544961638641317,0.9976851144566131,187,1.7928215265274048,1.055497646331787,317.32940673828125,12.138370513916016,1.5919296741485596,0.729856014251709,0.7373238205909729,2.4282319986539043,1.125486928659101,7.718772963016818e-07,4.51572645943088e-07,0.00013662228593602777,5.280690857034642e-06,6.519374551317014e-07,3.1731519811728504e-07,3.203046503585938e-07,0.0007716301395796175,0.0007713744084328943
2021-07-30_02h22m33s_C20H25N7O6_+Cl__64,2021-07-30_02h22m33s,Tetrahydrofolic acid,C20H25N7O6,+Cl,,64,1.002391151456362,2.4530434060435216,0.022598870056497175,0.022598870056497175,0.017176549115585717,0.02500300516889049,0.012544961638641317,0.012544961638641317,0.9976851144566131,187,1.7928215265274048,1.055497646331787,317.32940673828125,12.138370513916016,1.5919296741485596,0.729856014251709,0.7373238205909729,2.4282319986539043,1.125486928659101,7.718772963016818e-07,4.51572645943088e-07,0.00013662228593602777,5.280690857034642e-06,6.519374551317014e-07,3.1731519811728504e-07,3.203046503585938e-07,0.0007716301395796175,0.0007713744084328943
2021-07-30_02h22m33s_C20H25N7O6_[M]-_+H2_64,2021-07-30_02h22m33s,Tetrahydrofolic acid,C20H25N7O6,[M]-,+H2,64,0.9626777165290705,0.9429345246070515,0.14124293785310735,0.14124293785310735,0.14056068528201135,0.14707296550066112,0.1367188192143452,0.1367188192143452,0.9602732828249473,189,8.712418556213379,-0.5597248077392578,1542.0980224609375,21.8602294921875,10.131532669067383,9.238685607910156,9.272143363952637,0.9395323909345611,0.8598460859455869,4.654377335100435e-06,3.188570190104656e-07,0.0008238247828558087,1.1979675946349744e-05,4.697222266258905e-06,4.325734607846243e-06,4.335520316089969e-06,0.004634285297044541,0.004632616903828723
2021-07-30_02h22m33s_C20H25N7O6_+Cl_-CH2O2_64,2021-07-30_02h22m33s,Tetrahydrofolic acid,C20H25N7O6,+Cl,-CH2O2,64,1.202731826213198,1.2347706912342828,0.2824858757062147,0.2824858757062147,0.23230615196351095,0.24465079937492487,0.22487020925988271,0.22487020925988271,1.200075368303428,189,21.26553726196289,3.988046646118164,3764.0,35.78486633300781,19.522418975830078,17.221256256103516,17.277490615844727,1.2307520219655044,1.0892322337747065,1.0524206118134316e-05,2.5216104404535145e-06,0.0018627844983711839,1.789222915249411e-05,9.053842404682655e-06,7.991017810127232e-06,8.002595677680802e-06,0.010440653787264194,0.010429776564800559
2021-07-30_02h22m33s_C20H25N7O6_+Cl_-H2O_64,2021-07-30_02h22m33s,Tetrahydrofolic acid,C20H25N7O6,+Cl,-H2O,64,0.9700115636500426,1.0590510594462057,0.0903954802259887,0.0903954802259887,0.08885304260763155,0.09844933285250632,0.08319010578166805,0.08319010578166805,0.9735301956346517,189,6.3764262199401855,0.39081573486328125,1128.62744140625,21.24373435974121,6.887352466583252,6.019886493682861,5.985610485076904,1.0651145979573904,0.9256823385379129,3.5452944757707883e-06,8.113509011309361e-07,0.0006275171181187034,1.213294490298722e-05,3.067746774831903e-06,2.757895572358393e-06,2.733943574639852e-06,0.0035356282675863054,0.00353445167304999
2021-07-30_02h22m33s_C20H25N7O6_-H__64,2021-07-30_02h22m33s,Tetrahydrofolic acid,C20H25N7O6,-H,,64,0.6441284328158124,1.1882966241169743,0.14124293785310735,0.14124293785310735,0.20865502280565135,0.20795768722202188,0.20927760157343586,0.20927760157343586,0.6457998625445555,189,17.2850341796875,2.809197425842285,3059.451171875,46.2006721496582,14.51476001739502,14.545060157775879,14.475836753845215,1.1939786621615662,1.1907770698174887,8.65201491251355e-06,1.7914821910380851e-06,0.0015314066549763083,2.3206783225759864e-05,6.858469987491844e-06,6.914311597938649e-06,6.860532721475465e-06,0.008593061929965357,0.008593079534426555
2021-07-30_02h22m33s_C20H25N7O6_-H_+H2_64,2021-07-30_02h22m33s,Tetrahydrofolic acid,C20H25N7O6,-H,+H2,64,1.4748605532127361,2.8731674190358363,0.3050847457627119,0.3050847457627119,0.19716319946601402,0.19710902752734705,0.1968566720413913,0.1968566720413913,1.4788706827480542,189,44.56209182739258,29.079713821411133,7887.490234375,108.66901397705078,15.72506332397461,15.508744239807129,15.482378005981445,2.8780600596444534,2.833645707089137,2.206556746386923e-05,1.4673127225250937e-05,0.003905605524778366,4.641832856577821e-05,7.4979539022024255e-06,7.4219969974365085e-06,7.392440238618292e-06,0.021903646069294125,0.02190135213516387
2021-07-30_02h22m33s_C20H25N7O6_-H_+C12H14N2_64,2021-07-30_02h22m33s,Tetrahydrofolic acid,C20H25N7O6,-H,+C12H14N2,64,4.512683394898404,14.706456740157488,0.1751412429378531,0.1751412429378531,0.029691845589053287,0.030412309171775453,0.02881088647518472,0.02881088647518472,4.517882412252121,184,28.058002471923828,26.154083251953125,4966.2666015625,83.15184020996094,2.020594835281372,1.906869649887085,1.9039183855056763,14.729241255380924,13.87914233962644,1.2851226529164705e-05,1.1977610483882017e-05,0.0022746671456843615,3.428848140174523e-05,8.916716751627973e-07,8.748619393372792e-07,8.736158747524314e-07,0.012840009293214185,0.012839777663107125
2021-07-30_02h22m33s_C20H25N7O6_+Cl_-CH2O3_64,2021-07-30_02h22m33s,Tetrahydrofolic acid,C20H25N7O6,+Cl,-CH2O3,64,1.2954371311773172,1.5770114660968586,0.2655367231638418,0.2655367231638418,0.19425965068416953,0.1926613775694194,0.19497847157006928,0.19497847157006928,1.304455668162416,189,33.293670654296875,12.21688461303711,5892.97998046875,68.10993957519531,21.610692977905273,21.110876083374023,21.076786041259766,1.579562036976963,1.5405396832323444,1.7169357306556776e-05,7.063542398100253e-06,0.003038976341485977,3.256545096519403e-05,1.0262004252581391e-05,1.0152821232622955e-05,1.0105814908456523e-05,0.01699758288007954,0.016994955006012644
2021-07-30_02h22m33s_C41H80NO8P_-H_+HCl_51,2021-07-30_02h22m33s,PC 15:0-18:1,C41H80NO8P,-H,+HCl,51,48.245627375896724,141745.77728984156,0.4858757062146893,0.3898305084745763,0.002803426410056736,0.004868373602596466,7.087548948384925e-05,7.087548948384925e-05,48.41171029383091,7,2025.4766845703125,2025.47119140625,358509.375,5019.79052734375,1.5236605405807495,0.013289502821862698,0.00544904125854373,314074.0775827645,1328.4771466563961,0.0007690036436542869,0.0007690014317631721,0.13611364364624023,0.0017233099788427353,6.328704671432206e-07,5.574458672441551e-09,2.202148685626071e-09,0.7690019501976529,0.7685172717694945
2021-07-30_02h22m33s_C41H80NO8P_+Cl__51,2021-07-30_02h22m33s,PC 15:0-18:1,C41H80NO8P,+Cl,,51,48.245627375896724,141745.77728984156,0.4858757062146893,0.3898305084745763,0.002803426410056736,0.004868373602596466,7.087548948384925e-05,7.087548948384925e-05,48.41171029383091,7,2025.4766845703125,2025.47119140625,358509.375,5019.79052734375,1.5236605405807495,0.013289502821862698,0.00544904125854373,314074.0775827645,1328.4771466563961,0.0007690036436542869,0.0007690014317631721,0.13611364364624023,0.0017233099788427353,6.328704671432206e-07,5.574458672441551e-09,2.202148685626071e-09,0.7690019501976529,0.7685172717694945
2021-07-30_02h22m33s_C41H80NO8P_-H__51,2021-07-30_02h22m33s,PC 15:0-18:1,C41H80NO8P,-H,,51,0.4371623556557478,1.8741629437915073,0.005649717514124294,0.005649717514124294,0.012192679942151518,0.027948070681572304,0.0029236139412087813,0.0029236139412087813,0.43775630434037643,144,0.36193645000457764,0.1732197403907776,64.06275177001953,4.801630020141602,3.446096897125244,0.19211898744106293,0.18871670961380005,1.9077731779206983,0.10499746911855588,1.7909329130816332e-07,9.92054722814828e-08,3.169951378367841e-05,2.375940994170378e-06,1.4236760534913628e-06,8.097731551970355e-08,7.988781902668052e-08,0.00017907898507861186,0.00017883868295779837
2021-07-30_02h22m33s_C41H80NO8P_-H_-HPO3_51,2021-07-30_02h22m33s,PC 15:0-18:1,C41H80NO8P,-H,-HPO3,51,0.37320260232057867,0.9728809101885777,0.005649717514124294,0.005649717514124294,0.014161753253977083,0.02951075850462796,0.0051384729875790704,0.0051384729875790704,0.37271468801315794,157,0.3217015564441681,-0.0066640377044677734,56.94117736816406,4.267853736877441,4.245576858520508,0.3296689987182617,0.32836559414863586,0.9767309098441862,0.07575550076261842,1.6107709654988867e-07,2.161561951652402e-08,2.8510645279311575e-05,2.1369289697759086e-06,1.7227755506610265e-06,1.3940200460638152e-07,1.3946147703336464e-07,0.00016105463563252027,0.00016080007411366118
2021-07-30_02h22m33s_C41H80NO8P_+Cl_+H2_51,2021-07-30_02h22m33s,PC 15:0-18:1,C41H80NO8P,+Cl,+H2,51,2.939241412503035,23.986558412117148,0.03954802259887006,0.03954802259887006,0.011669818667259984,0.02545378050246424,0.003455180112337651,0.003455180112337651,2.9401616055551654,136,4.851844787597656,4.6502532958984375,858.7764892578125,33.0130615234375,4.858100891113281,0.20127348601818085,0.20159171521663666,23.94888054730891,0.9985066983217212,2.1408338852779707e-06,2.053088564935024e-06,0.0003789275942835957,1.3777294952888042e-05,1.9354463347553974e-06,8.747752389126617e-08,8.774527771038265e-08,0.0021406460536955094,0.0021366984201522093
2021-07-30_02h22m33s_C41H80NO8P_-H_+C12H14N2_51,2021-07-30_02h22m33s,PC 15:0-18:1,C41H80NO8P,-H,+C12H14N2,51,0.6048220403551557,1.2369052430740985,0.011299435028248588,0.011299435028248588,0.013928134386472356,0.022839283567736506,0.008682247461771533,0.008682247461771533,0.6071942320683628,166,0.6746427416801453,0.13433104753494263,119.4117660522461,6.344765663146973,1.8344169855117798,0.5444279909133911,0.5403116941452026,1.2463110421907448,0.3675691938156663,2.618350549710158e-07,2.538594401357841e-08,4.634480501408689e-05,2.4620903786853887e-06,7.7908964613016e-07,2.3793573689090408e-07,2.3644911095743737e-07,0.00026177315894031184,0.0002616312207957894
2021-07-30_02h22m33s_C41H80NO8P_+Cl_-CH2O3_51,2021-07-30_02h22m33s,PC 15:0-18:1,C41H80NO8P,+Cl,-CH2O3,51,0.9472971244000765,1.7946692333865792,0.022598870056497175,0.022598870056497175,0.021615307598175548,0.03476980406298834,0.013856158194092527,0.013856158194092527,0.9501026968398519,183,1.6463278532028198,0.733081579208374,291.4000244140625,11.151952743530273,3.254049062728882,0.9163433313369751,0.9132462739944458,1.8007487698143154,0.5057766631089164,6.872088533782517e-07,2.926805393599352e-07,0.0001216359669342637,4.620261734089581e-06,1.3776269724985468e-06,3.9570943499711575e-07,3.9452831401831645e-07,0.0006869378369516037,0.0006862634383553337
2021-07-30_02h22m33s_C41H80NO8P_[M]-_-H2_51,2021-07-30_02h22m33s,PC 15:0-18:1,C41H80NO8P,[M]-,-H2,51,0.5232504182100083,3.3938404368182384,0.005649717514124294,0.005649717514124294,0.002803426410056736,0.00619064791441279,0.000797349256693304,0.000797349256693304,0.5240434947439075,67,0.30840811133384705,0.21884387731552124,54.58823776245117,4.091496467590332,0.4773080348968506,0.08987289667129517,0.08956422656774521,3.4054076650579796,0.6447897355526481,1.2660400727781962e-07,8.736869716585716e-08,2.2408908989746124e-05,1.6795920600998215e-06,1.9934178396852076e-07,3.9100481075138305e-08,3.923531011196246e-08,0.00012659904012522042,0.00012657877483903066
2021-07-30_02h22m33s_C41H80NO8P_[M]-_-CO2_51,2021-07-30_02h22m33s,PC 15:0-18:1,C41H80NO8P,[M]-,-CO2,51,0.5310943373996582,7.289793702255707,0.005649717514124294,0.005649717514124294,0.0033374123929246855,0.007903594181993028,0.0006378794053546432,0.0006378794053546432,0.5330234542131043,70,0.3098261058330536,0.2707444727420807,54.83921813964844,4.110307216644287,0.6775060296058655,0.041501354426145554,0.0390816368162632,7.729876582967816,0.45662984898310655,1.440514978412466e-07,1.2781697478203569e-07,2.5497114620520733e-05,1.911059143822058e-06,2.920013741913863e-07,1.719985220915987e-08,1.6234530164638272e-08,0.00014404915927082522,0.00014400944688485967
2021-07-30_02h22m33s_C41H80NO8P_-H_-H2_51,2021-07-30_02h22m33s,PC 15:0-18:1,C41H80NO8P,-H,-H2,51,1.3334253203143402,5.62850906513779,0.01694915254237288,0.01694915254237288,0.010913338524863722,0.024792643346556075,0.0027109874727572337,0.0027109874727572337,1.3358281797463727,149,1.0079761743545532,0.8336377143859863,178.41177368164062,7.722653865814209,2.524825096130371,0.17808404564857483,0.1743384599685669,5.748745452282711,0.3990680811188386,4.27480586040474e-07,3.518557889492513e-07,7.566406566184014e-05,3.2697826100047678e-06,1.0435392141516786e-06,7.689084924322742e-08,7.562480419665008e-08,0.0004274482603494809,0.00042703495831565797
2021-07-30_02h22m33s_C41H80NO8P_+Cl_+C12H14N2_51,2021-07-30_02h22m33s,PC 15:0-18:1,C41H80NO8P,+Cl,+C12H14N2,51,5.549633926923996,12.921972561844935,0.14124293785310735,0.14124293785310735,0.020680832128156634,0.02890972472652963,0.015450856707479137,0.015450856707479137,5.58020941135252,182,12.644445419311523,11.674519538879395,2238.06689453125,35.0070915222168,2.2532999515533447,0.9775228500366211,0.9699258208274841,13.023080803984728,5.609034152974523,4.846968295169063e-06,4.420245659275679e-06,0.00085791340097785,1.3203775779402349e-05,9.504100262347492e-07,4.2858380311372457e-07,4.26722436941418e-07,0.004844900867264244,0.004842366061913122
2021-07-30_02h22m33s_C41H80NO8P_-H_-NH3_51,2021-07-30_02h22m33s,PC 15:0-18:1,C41H80NO8P,-H,-NH3,51,0.0,0.0,0.0,0.0,0.0021470686394482147,0.004808270224786633,0.0005847227882417563,0.0005847227882417563,0.0,51,0.0,-0.03606957197189331,0.0,0.0,0.37473392486572266,0.03518759831786156,0.03606957197189331,0.0,0.0,0.0,-1.5412322085239794e-08,0.0,0.0,1.609123216894659e-07,1.5035460876333673e-08,1.5412322085239794e-08,0.0,0.0
2021-07-30_02h22m33s_C41H80NO8P_-H_-CH2O3_51,2021-07-30_02h22m33s,PC 15:0-18:1,C41H80NO8P,-H,-CH2O3,51,0.6218005564551429,0.9134671876450025,0.01694915254237288,0.01694915254237288,0.02562020246968517,0.03984853948791922,0.01725818168931729,0.01725818168931729,0.6202233804511746,188,1.050958275794983,-0.09989428520202637,186.0196075439453,8.006757736206055,4.0801100730896,1.1495156288146973,1.1508525609970093,0.9124069445878601,0.2575177481060578,5.02882926411985e-07,4.16747525378014e-09,8.901028195396066e-05,3.913119144272059e-06,1.7448669495934155e-06,4.974652370037802e-07,4.987154511582048e-07,0.0005026322559396973,0.0005020069910049157
2021-07-30_02h22m33s_C41H80NO8P_-H_-H2O_51,2021-07-30_02h22m33s,PC 15:0-18:1,C41H80NO8P,-H,-H2O,51,0.750799080129114,1.7665482735765785,0.011299435028248588,0.011299435028248588,0.012448548225609079,0.02500300516889049,0.005049878625724259,0.005049878625724259,0.7553856919876665,157,0.620937168598175,0.27710676193237305,109.9058837890625,5.812363147735596,2.404602527618408,0.35049742460250854,0.343830406665802,1.8007030603886576,0.25812126544983083,2.929323557054886e-07,1.4620776767060306e-07,5.184902693144977e-05,2.743816594374948e-06,1.0193435855399002e-06,1.4888765065279586e-07,1.4672458803488553e-07,0.00029288938163162887,0.0002926340610524443
2021-07-30_02h22m33s_C41H80NO8P_[M]-_-H3PO4_51,2021-07-30_02h22m33s,PC 15:0-18:1,C41H80NO8P,[M]-,-H3PO4,51,0.0,0.0,0.0,0.0,0.0016687061964623428,0.0039367712465440555,0.00033665857504828393,0.00033665857504828393,0.0,45,0.0,-0.021683553233742714,0.0,0.0,0.3285527527332306,0.021153345704078674,0.021683553233742714,0.0,0.0,0.0,-9.68160573933119e-09,0.0,0.0,1.5117097973416094e-07,9.444870663344318e-09,9.68160573933119e-09,0.0,0.0
2021-07-30_02h22m33s_C41H80NO8P_[M]-_-CH2O3_51,2021-07-30_02h22m33s,PC 15:0-18:1,C41H80NO8P,[M]-,-CH2O3,51,0.0,0.0,0.0,0.0,0.0029035487818444765,0.006731578314701286,0.0006555982777256055,0.0006555982777256055,0.0,56,0.0,-0.03993714973330498,0.0,0.0,0.9414321780204773,0.03996696695685387,0.03993714973330498,0.0,0.0,0.0,-1.825743822791992e-08,0.0,0.0,4.482527060645225e-07,1.8144968194633293e-08,1.825743822791992e-08,0.0,0.0
2021-07-30_02h22m33s_C41H80NO8P_+Cl_-H2O_51,2021-07-30_02h22m33s,PC 15:0-18:1,C41H80NO8P,+Cl,-H2O,51,2.734019808925401,10.470153090170456,0.03954802259887006,0.03954802259887006,0.012359550561797753,0.02560403894698882,0.004465155837482503,0.004465155837482503,2.736899933665157,160,3.0068905353546143,2.721219062805176,532.2196044921875,15.482624053955078,2.69071364402771,0.2861868739128113,0.285671591758728,10.48897282394591,1.1170915383314302,1.27575901842647e-06,1.1557797279238002e-06,0.00022580934455618262,6.506297722808085e-06,1.1383957598809502e-06,1.2034482210765418e-07,1.199792336592509e-07,0.0012756059721994743,0.00127430835120268
2021-07-30_02h22m33s_C41H80NO8P_[M]-_-CH2O2_51,2021-07-30_02h22m33s,PC 15:0-18:1,C41H80NO8P,[M]-,-CH2O2,51,0.0,0.0,0.0,0.0,0.002836800533985983,0.005980286092078375,0.0009922568527738894,0.0009922568527738894,0.0,68,0.0,-0.061429597437381744,0.0,0.0,0.4219724237918854,0.06088267266750336,0.061429597437381744,0.0,0.0,0.0,-2.5886292220889118e-08,0.0,0.0,1.7893982828809385e-07,2.5615166876491458e-08,2.5886292220889118e-08,0.0,0.0
2021-07-30_02h22m33s_C41H80NO8P_+Cl_-NH3_51,2021-07-30_02h22m33s,PC 15:0-18:1,C41H80NO8P,+Cl,-NH3,51,0.0,0.0,0.0,0.0,0.0038380242518633884,0.009706695516288015,0.0003898151921611709,0.0003898151921611709,0.0,54,0.0,-0.028215749189257622,0.0,0.0,1.6103774309158325,0.027525819838047028,0.028215749189257622,0.0,0.0,0.0,-1.245461600518638e-08,0.0,0.0,7.113598030628054e-07,1.2150074724104343e-08,1.245461600518638e-08,0.0,0.0
2021-07-30_02h22m33s_C41H80NO8P_-H_-CH2O2_51,2021-07-30_02h22m33s,PC 15:0-18:1,C41H80NO8P,-H,-CH2O2,51,1.2071504838195057,1.3889523938350652,0.05649717514124294,0.05649717514124294,0.04425408833018133,0.05682774371919702,0.03680209791448872,0.03680209791448872,1.2190788305832927,189,3.541110038757324,1.0243170261383057,626.7764892578125,14.541021347045898,5.402621269226074,2.548482656478882,2.5167930126190186,1.4064341353755079,0.6553216560390981,1.4594847925764043e-06,3.888335413648747e-07,0.0002583288005553186,6.141652193036862e-06,2.2763299512007507e-06,1.081180357687117e-06,1.0706512512115296e-06,0.001457923864566635,0.0014561700690342197
2021-07-30_02h22m33s_C41H80NO8P_+Cl_-H3PO4_51,2021-07-30_02h22m33s,PC 15:0-18:1,C41H80NO8P,+Cl,-H3PO4,51,0.6218005564551429,0.9134671876450025,0.01694915254237288,0.01694915254237288,0.02562020246968517,0.03984853948791922,0.01725818168931729,0.01725818168931729,0.6202233804511746,188,1.050958275794983,-0.09989428520202637,186.0196075439453,8.006757736206055,4.0801100730896,1.1495156288146973,1.1508525609970093,0.9124069445878601,0.2575177481060578,5.02882926411985e-07,4.16747525378014e-09,8.901028195396066e-05,3.913119144272059e-06,1.7448669495934155e-06,4.974652370037802e-07,4.987154511582048e-07,0.0005026322559396973,0.0005020069910049157
2021-07-30_02h22m33s_C41H80NO8P_-H_-H3PO4_51,2021-07-30_02h22m33s,PC 15:0-18:1,C41H80NO8P,-H,-H3PO4,51,0.9531238823124912,1.1538109588840615,0.14124293785310735,0.14124293785310735,0.12965847146512405,0.11512802019473495,0.13818948562113506,0.13818948562113506,0.9566765654203054,189,12.663742065429688,1.7476320266723633,2241.482421875,32.99055480957031,9.30188274383545,10.974577903747559,10.916110038757324,1.1599903289855618,1.3612707387740979,5.273301667330088e-06,5.285946826916188e-07,0.0009333743946626782,1.3732555089518428e-05,4.0172399167204276e-06,4.763341166835744e-06,4.744706984638469e-06,0.005248399549330207,0.005252202310557425
2021-07-30_02h22m33s_C41H80NO8P_[M]-_-HPO3_51,2021-07-30_02h22m33s,PC 15:0-18:1,C41H80NO8P,[M]-,-HPO3,51,0.0,0.0,0.0,0.0,0.0024140616308821893,0.00567976920302921,0.0004961284263869447,0.0004961284263869447,0.0,45,0.0,-0.030431494116783142,0.0,0.0,0.47017860412597656,0.03190842270851135,0.030431494116783142,0.0,0.0,0.0,-1.270702743028096e-08,0.0,0.0,2.0277185797112907e-07,1.3178349966835867e-08,1.270702743028096e-08,0.0,0.0
2021-07-30_02h22m33s_C41H80NO8P_+Cl_-CH2O2_51,2021-07-30_02h22m33s,PC 15:0-18:1,C41H80NO8P,+Cl,-CH2O2,51,0.8756733726062582,1.7209786300494272,0.01694915254237288,0.01694915254237288,0.01726554677939704,0.030682774371919703,0.009355564611868102,0.009355564611868102,0.8765694050418702,182,1.0641852617263794,0.44616132974624634,188.3607940673828,8.153324127197266,2.6415467262268066,0.617360532283783,0.6180239319801331,1.7191342801921483,0.4027119941397932,4.313311308123957e-07,1.682047070517001e-07,7.634561188751832e-05,3.3680200886010425e-06,1.1392825172151788e-06,2.626422030971298e-07,2.631264237606956e-07,0.00043121766605006554,0.0004308402820113881
2021-07-30_02h22m33s_C41H80NO8P_[M]-_-H2O_51,2021-07-30_02h22m33s,PC 15:0-18:1,C41H80NO8P,[M]-,-H2O,51,0.0,0.0,0.0,0.0,0.00233618867504728,0.00567976920302921,0.00037209631979020857,0.00037209631979020857,0.0,43,0.0,-0.02427046187222004,0.0,0.0,0.5125495791435242,0.024668840691447258,0.02427046187222004,0.0,0.0,0.0,-1.0233864422559691e-08,0.0,0.0,2.2537386712428997e-07,1.041684782876473e-08,1.0233864422559691e-08,0.0,0.0
2021-07-30_02h22m33s_C9H14N3O8P_-H__67,2021-07-30_02h22m33s,Cytidine monophosphate,C9H14N3O8P,-H,,67,65.21597719106346,24764.60451063018,0.6949152542372882,0.4519774011299435,0.001868950940037824,0.00024041351123933166,0.0006555982777256055,0.0006555982777256055,69.36549342143688,1,2552.877197265625,2552.874755859375,451859.28125,6150.849609375,0.032979078590869904,0.10208572447299957,0.002492395928129554,730981.6097033668,75130.85413539073,0.0010074075544252992,0.0010074068559333682,0.17831113934516907,0.0022278660908341408,1.3951211741414227e-08,4.87893458966937e-08,7.31358251737646e-10,1.0074068176500102,1.0073935000652727
2021-07-30_02h22m33s_C9H14N3O8P_-H_-NH3_67,2021-07-30_02h22m33s,Cytidine monophosphate,C9H14N3O8P,-H,-NH3,67,0.24161304200974681,0.14603345159147846,0.011299435028248588,0.0,0.03816887306708199,0.04068998677725688,0.0367666601697468,0.0367666601697468,0.2377850656825187,9,0.7500166296958923,-4.502164840698242,132.75294494628906,7.015763282775879,36.89443588256836,5.134923458099365,5.252181529998779,0.14277378868650414,0.020328168288431734,3.3322842796223995e-07,-2.205206101280055e-06,5.898142990190536e-05,3.19793684866454e-06,1.632511521165725e-05,2.481474894011626e-06,2.5384345008205855e-06,0.00033238469119456704,0.0003278758174669753
2021-07-30_02h22m33s_C9H14N3O8P_-H_+C12H14N2_67,2021-07-30_02h22m33s,Cytidine monophosphate,C9H14N3O8P,-H,+C12H14N2,67,17.41544815308702,235.1846419506672,0.3728813559322034,0.3728813559322034,0.015808210034486594,0.0213667508113956,0.011410953806899729,0.011410953806899729,17.37175512349677,178,142.67379760742188,142.0657196044922,25253.26171875,388.6156311035156,1.2113850116729736,0.6056458950042725,0.6080723404884338,234.247704456596,117.68027172370425,5.5287822760874406e-05,5.502378917299211e-05,0.00978594459593296,0.00014257882139645517,4.93013942559628e-07,2.630278856941004e-07,2.640339857862273e-07,0.05527322874998027,0.05526057852518758
2021-07-30_02h22m33s_C9H14N3O8P_[M]-_-NH3_67,2021-07-30_02h22m33s,Cytidine monophosphate,C9H14N3O8P,[M]-,-NH3,67,0.5103364447968641,0.713351870479728,0.01694915254237288,0.01694915254237288,0.02800088997663811,0.03618223344151941,0.02321172280596063,0.02321172280596063,0.5071532025068874,187,0.9763598442077637,-0.4042555093765259,172.81568908691406,7.492711544036865,3.6462209224700928,1.3676931858062744,1.3806153535842896,0.7066799320627252,0.26769967187688776,3.397970544938289e-07,-3.1057902560860384e-07,6.014408063492738e-05,2.6006766802311176e-06,1.565462753205793e-06,6.444341238420748e-07,6.503760801024328e-07,0.0003395762022545105,0.0003392659462914785
2021-07-30_02h22m33s_C9H14N3O8P_-H_+H2_67,2021-07-30_02h22m33s,Cytidine monophosphate,C9H14N3O8P,-H,+H2,67,75.99883383259034,39177.99238287145,0.7909604519774012,0.4180790960451977,0.0018800756480142396,0.00018031013342949875,0.0004075340645321332,0.0004075340645321332,78.95259413822083,1,2397.25390625,2397.251220703125,424313.9375,5753.45849609375,0.026630040258169174,0.060188788920640945,0.0026834222953766584,650822.4455444532,86762.59186923267,0.000950124638620764,0.0009501234744675457,0.16817206144332886,0.002102419501170516,1.259897963734602e-08,3.027101413977107e-08,1.1681763334436823e-09,0.9501235287089439,0.9501126681706046
2021-07-30_02h22m33s_C9H14N3O8P_[M]-_+C12H14N2_67,2021-07-30_02h22m33s,Cytidine monophosphate,C9H14N3O8P,[M]-,+C12H14N2,67,5.914975788341969,28.92905328014701,0.15819209039548024,0.15819209039548024,0.025831571921237067,0.0405397283327323,0.016744334390559387,0.016744334390559387,5.929375414529236,187,28.035892486572266,27.070966720581055,4962.35302734375,87.2109375,2.6860146522521973,0.9681258201599121,0.9649264216423035,29.024873798259513,10.433844290009059,1.0968030437652487e-05,1.0550167644396424e-05,0.0019413414411246777,3.275967901572585e-05,1.0716385077103041e-06,4.1914782400453987e-07,4.178630774731573e-07,0.010963449217022941,0.010956289256183948
2021-07-30_02h22m33s_C9H14N3O8P_+Cl_-NH3_67,2021-07-30_02h22m33s,Cytidine monophosphate,C9H14N3O8P,+Cl,-NH3,67,1.4249326477220767,2.2101200688856633,0.03954802259887006,0.0,0.027077539214595617,0.04282365668950595,0.017754310115704237,0.017754310115704237,1.4195072766024144,12,2.205118179321289,1.1998878717422485,390.305908203125,11.384956359863281,12.870030403137207,0.9967368245124817,1.0052303075790405,2.1914646803143274,0.17132413724885692,9.279935397898953e-07,4.930377599521307e-07,0.00016425485955551267,4.734237791126361e-06,5.156517545401584e-06,4.31630553521245e-07,4.34955808259474e-07,0.0009275900790973081,0.0009232328732803337
2021-07-30_02h22m33s_C9H14N3O8P_-H_-H3PO4_67,2021-07-30_02h22m33s,Cytidine monophosphate,C9H14N3O8P,-H,-H3PO4,67,1.4366225939795156,2.4324456421601934,0.2768361581920904,0.12994350282485875,0.20314829235732562,0.23743839403774492,0.1826992930169924,0.1826992930169924,1.4342430068938765,187,28.705883026123047,16.85956573486328,5080.94140625,83.44937133789062,20.754932403564453,11.800243377685547,11.846318244934082,2.422985728301651,1.3830206452779414,1.457514281355543e-05,8.883384907676373e-06,0.002579800318926573,4.3069187086075544e-05,9.421748472959734e-06,5.669074198522139e-06,5.691757905879058e-06,0.014492654134806474,0.014439101233557251
2021-07-30_02h22m33s_C9H14N3O8P_-H_-CH2O3_67,2021-07-30_02h22m33s,Cytidine monophosphate,C9H14N3O8P,-H,-CH2O3,67,1.296524355536599,1.4109041838421874,0.12994350282485875,0.12994350282485875,0.0955167426855045,0.10430941218896501,0.09022449811294009,0.09022449811294009,1.2924885889771849,189,7.250471115112305,2.0970616340637207,1283.3333740234375,19.54853057861328,7.699243068695068,5.137882709503174,5.153409481048584,1.4066540777891998,0.941589901829036,3.3504049952171044e-06,1.0133801424672129e-06,0.0005930216866545379,9.02228566701524e-06,3.3435326258768328e-06,2.3285820134333335e-06,2.3370248527498916e-06,0.0033425932716685805,0.0033392401368738294
2021-07-30_02h22m33s_C9H14N3O8P_+Cl_+C12H14N2_67,2021-07-30_02h22m33s,Cytidine monophosphate,C9H14N3O8P,+Cl,+C12H14N2,67,0.0,0.0,0.0,0.0,0.0016242073645566803,0.0033357374684457267,0.0006201605329836809,0.0006201605329836809,0.0,63,0.0,-0.034299157559871674,0.0,0.0,0.2061896175146103,0.03440414369106293,0.034299157559871674,0.0,0.0,0.0,-1.3820924849028415e-08,0.0,0.0,7.693715531331691e-08,1.3987668801007658e-08,1.3820924849028415e-08,0.0,0.0
2021-07-30_02h22m33s_C9H14N3O8P_+Cl__67,2021-07-30_02h22m33s,Cytidine monophosphate,C9H14N3O8P,+Cl,,67,1.0433931046888676,2.8564573610706887,0.022598870056497175,0.022598870056497175,0.016698186672599844,0.025213366991224905,0.011659018020093202,0.011659018020093202,1.0387651457093752,187,1.9647059440612793,1.2739808559417725,347.7529602050781,13.602965354919434,1.5798499584197998,0.6868121027946472,0.6907250881195068,2.840298809173514,1.242816203775074,6.92201979290985e-07,3.842866931336175e-07,0.0001225197484018281,4.734338290290907e-06,6.83915516219713e-07,3.056885873320425e-07,3.079152861573675e-07,0.0006919889053291829,0.0006917288951665631
2021-07-30_02h22m33s_C9H14N3O8P_-H_+HCl_67,2021-07-30_02h22m33s,Cytidine monophosphate,C9H14N3O8P,-H,+HCl,67,1.0433931046888676,2.8564573610706887,0.022598870056497175,0.022598870056497175,0.016698186672599844,0.025213366991224905,0.011659018020093202,0.011659018020093202,1.0387651457093752,187,1.9647059440612793,1.2739808559417725,347.7529602050781,13.602965354919434,1.5798499584197998,0.6868121027946472,0.6907250881195068,2.840298809173514,1.242816203775074,6.92201979290985e-07,3.842866931336175e-07,0.0001225197484018281,4.734338290290907e-06,6.83915516219713e-07,3.056885873320425e-07,3.079152861573675e-07,0.0006919889053291829,0.0006917288951665631
2021-07-30_02h22m33s_C9H14N3O8P_-H_-H2_67,2021-07-30_02h22m33s,Cytidine monophosphate,C9H14N3O8P,-H,-H2,67,1.5845338579456143,3.061368530890246,0.03389830508474576,0.03389830508474576,0.015474468795194126,0.02229835316744801,0.011393234934528767,0.011393234934528767,1.5859627971014785,182,2.0248589515686035,1.3647067546844482,358.4000244140625,10.962441444396973,1.3528294563293457,0.6604228019714355,0.6601521372795105,3.0626218042649516,1.4956528993383174,1.0317977512386278e-06,7.260354664140323e-07,0.00018262819503434002,5.756140581070213e-06,5.838323886564467e-07,3.0604741141360137e-07,3.0576228482459555e-07,0.0010314823628346111,0.0010311957057865461
2021-07-30_02h22m33s_C9H14N3O8P_[M]-_+HCl_67,2021-07-30_02h22m33s,Cytidine monophosphate,C9H14N3O8P,[M]-,+HCl,67,1.4690560530054437,2.0861932125201905,0.04519774011299435,0.04519774011299435,0.026454555567916344,0.03600192330808991,0.02076651841876783,0.02076651841876783,1.4707476855224628,188,2.6482553482055664,1.381145715713501,468.7412109375,12.255867958068848,2.302436590194702,1.2684199810028076,1.2671096324920654,2.088348893779211,1.149697525635693,1.102024157262349e-06,5.724040192944813e-07,0.00019505826639942825,5.143841462995624e-06,9.494782489127829e-07,5.299395411384467e-07,5.296201379678678e-07,0.0011014408120275196,0.0011009788018374904
2021-07-30_02h22m33s_C9H14N3O8P_+Cl_-CH2O2_67,2021-07-30_02h22m33s,Cytidine monophosphate,C9H14N3O8P,+Cl,-CH2O2,67,0.9675620139481355,0.8015493523825837,0.1807909604519774,0.1807909604519774,0.1734341973523195,0.16759826902271907,0.17685206513457483,0.17685206513457483,0.966207586179179,189,13.473246574401855,-3.404513359069824,2384.7646484375,31.848791122436523,14.541587829589844,16.80800437927246,16.87775993347168,0.798236755988426,0.9264682965838998,5.4414390433521476e-06,-2.1674441086361185e-06,0.0009631347493268549,1.2805638107238337e-05,6.303932877926854e-06,7.564092811662704e-06,7.608883151988266e-06,0.005400348423219844,0.005407351462684028
2021-07-30_02h22m33s_C9H14N3O8P_+Cl_+HCl_67,2021-07-30_02h22m33s,Cytidine monophosphate,C9H14N3O8P,+Cl,+HCl,67,0.0,0.0,0.0,0.0,0.0058404716876182,0.01042793605000601,0.0031539592820312916,0.0031539592820312916,0.0,101,0.0,-0.1758842021226883,0.0,0.0,1.007275104522705,0.17468391358852386,0.1758842021226883,0.0,0.0,0.0,-7.865687479124972e-08,0.0,0.0,3.89591974681025e-07,7.82146898359315e-08,7.865687479124972e-08,0.0,0.0
2021-07-30_02h22m33s_C9H14N3O8P_+Cl_-H3PO4_67,2021-07-30_02h22m33s,Cytidine monophosphate,C9H14N3O8P,+Cl,-H3PO4,67,1.296524355536599,1.4109041838421874,0.12994350282485875,0.12994350282485875,0.0955167426855045,0.10430941218896501,0.09022449811294009,0.09022449811294009,1.2924885889771849,189,7.250471115112305,2.0970616340637207,1283.3333740234375,19.54853057861328,7.699243068695068,5.137882709503174,5.153409481048584,1.4066540777891998,0.941589901829036,3.3504049952171044e-06,1.0133801424672129e-06,0.0005930216866545379,9.02228566701524e-06,3.3435326258768328e-06,2.3285820134333335e-06,2.3370248527498916e-06,0.0033425932716685805,0.0033392401368738294
2021-07-30_02h22m33s_C9H14N3O8P_+Cl_-HPO3_67,2021-07-30_02h22m33s,Cytidine monophosphate,C9H14N3O8P,+Cl,-HPO3,67,0.9192892282587557,1.0041334310603467,0.615819209039548,0.615819209039548,0.6518300144621204,0.6383579757182354,0.6598862448393784,0.6598862448393784,0.9186618023427592,189,63.661617279052734,0.15653610229492188,11268.1064453125,59.03216552734375,61.164703369140625,63.3985595703125,63.50508117675781,1.0024491528907604,1.0408057746814263,3.1511000997852534e-05,-6.120171747170389e-07,0.005577446892857552,3.099289460806176e-05,3.0735180189367384e-05,3.20395702146925e-05,3.212301817256957e-05,0.030530276375043443,0.030571384001915322
2021-07-30_02h22m33s_C9H14N3O8P_[M]-__67,2021-07-30_02h22m33s,Cytidine monophosphate,C9H14N3O8P,[M]-,,67,1.688289958824765,2.9184017389002914,0.10734463276836158,0.10734463276836158,0.07059739681833352,0.09926072845293905,0.05358187004979003,0.05358187004979003,1.687344389442187,189,9.898792266845703,6.50076961517334,1752.0863037109375,33.43909454345703,6.697146892547607,3.3908538818359375,3.3980226516723633,2.912246631241298,1.4778404274560102,4.763403921970166e-06,3.2157149689737707e-06,0.0008431224850937724,1.6441368643427268e-05,2.857623940144549e-06,1.5444461496372242e-06,1.5476890666832332e-06,0.00475604304614697,0.004749830692072865
2021-07-30_02h22m33s_C9H14N3O8P_[M]-_-H2_67,2021-07-30_02h22m33s,Cytidine monophosphate,C9H14N3O8P,[M]-,-H2,67,2.0518578077250456,3.3172952085677645,0.062146892655367235,0.062146892655367235,0.030248080987874067,0.046970789758384424,0.020288108864751846,0.020288108864751846,2.055083982002969,189,4.008640766143799,2.803220748901367,709.5294189453125,16.484851837158203,3.0182974338531494,1.2074064016342163,1.2054200172424316,3.3227571731663814,1.3276733591059544,1.6619319467281457e-06,1.1250092484260676e-06,0.00029416196048259735,6.769924766558688e-06,1.270708935408038e-06,5.383594725572038e-07,5.369226983020781e-07,0.0016610400965974925,0.0016598227950712547
2021-07-30_02h22m33s_C9H14N3O8P_+Cl_-CH2O3_67,2021-07-30_02h22m33s,Cytidine monophosphate,C9H14N3O8P,+Cl,-CH2O3,67,0.8158097119546435,1.2635019659088387,0.022598870056497175,0.022598870056497175,0.018522638780732004,0.019894218055054695,0.01770115349859135,0.01770115349859135,0.8170079810359382,180,1.3505041599273682,0.2850003242492676,239.0392303466797,8.92465877532959,1.2173824310302734,1.0678579807281494,1.0655038356781006,1.2662909543768266,1.10844027747952,6.008505124555086e-07,1.2170931995569845e-07,0.00010635054059093818,3.959080004278803e-06,5.272458452054707e-07,4.79942912079423e-07,4.791411924998101e-07,0.0006005627580994218,0.0006005338834605488
2021-07-30_02h22m33s_C9H14N3O8P_+Cl_-H2_67,2021-07-30_02h22m33s,Cytidine monophosphate,C9H14N3O8P,+Cl,-H2,67,0.36300546164444686,0.8566153702734257,0.005649717514124294,0.005649717514124294,0.00611858938702859,0.007062146892655367,0.005563725924482166,0.005563725924482166,0.36267367158363023,108,0.2884679436683655,-0.048884034156799316,51.0588264465332,3.8269600868225098,0.4561564028263092,0.3357531726360321,0.3373519778251648,0.8525676294921034,0.631004929352297,1.3927387954026926e-07,-1.7439120369999728e-08,2.4651475541759282e-05,1.8476762306818273e-06,1.928098924963706e-07,1.5554134336071002e-07,1.56712999910269e-07,0.00013925205693268367,0.0001392470313351271
2021-07-30_02h22m33s_C9H14N3O8P_[M]-_-CH2O3_67,2021-07-30_02h22m33s,Cytidine monophosphate,C9H14N3O8P,[M]-,-CH2O3,67,0.9932898433188878,1.1459457657651013,0.2937853107344633,0.2937853107344633,0.2756368895316498,0.2583543695155668,0.2857699735988802,0.2857699735988802,0.9937909214292099,189,24.72405242919922,3.1540050506591797,4376.1572265625,41.445491790771484,20.479501724243164,21.574237823486328,21.57004737854004,1.1461683800201536,1.2071995482382583,1.1019516932719853e-05,9.77990566752851e-07,0.0019504544325172901,1.8803439161274582e-05,9.569776921125595e-06,1.0039771950687282e-05,1.0041526365967002e-05,0.010909964239160564,0.010915062222173448
2021-07-30_02h22m33s_C9H14N3O8P_-H_-CH2O2_67,2021-07-30_02h22m33s,Cytidine monophosphate,C9H14N3O8P,-H,-CH2O2,67,1.4539834007404722,2.062740767298196,0.04519774011299435,0.04519774011299435,0.026398932028034266,0.03531073446327684,0.02108545812144515,0.02108545812144515,1.4501703531223304,188,2.502714157104492,1.2839505672454834,442.98040771484375,11.63770580291748,2.2511115074157715,1.2122955322265625,1.2187635898590088,2.0518026426692884,1.1112745300858924,1.2502430308813928e-06,6.524949185404694e-07,0.0002212930121459067,5.949292244622484e-06,1.0870900268855621e-06,5.939211860095384e-07,5.977481123409234e-07,0.0012494961469181952,0.001248885380040028
2021-07-30_02h22m33s_C9H14N3O8P_+Cl_-H2O_67,2021-07-30_02h22m33s,Cytidine monophosphate,C9H14N3O8P,+Cl,-H2O,67,0.8171844313457277,3.0644892126546543,0.011299435028248588,0.011299435028248588,0.0061519635109578375,0.010067315783147013,0.0038272764321278592,0.0038272764321278592,0.8146641319981475,101,0.6655367612838745,0.44692835211753845,117.80000305175781,6.284557342529297,0.8902977108955383,0.2161770612001419,0.21860840916633606,3.030561369714139,0.746705341153823,2.2823518008863175e-07,1.2765501367084653e-07,4.0397626435151324e-05,2.164787701985915e-06,3.8670441426802427e-07,9.952831447890276e-08,1.0058016641778522e-07,0.00022821222646491533,0.00022814695465416516
2021-07-30_02h22m33s_C9H14N3O8P_[M]-_-HPO3_67,2021-07-30_02h22m33s,Cytidine monophosphate,C9H14N3O8P,[M]-,-HPO3,67,0.0,0.0,0.0,0.0,0.013594393147179886,0.01839163360980887,0.01080851214628701,0.01080851214628701,0.0,6,0.0,-4.547606945037842,0.0,0.0,59.90833282470703,4.434877872467041,4.547606945037842,0.0,0.0,0.0,-2.1616745016217465e-06,0.0,0.0,2.436891918478068e-05,2.1080895749037154e-06,2.1616745016217465e-06,0.0,0.0
2021-07-30_02h22m33s_C9H14N3O8P_[M]-_-H2O_67,2021-07-30_02h22m33s,Cytidine monophosphate,C9H14N3O8P,[M]-,-H2O,67,1.17974021676015,2.1410899481316528,0.02824858757062147,0.02824858757062147,0.020725330960062297,0.03218535881716553,0.01394475255594734,0.01394475255594734,1.188298325189826,187,1.7891216278076172,0.9638784527778625,316.6745300292969,10.68655014038086,2.0684525966644287,0.8346125483512878,0.8252431750297546,2.1653693269456507,0.8645385889444133,7.798886940690863e-07,4.029939191241283e-07,0.00013804029731545597,4.702244950749446e-06,8.932560717767046e-07,3.811043427504046e-07,3.7689477494495804e-07,0.000779594868836448,0.0007791926754806293
2021-07-30_02h22m33s_C9H14N3O8P_-H_-H2O_67,2021-07-30_02h22m33s,Cytidine monophosphate,C9H14N3O8P,-H,-H2O,67,1.3079006823275472,5.566945309121846,0.01694915254237288,0.01694915254237288,0.0049504950495049506,0.008264214448852026,0.0029590516859507063,0.0029590516859507063,1.3094801336746098,113,0.9675862193107605,0.7957921624183655,171.26275634765625,7.474324703216553,0.5513502359390259,0.1728091835975647,0.17179404199123383,5.599650359240095,1.7517621182252425,4.6695541300323384e-07,3.898921363543195e-07,8.265110955107957e-05,3.5971927445643814e-06,2.3007035565569822e-07,7.75379476181115e-08,7.706329085976904e-08,0.0004669194306553412,0.0004668480051166595
2021-07-30_02h22m33s_C9H14N3O8P_[M]-_-CH2O2_67,2021-07-30_02h22m33s,Cytidine monophosphate,C9H14N3O8P,[M]-,-CH2O2,67,1.096122715758333,1.1448224507769724,0.5028248587570622,0.5028248587570622,0.4683279563911447,0.5013823776896261,0.44873044279462054,0.44873044279462054,1.0967406893674643,189,40.16160583496094,5.102329254150391,7108.6044921875,44.29988479614258,41.714927673339844,35.080078125,35.05927658081055,1.1455016831482296,0.9627403266553208,1.9573950339690782e-05,2.1603736968245357e-06,0.0034645891282707453,2.2458516468759626e-05,2.0628285710699856e-05,1.7418809875380248e-05,1.7413576642866246e-05,0.019238931727526627,0.019178334182714467
2021-07-30_02h22m33s_C9H14N3O8P_-H_-CO2_67,2021-07-30_02h22m33s,Cytidine monophosphate,C9H14N3O8P,-H,-CO2,67,0.9192892282587557,1.0041334310603467,0.615819209039548,0.615819209039548,0.6518300144621204,0.6383579757182354,0.6598862448393784,0.6598862448393784,0.9186618023427592,189,63.661617279052734,0.15653610229492188,11268.1064453125,59.03216552734375,61.164703369140625,63.3985595703125,63.50508117675781,1.0024491528907604,1.0408057746814263,3.1511000997852534e-05,-6.120171747170389e-07,0.005577446892857552,3.099289460806176e-05,3.0735180189367384e-05,3.20395702146925e-05,3.212301817256957e-05,0.030530276375043443,0.030571384001915322
2021-07-30_02h22m33s_C9H14N3O8P_+Cl_-CO2_67,2021-07-30_02h22m33s,Cytidine monophosphate,C9H14N3O8P,+Cl,-CO2,67,1.5269584794159103,1.5791604939637196,0.2033898305084746,0.03389830508474576,0.1357548114361998,0.1566895059502344,0.12319931959530095,0.12319931959530095,1.536314259141772,170,137.6060333251953,50.711036682128906,24356.267578125,330.62579345703125,113.89617156982422,87.13772583007812,86.8949966430664,1.5835716102138193,1.2081602328538639,6.127428059699014e-05,2.137927003786899e-05,0.010845547541975975,0.00013594338088296354,5.095701999380253e-05,3.9959733840078115e-05,3.989501055912115e-05,0.0589235259086826,0.058303317292034904
2021-07-30_02h22m33s_C9H13NO3_-H_-H2O_70,2021-07-30_02h22m33s,Epinephrine,C9H13NO3,-H,-H2O,70,22.535670700353776,193.9422838571147,0.6214689265536724,0.3898305084745763,0.020703081544109467,0.02280923187883159,0.017577121391994615,0.017577121391994615,22.816826215472933,5,290.7463073730469,289.2713623046875,51462.09375,484.5640563964844,10.982417106628418,1.4981383085250854,1.474937081336975,196.99099036774308,26.471389054102612,0.00011975053348578513,0.00011901126708835363,0.021195843815803528,0.00017654600378591567,5.449361196951941e-06,7.50167657770362e-07,7.392644647552515e-07,0.11966207156849554,0.11910150635853639
2021-07-30_02h22m33s_C9H13NO3_[M]-_+C12H14N2_70,2021-07-30_02h22m33s,Epinephrine,C9H13NO3,[M]-,+C12H14N2,70,0.9054265215985083,0.8351000108615765,0.8361581920903954,0.8361581920903954,0.9124485482256091,0.9110770525303522,0.913496465084962,0.913496465084962,0.9049379113364554,189,782.8489379882812,-155.721923828125,138564.265625,392.3614807128906,943.2200317382812,937.4303588867188,938.5708618164062,0.834085241457424,0.8299740057169347,0.00033639874891377985,-0.0001029105915222317,0.05954257771372795,0.00017079824465326965,0.0004380109312478453,0.0004378791491035372,0.00043930934043601155,0.23372234130841826,0.23393337394303892
2021-07-30_02h22m33s_C9H13NO3_-H_+C12H14N2_70,2021-07-30_02h22m33s,Epinephrine,C9H13NO3,-H,+C12H14N2,70,0.9759521766629109,0.795453519772656,0.9661016949152542,0.9661016949152542,0.9808766269885415,0.9826000721240534,0.9799067987313287,0.9799067987313287,0.9758764119687492,189,343.1140441894531,-89.9613037109375,60731.1875,105.3011245727539,419.95733642578125,431.3429260253906,433.0753479003906,0.7922714917425386,0.8170192479322084,0.00015017454279586673,-5.998881533741951e-05,0.026580894365906715,5.890259853913449e-05,0.00020040941308252513,0.0002088499313686043,0.00021016335813328624,0.12409443880991036,0.1251027700709496
2021-07-30_02h22m33s_C9H13NO3_+Cl_+C12H14N2_70,2021-07-30_02h22m33s,Epinephrine,C9H13NO3,+Cl,+C12H14N2,70,1.0189217935840917,0.9749686179261994,0.632768361581921,0.632768361581921,0.6304260763154967,0.6633309291982209,0.6110175948402644,0.6110175948402644,1.0174212197786736,189,69.80944061279297,-2.0215606689453125,12356.2705078125,59.1910400390625,79.83018493652344,71.6007308959961,71.83100128173828,0.9718431808545545,0.8744632898572267,2.890097130148206e-05,-3.7412846722872928e-06,0.00511547178030014,2.488873724360019e-05,3.588413892430253e-05,3.245946209062822e-05,3.264225597376935e-05,0.02798739944476588,0.027899810621189562
2021-07-30_02h22m33s_C9H13NO3_+Cl_-H2_70,2021-07-30_02h22m33s,Epinephrine,C9H13NO3,+Cl,-H2,70,1.6435100276826182,1.81837999592524,0.2824858757062147,0.2824858757062147,0.1603960396039604,0.1572304363505229,0.1618796179811117,0.1618796179811117,1.6400925792118841,189,20.93302345275879,9.371954917907715,3705.14501953125,36.32476806640625,10.606459617614746,11.510908126831055,11.561068534851074,1.8104912100859138,1.9734247602505517,8.826232260616962e-06,3.3920300666068215e-06,0.0015622430946677923,1.5614807125530206e-05,4.896170139545575e-06,5.405655429058243e-06,5.43420219401014e-06,0.008778527964691057,0.008783228081555234
2021-07-30_02h22m33s_C9H13NO3_+Cl_+H2_70,2021-07-30_02h22m33s,Epinephrine,C9H13NO3,+Cl,+H2,70,1.0955014916775154,1.2912953160694216,0.4350282485875706,0.4350282485875706,0.38663922572032483,0.3855932203389831,0.3871042046884136,0.3871042046884136,1.1032740660241562,189,46.60013961791992,10.839103698730469,8248.224609375,58.09214401245117,36.504180908203125,36.0869026184082,35.76103591918945,1.3030617083216698,1.2765349591090056,2.102976395690348e-05,3.928620571969077e-06,0.003722268156707287,2.782051160465926e-05,1.7530253899167292e-05,1.7224841940333135e-05,1.7101143384934403e-05,0.020676177677783326,0.020667458167772018
2021-07-30_02h22m33s_C9H13NO3_+Cl_+HCl_70,2021-07-30_02h22m33s,Epinephrine,C9H13NO3,+Cl,+HCl,70,1.3270395770854642,2.7469029965504332,0.02824858757062147,0.02824858757062147,0.016186450105684726,0.02443202307969708,0.011286921700302993,0.011286921700302993,1.3218528653270707,182,1.7358812093734741,1.099194884300232,307.2509765625,10.24267864227295,1.6677112579345703,0.6309412121772766,0.6366863250732422,2.7221552997456824,1.040252590805939,6.880359251226764e-07,4.119801815249957e-07,0.00012178235920146108,4.11001019529067e-06,6.944831056898693e-07,2.7320126605445694e-07,2.760557435976807e-07,0.0006878460412722723,0.000687558427410665
2021-07-30_02h22m33s_C9H13NO3_-H_-H2_70,2021-07-30_02h22m33s,Epinephrine,C9H13NO3,-H,-H2,70,1.5914437080982424,1.734719791752477,0.4519774011299435,0.0,0.27722772277227725,0.28176463517249667,0.2740046423445612,0.2740046423445612,1.595251854769132,4,73.04712677001953,31.031879425048828,12929.341796875,84.72591400146484,59.95394515991211,42.10789108276367,42.0152473449707,1.738544762702688,1.2183670016741388,3.28715868818108e-05,1.201405939355027e-05,0.005818271078169346,3.880660733557306e-05,2.9185121093178168e-05,2.0865240003331564e-05,2.085752748826053e-05,0.032199975017756635,0.03193943072835654
2021-07-30_02h22m33s_C9H13NO3_[M]-_+HCl_70,2021-07-30_02h22m33s,Epinephrine,C9H13NO3,[M]-,+HCl,70,0.9179758519992288,1.0614126317464485,0.384180790960452,0.384180790960452,0.41693180554010456,0.43139199423007574,0.4085086025125361,0.4085086025125361,0.9134737425831072,189,109.8907699584961,6.035545349121094,19450.666015625,145.39041137695312,121.2535171508789,103.53156280517578,103.855224609375,1.0581048018240435,0.9062818651263711,4.735315451398492e-05,-2.899661922128871e-06,0.00838150829076767,6.631750147789717e-05,5.727478855988011e-05,4.999084922019392e-05,5.025281643611379e-05,0.04508738636347697,0.04478793500645647
2021-07-30_02h22m33s_C9H13NO3_-H_-CH2O2_70,2021-07-30_02h22m33s,Epinephrine,C9H13NO3,-H,-CH2O2,70,1.1222539445500128,1.203178155018716,0.11299435028248588,0.11299435028248588,0.09141172544220715,0.09252915013823777,0.0906851887945851,0.0906851887945851,1.122998069302066,189,7.225346088409424,1.229907512664795,1278.88623046875,20.600019454956055,6.111863613128662,6.004217147827148,5.995438575744629,1.2049395649003527,1.1819903969215788,3.357056812092196e-06,4.5027968553768005e-07,0.0005941990530118346,9.872047485259827e-06,2.9590803478640737e-06,2.9057919164188206e-06,2.906777126554516e-06,0.0033473268788855506,0.0033471523194424264
2021-07-30_02h22m33s_C9H13NO3_[M]-_-H2O_70,2021-07-30_02h22m33s,Epinephrine,C9H13NO3,[M]-,-H2O,70,2.205654615755441,7.9309243887732706,0.03389830508474576,0.03389830508474576,0.006252085882745578,0.007603077292943863,0.00536881832840158,0.00536881832840158,2.2202976461134707,139,2.49168062210083,2.1853229999542236,441.0274658203125,13.642030715942383,0.44921162724494934,0.3131727874279022,0.30635756254196167,8.10678156572333,5.534465285467109,1.2469641887946636e-06,1.0994031072186772e-06,0.00022071265266276896,6.916012353030965e-06,2.0617740403849893e-07,1.5022797583696956e-07,1.475611099976959e-07,0.0012467802125225805,0.001246707145951715
2021-07-30_02h22m33s_C9H13NO3_+Cl_-NH3_70,2021-07-30_02h22m33s,Epinephrine,C9H13NO3,+Cl,-NH3,70,0.7949615296836336,1.2331837301385422,0.022598870056497175,0.022598870056497175,0.020536210924463234,0.024101454501743,0.018427627265800803,0.018427627265800803,0.7957409682840024,185,1.3835160732269287,0.2652348279953003,244.88235473632812,9.120646476745605,1.5762827396392822,1.120905876159668,1.1182812452316284,1.2360754538870333,0.877151596512958,6.270304879762989e-07,1.0218332135991659e-07,0.00011098439426859841,4.2572146412567236e-06,7.406686108879512e-07,5.251185370980238e-07,5.248471666163823e-07,0.0006267015654353661,0.0006265664099038464
2021-07-30_02h22m33s_C9H13NO3_+Cl_-CH2O2_70,2021-07-30_02h22m33s,Epinephrine,C9H13NO3,+Cl,-CH2O2,70,0.8850710889215965,0.9553476567245123,0.096045197740113,0.096045197740113,0.10145733674491045,0.10647313379011901,0.09851693038255045,0.09851693038255045,0.8847526351460159,189,6.639615535736084,-0.3134441375732422,1175.2119140625,21.439697265625,7.651926040649414,6.948946952819824,6.953059673309326,0.9547826518112688,0.8675917551625335,2.9483853722922504e-06,-3.662491963041248e-07,0.0005218642181716859,1.0004294381360523e-05,3.6044275475433096e-06,3.3050725960492855e-06,3.314634568596375e-06,0.002938644838525646,0.0029377962983852795
2021-07-30_02h22m33s_C9H13NO3_+Cl_-CO2_70,2021-07-30_02h22m33s,Epinephrine,C9H13NO3,+Cl,-CO2,70,0.48844667863268854,0.589530927455174,0.01694915254237288,0.01694915254237288,0.02575369896540216,0.02758745041471331,0.024700108085121464,0.024700108085121464,0.4909818701009387,188,0.8986374139785767,-0.6130547523498535,159.05882263183594,6.857945919036865,1.6999822854995728,1.5233261585235596,1.5116921663284302,0.5940649617824939,0.528304980974361,4.783798317475885e-07,-2.669657419573923e-07,8.46732291392982e-05,3.7337208595999982e-06,8.137180884659756e-07,7.505145163122506e-07,7.453455737049808e-07,0.0004780235390186541,0.0004779908819208477
2021-07-30_02h22m33s_C9H13NO3_+Cl__70,2021-07-30_02h22m33s,Epinephrine,C9H13NO3,+Cl,,70,1.453504779622702,1.5953735615438305,0.22033898305084745,0.22033898305084745,0.13978195572366225,0.13628440918379614,0.14159150911635984,0.14159150911635984,1.4658557693282508,189,16.551345825195312,6.278633117675781,2929.58837890625,32.76103973388672,9.852862358093262,10.373589515686035,10.272712707519531,1.611038413900854,1.6796810452300681,7.36973424864118e-06,2.416016286588274e-06,0.0013044429942965508,1.4949212527426425e-05,4.7231615099008195e-06,4.99143015986192e-06,4.953717962052906e-06,0.007333406620541963,0.0073350894365428205
2021-07-30_02h22m33s_C9H13NO3_-H_+HCl_70,2021-07-30_02h22m33s,Epinephrine,C9H13NO3,-H,+HCl,70,1.453504779622702,1.5953735615438305,0.22033898305084745,0.22033898305084745,0.13978195572366225,0.13628440918379614,0.14159150911635984,0.14159150911635984,1.4658557693282508,189,16.551345825195312,6.278633117675781,2929.58837890625,32.76103973388672,9.852862358093262,10.373589515686035,10.272712707519531,1.611038413900854,1.6796810452300681,7.36973424864118e-06,2.416016286588274e-06,0.0013044429942965508,1.4949212527426425e-05,4.7231615099008195e-06,4.99143015986192e-06,4.953717962052906e-06,0.007333406620541963,0.0073350894365428205
2021-07-30_02h22m33s_C9H13NO3_[M]-_+H2_70,2021-07-30_02h22m33s,Epinephrine,C9H13NO3,[M]-,+H2,70,0.0,0.0,0.0,0.0,0.008232283902547557,0.007452818848419281,0.008717685206513457,0.008717685206513457,0.0,73,0.0,-41.595027923583984,0.0,0.0,35.80046463012695,40.57646942138672,41.595027923583984,0.0,0.0,0.0,-1.9316337784403004e-05,0.0,0.0,1.5708114005974494e-05,1.8843331417883746e-05,1.9316337784403004e-05,0.0,0.0
2021-07-30_02h22m33s_C9H13NO3_[M]-_-CH2O3_70,2021-07-30_02h22m33s,Epinephrine,C9H13NO3,[M]-,-CH2O3,70,0.0,0.0,0.0,0.0,0.00025586828345755926,0.00027046520014424813,0.00024806421319347236,0.00024806421319347236,0.0,9,0.0,-0.013713774271309376,0.0,0.0,0.014289047569036484,0.013377956114709377,0.013713774271309376,0.0,0.0,0.0,-5.655058643583288e-09,0.0,0.0,5.275503589530217e-09,5.5165805257217926e-09,5.655058643583288e-09,0.0,0.0
2021-07-30_02h22m33s_C9H13NO3_-H_-CH2O3_70,2021-07-30_02h22m33s,Epinephrine,C9H13NO3,-H,-CH2O3,70,0.0,0.0,0.0,0.0,0.0004004894871509623,0.0005409304002884963,0.0003189397026773216,0.0003189397026773216,0.0,10,0.0,-0.01711956411600113,0.0,0.0,0.03519511967897415,0.017819974571466446,0.01711956411600113,0.0,0.0,0.0,-7.168244220423503e-09,0.0,0.0,1.607252464452813e-08,7.442924054856803e-09,7.168244220423503e-09,0.0,0.0
2021-07-30_02h22m33s_C9H13NO3_+Cl_-CH2O3_70,2021-07-30_02h22m33s,Epinephrine,C9H13NO3,+Cl,-CH2O3,70,1.1896010951105052,1.517378920388473,0.062146892655367235,0.062146892655367235,0.04484369785293136,0.04916456304844332,0.042241791732374155,0.042241791732374155,1.191100999161457,189,3.9348623752593994,1.3465535640716553,696.4706420898438,15.575810432434082,3.087519645690918,2.5921969413757324,2.588308811187744,1.5196574306849229,1.2740286048525848,1.7686857063381467e-06,5.053597078585881e-07,0.0003130573604721576,7.138871296774596e-06,1.473340034863213e-06,1.2621043197214021e-06,1.2633259984795586e-06,0.0017664540989498225,0.0017660836645702173
2021-07-30_02h22m33s_C9H13NO3_-H_+H2_70,2021-07-30_02h22m33s,Epinephrine,C9H13NO3,-H,+H2,70,1.035728697452686,1.0757581517761012,0.1016949152542373,0.1016949152542373,0.09073311825564578,0.09499338862844092,0.08818682779027942,0.08818682779027942,1.0452275362541252,189,6.438905715942383,0.5174236297607422,1139.686279296875,19.37943458557129,6.431464195251465,5.9844584465026855,5.921482086181641,1.0871971619746497,1.0010014079356513,2.6836810320673976e-06,-1.5634418559784535e-07,0.000475011533126235,8.112310752039775e-06,3.0959142804931616e-06,2.8620738703466486e-06,2.840025217665243e-06,0.0026760808948415355,0.002675398228485822
2021-07-30_02h22m33s_C9H13NO3_[M]-_-CO2_70,2021-07-30_02h22m33s,Epinephrine,C9H13NO3,[M]-,-CO2,70,0.0,0.0,0.0,0.0,0.00036711536322171545,0.0004808270224786633,0.0003012208303063593,0.0003012208303063593,0.0,13,0.0,-0.015957234427332878,0.0,0.0,0.02766711637377739,0.01661488227546215,0.015957234427332878,0.0,0.0,0.0,-6.7666867664684105e-09,0.0,0.0,1.161529628035396e-08,6.963866372444727e-09,6.7666867664684105e-09,0.0,0.0
2021-07-30_02h22m33s_C9H13NO3_[M]-_-CH2O2_70,2021-07-30_02h22m33s,Epinephrine,C9H13NO3,[M]-,-CH2O2,70,0.0,0.0,0.0,0.0,0.0011013460896651462,0.001322274311816324,0.0009745379804029272,0.0009745379804029272,0.0,37,0.0,-0.05623012036085129,0.0,0.0,0.07718982547521591,0.054853182286024094,0.05623012036085129,0.0,0.0,0.0,-2.6227480631746403e-08,0.0,0.0,3.535335579840648e-08,2.5585233487390724e-08,2.6227480631746403e-08,0.0,0.0
2021-07-30_02h22m33s_C9H13NO3_[M]-_-NH3_70,2021-07-30_02h22m33s,Epinephrine,C9H13NO3,[M]-,-NH3,70,0.9284213792750426,1.2275193726300042,0.6271186440677966,0.6271186440677966,0.6717432417399043,0.6826241134751773,0.6654676896362316,0.6654676896362316,0.925542393395603,189,531.8018188476562,100.0947265625,94128.921875,440.96893310546875,471.4286804199219,433.23193359375,431.70709228515625,1.2318551084661742,1.1280618105630482,0.00023458350915461779,2.72728648269549e-05,0.041521281003952026,0.0002204390912083909,0.00022612453904002905,0.0002075518568744883,0.00020731064432766289,0.19430252707268608,0.19132111109877997
2021-07-30_02h22m33s_C9H13NO3_[M]-__70,2021-07-30_02h22m33s,Epinephrine,C9H13NO3,[M]-,,70,0.9473351199707429,1.2310071574566561,0.1694915254237288,0.1694915254237288,0.1692846812771165,0.16991224906839764,0.16891401031238373,0.16891401031238373,0.938621837862646,189,33.486873626708984,6.132074356079102,5927.1767578125,77.3846435546875,28.421293258666992,27.201826095581055,27.354799270629883,1.2241233858833593,1.1781904198211597,1.3882150597055443e-05,2.5528515834594145e-07,0.002457140712067485,3.326190199004486e-05,1.382917253067717e-05,1.3520633729058318e-05,1.3626865438709501e-05,0.013695523540654269,0.01369279063296572
2021-07-30_02h22m33s_C9H13NO3_-H_-CO2_70,2021-07-30_02h22m33s,Epinephrine,C9H13NO3,-H,-CO2,70,0.0,0.0,0.0,0.0,0.0008899766381132495,0.000991705733862243,0.0008327870014352287,0.0008327870014352287,0.0,31,0.0,-0.04697157070040703,0.0,0.0,0.055510178208351135,0.04676142334938049,0.04697157070040703,0.0,0.0,0.0,-2.0222662655555723e-08,0.0,0.0,2.6190891233568436e-08,2.004250276854691e-08,2.0222662655555723e-08,0.0,0.0
2021-07-30_02h22m33s_C3H9O6P_-H__63,2021-07-30_02h22m33s,Glycerol 3-phosphate,C3H9O6P,-H,,63,54.29923896206356,2304.085694093425,1.0,1.0,0.011091333852486372,0.010367832672196178,0.008416464376207099,0.008416464376207099,100.0,6,37093.59765625,37093.59765625,6565567.0,42354.625,30.330524444580078,16.098052978515625,0.0,37093597.65625,1222.9387851581666,0.015043766237795353,0.015043766237795353,2.6627466678619385,0.01518767699599266,1.1565199201868381e-05,7.198622370196972e-06,0.0,15.043766237795353,14.871771240909615
2021-07-30_02h22m33s_C3H9O6P_-H_-H2_63,2021-07-30_02h22m33s,Glycerol 3-phosphate,C3H9O6P,-H,-H2,63,0.8788916655493061,1.4015115052378202,0.01694915254237288,0.0,0.020324841472911335,0.03906719557639139,0.00928468912238425,0.00928468912238425,0.8680965370812415,16,1.8406116962432861,0.494411826133728,325.78826904296875,14.017680168151855,51.23035430908203,1.3123047351837158,1.346199870109558,1.3662499062545208,0.035927445625168496,6.524709306177101e-07,1.4915258361725137e-08,0.00011548735346877947,4.980177891411586e-06,2.169006984331645e-05,6.215029202394362e-07,6.37555672255985e-07,0.0006520552091205113,0.0006386192348113663
2021-07-30_02h22m33s_C3H9O6P_[M]-_+C12H14N2_63,2021-07-30_02h22m33s,Glycerol 3-phosphate,C3H9O6P,[M]-,+C12H14N2,63,1.0141555963718762,0.8324749139112069,0.8192090395480226,0.8192090395480226,0.7910557347869619,0.7795107585046279,0.7977745096302071,0.7977745096302071,1.0133885501103115,189,137.83651733398438,-28.47052001953125,24397.0625,80.32933807373047,161.17095947265625,165.57337951660156,166.30703735351562,0.8288025012344397,0.855214007355722,5.8707271819002926e-05,-2.1721709345001727e-05,0.01039118692278862,3.504217238514684e-05,7.566127897007391e-05,7.987255958141759e-05,8.042898116400465e-05,0.05433700210054936,0.05457784245540015
2021-07-30_02h22m33s_C3H9O6P_+Cl_-CH2O3_63,2021-07-30_02h22m33s,Glycerol 3-phosphate,C3H9O6P,+Cl,-CH2O3,63,1.004750153653585,1.2409847317038747,0.1694915254237288,0.1694915254237288,0.15877183223940372,0.1588532275513884,0.15869022095433846,0.15869022095433846,1.0139825495328336,189,19.750749588012695,4.108029365539551,3495.882568359375,52.47255325317383,15.873730659484863,15.914384841918945,15.642720222473145,1.2625353373195436,1.244162815210473,6.716067218803801e-06,9.82613073574612e-07,0.0011887438595294952,1.668822005740367e-05,5.76942056795815e-06,5.822304046887439e-06,5.733454145229189e-06,0.0066777804706832315,0.00667754167253488
2021-07-30_02h22m33s_C3H9O6P_+Cl_+C12H14N2_63,2021-07-30_02h22m33s,Glycerol 3-phosphate,C3H9O6P,+Cl,+C12H14N2,63,1.3972636858197998,1.6690278290671219,0.096045197740113,0.096045197740113,0.08449215708087662,0.12811034980165886,0.05873806190974006,0.05873806190974006,1.3993110988067394,189,6.052509307861328,2.433741331100464,1071.294189453125,18.90310287475586,9.317821502685547,3.625368118286133,3.6187679767608643,1.672071068289132,0.6494929971689107,2.3634950139239663e-06,7.085045581334271e-07,0.000418338633608073,7.545196240243968e-06,4.0562799767940305e-06,1.6532042081962572e-06,1.6549904557905393e-06,0.0023595899151348386,0.0023539467468682053
2021-07-30_02h22m33s_C3H9O6P_-H_-CH2O2_63,2021-07-30_02h22m33s,Glycerol 3-phosphate,C3H9O6P,-H,-CH2O2,63,0.0,0.0,0.0,0.0,0.005896095227500278,0.006310854670032456,0.00567003915870794,0.00567003915870794,0.0,82,0.0,-0.36113739013671875,0.0,0.0,0.6608867049217224,0.35591429471969604,0.36113739013671875,0.0,0.0,0.0,-1.9303121234770515e-07,0.0,0.0,3.0005972462276986e-07,1.89428533303726e-07,1.9303121234770515e-07,0.0,0.0
2021-07-30_02h22m33s_C3H9O6P_[M]-_+H2_63,2021-07-30_02h22m33s,Glycerol 3-phosphate,C3H9O6P,[M]-,+H2,63,0.5153345502926734,0.47936787550341703,0.1807909604519774,0.1807909604519774,0.33564356435643566,0.327683615819209,0.34082251005546005,0.34082251005546005,0.5099889187304001,188,57.4456672668457,-64.00941467285156,10167.8828125,130.8870391845703,120.71380615234375,119.83528900146484,121.455078125,0.4729748247570109,0.47587921563116686,2.7034946469939314e-05,-3.4256365324836224e-05,0.004785185679793358,6.432759255403653e-05,5.9214864450041205e-05,6.0354686866048723e-05,6.129131361376494e-05,0.025473633980743315,0.025523571635275556
2021-07-30_02h22m33s_C3H9O6P_[M]-__63,2021-07-30_02h22m33s,Glycerol 3-phosphate,C3H9O6P,[M]-,,63,0.0,0.0,0.0,0.0,0.010357103126042941,0.010187522538766678,0.010489572443609688,0.010489572443609688,0.0,1,0.0,-7.97232723236084,0.0,0.0,72.2352066040039,7.771595478057861,7.97232723236084,0.0,0.0,0.0,-3.49447077496734e-06,0.0,0.0,2.7298245186102577e-05,3.4064846659020986e-06,3.49447077496734e-06,0.0,0.0
2021-07-30_02h22m33s_C3H9O6P_+Cl_-H2O_63,2021-07-30_02h22m33s,Glycerol 3-phosphate,C3H9O6P,+Cl,-H2O,63,0.3924973932378507,1.1265533908299403,0.005649717514124294,0.005649717514124294,0.0055734786961842255,0.007573025604038947,0.004394280347998654,0.004394280347998654,0.39040501753047396,127,0.30831947922706604,0.03142660856246948,54.572547912597656,4.090320110321045,0.46751639246940613,0.27268385887145996,0.27689287066459656,1.109490425176085,0.6580761829954522,1.528157298480437e-07,2.786819663924689e-08,2.7048383344663307e-05,2.027329855991411e-06,1.9330653344695747e-07,1.2264470683476247e-07,1.249475332087968e-07,0.0001527966382850074,0.00015278619527827591
2021-07-30_02h22m33s_C3H9O6P_[M]-_+HCl_63,2021-07-30_02h22m33s,Glycerol 3-phosphate,C3H9O6P,[M]-,+HCl,63,0.6968057984880276,0.9936476348349771,0.022598870056497175,0.022598870056497175,0.023651129157859607,0.025724245702608485,0.022432092421638287,0.022432092421638287,0.7011772400845094,185,1.3378530740737915,0.0052759647369384766,236.8000030517578,8.840084075927734,1.560267686843872,1.34540593624115,1.332577109336853,1.0032063873224886,0.8569017890700622,7.037728551040345e-07,2.590542180769262e-08,0.0001245677995029837,4.704529146692948e-06,7.515143920500122e-07,6.832381131971488e-07,6.778674332963419e-07,0.0007032961135726798,0.0007032443568487347
2021-07-30_02h22m33s_C3H9O6P_+Cl_-H2_63,2021-07-30_02h22m33s,Glycerol 3-phosphate,C3H9O6P,+Cl,-H2,63,0.0,0.0,0.0,0.0,0.0038713983757926356,0.0071222502704652,0.0019667948331768166,0.0019667948331768166,0.0,88,0.0,-0.14745399355888367,0.0,0.0,0.8076239824295044,0.1455579549074173,0.14745399355888367,0.0,0.0,0.0,-6.131693908173474e-08,0.0,0.0,3.4354806643932534e-07,6.074770908526261e-08,6.131693908173474e-08,0.0,0.0
2021-07-30_02h22m33s_C3H9O6P_+Cl_+HCl_63,2021-07-30_02h22m33s,Glycerol 3-phosphate,C3H9O6P,+Cl,+HCl,63,0.34345477271414715,0.7527125208704808,0.005649717514124294,0.005649717514124294,0.007809544999443765,0.010127419160956845,0.006449669543030281,0.006449669543030281,0.34377196376422553,133,0.2924559712409973,-0.09412682056427002,51.76470947265625,3.8798670768737793,0.6316983103752136,0.38753607869148254,0.38658279180526733,0.7545638697703988,0.4622360553919609,1.095111485938105e-07,-6.594578394469863e-08,1.9383473045309074e-05,1.4528296787830186e-06,2.775443306290981e-07,1.7500494209343742e-07,1.7545693253850914e-07,0.00010949193747432355,0.00010948076282877442
2021-07-30_02h22m33s_C3H9O6P_+Cl__63,2021-07-30_02h22m33s,Glycerol 3-phosphate,C3H9O6P,+Cl,,63,2.5248999628310096,3.318195520278774,0.14689265536723164,0.14689265536723164,0.05325397708310157,0.061365548743839406,0.04817761397664653,0.04817761397664653,2.558099725143271,188,9.854170799255371,6.934535980224609,1744.188232421875,24.632110595703125,3.857196092605591,2.968737840652466,2.9196348190307617,3.373982510598694,2.5540876001977555,4.3148716031282675e-06,2.952609065687284e-06,0.0007637322414666414,1.1409990293032024e-05,1.7653543409323902e-06,1.3813712484989082e-06,1.3622626511278213e-06,0.004309001611169721,0.004307267749309466
2021-07-30_02h22m33s_C3H9O6P_-H_+HCl_63,2021-07-30_02h22m33s,Glycerol 3-phosphate,C3H9O6P,-H,+HCl,63,2.5248999628310096,3.318195520278774,0.14689265536723164,0.14689265536723164,0.05325397708310157,0.061365548743839406,0.04817761397664653,0.04817761397664653,2.558099725143271,188,9.854170799255371,6.934535980224609,1744.188232421875,24.632110595703125,3.857196092605591,2.968737840652466,2.9196348190307617,3.373982510598694,2.5540876001977555,4.3148716031282675e-06,2.952609065687284e-06,0.0007637322414666414,1.1409990293032024e-05,1.7653543409323902e-06,1.3813712484989082e-06,1.3622626511278213e-06,0.004309001611169721,0.004307267749309466
2021-07-30_02h22m33s_C3H9O6P_-H_-CO2_63,2021-07-30_02h22m33s,Glycerol 3-phosphate,C3H9O6P,-H,-CO2,63,0.0,0.0,0.0,0.0,0.001312715541217043,0.002163721601153985,0.0008150681290642664,0.0008150681290642664,0.0,38,0.0,-0.04467719793319702,0.0,0.0,0.1515170782804489,0.04699184373021126,0.04467719793319702,0.0,0.0,0.0,-2.0541209622138012e-08,0.0,0.0,6.677602470972488e-08,2.1104211711531207e-08,2.0541209622138012e-08,0.0,0.0
2021-07-30_02h22m33s_C3H9O6P_[M]-_-CH2O2_63,2021-07-30_02h22m33s,Glycerol 3-phosphate,C3H9O6P,[M]-,-CH2O2,63,0.0,0.0,0.0,0.0,0.0011458449215708088,0.0014725327563409063,0.0009568191080319648,0.0009568191080319648,0.0,21,0.0,-0.07096482068300247,0.0,0.0,0.10724740475416183,0.07007292658090591,0.07096482068300247,0.0,0.0,0.0,-3.4934636516936735e-08,0.0,0.0,4.3909757607707434e-08,3.43683232983949e-08,3.4934636516936735e-08,0.0,0.0
2021-07-30_02h22m33s_C3H9O6P_+Cl_+H2_63,2021-07-30_02h22m33s,Glycerol 3-phosphate,C3H9O6P,+Cl,+H2,63,0.0,0.0,0.0,0.0,0.0034931583045945042,0.004357494891212886,0.002994489430692631,0.002994489430692631,0.0,99,0.0,-0.17359593510627747,0.0,0.0,0.26001042127609253,0.1732586771249771,0.17359593510627747,0.0,0.0,0.0,-8.040031929112956e-08,0.0,0.0,1.181831592589333e-07,7.978542981845749e-08,8.040031929112956e-08,0.0,0.0
2021-07-30_02h22m33s_C3H9O6P_-H_-CH2O3_63,2021-07-30_02h22m33s,Glycerol 3-phosphate,C3H9O6P,-H,-CH2O3,63,0.47921172782757376,3.7418565462986524,0.005649717514124294,0.005649717514124294,0.0016575814884859273,0.0014124293785310734,0.0017896061094671936,0.0017896061094671936,0.479549584604206,42,0.3853107690811157,0.28399842977523804,68.20000457763672,5.111724853515625,0.08091788738965988,0.10197315365076065,0.10131233930587769,3.7660244277004837,4.703621899430865,1.2912239810702886e-07,8.235487314323109e-08,2.2854663257021457e-05,1.7130020069089369e-06,3.5863259029156325e-08,4.724453006588192e-08,4.676752851651145e-08,0.0001291163596539968,0.0001291177675230869
2021-07-30_02h22m33s_C3H9O6P_+Cl_-CH2O2_63,2021-07-30_02h22m33s,Glycerol 3-phosphate,C3H9O6P,+Cl,-CH2O2,63,2.3924629510979845,17.10122151624882,0.02824858757062147,0.02824858757062147,0.002480809878740683,0.003485995912970309,0.0018073249818381558,0.0018073249818381558,2.3903720527028898,74,1.8106790781021118,1.7052356004714966,320.4902038574219,10.698936462402344,0.20900066196918488,0.10488010197877884,0.10544349253177643,17.01070713704337,8.622254144931256,6.781104957553907e-07,6.354054562507372e-07,0.00012002555740764365,4.054921646456933e-06,8.866710743404838e-08,4.241622875156281e-08,4.2705032399226184e-08,0.0006780815382613299,0.0006780503749899458
2021-07-30_02h22m33s_C3H9O6P_[M]-_-CO2_63,2021-07-30_02h22m33s,Glycerol 3-phosphate,C3H9O6P,[M]-,-CO2,63,0.0,0.0,0.0,0.0,0.0005673601067971966,0.0006911888448130785,0.0004961284263869447,0.0004961284263869447,0.0,17,0.0,-0.02946636639535427,0.0,0.0,0.04386863112449646,0.028724446892738342,0.02946636639535427,0.0,0.0,0.0,-1.2698847307035521e-08,0.0,0.0,1.9262399675312736e-08,1.2379109293192414e-08,1.2698847307035521e-08,0.0,0.0
2021-07-30_02h22m33s_C3H9O6P_+Cl_-HPO3_63,2021-07-30_02h22m33s,Glycerol 3-phosphate,C3H9O6P,+Cl,-HPO3,63,0.0,0.0,0.0,0.0,0.001312715541217043,0.002163721601153985,0.0008150681290642664,0.0008150681290642664,0.0,38,0.0,-0.04467719793319702,0.0,0.0,0.1515170782804489,0.04699184373021126,0.04467719793319702,0.0,0.0,0.0,-2.0541209622138012e-08,0.0,0.0,6.677602470972488e-08,2.1104211711531207e-08,2.0541209622138012e-08,0.0,0.0
2021-07-30_02h22m33s_C3H9O6P_[M]-_-H2O_63,2021-07-30_02h22m33s,Glycerol 3-phosphate,C3H9O6P,[M]-,-H2O,63,2.9247063154264437,3.995715316852721,0.1016949152542373,0.1016949152542373,0.024096117476916232,0.02253876667868734,0.02477098357460531,0.02477098357460531,2.9289941458449134,180,6.200864315032959,4.652679443359375,1097.552978515625,19.32855796813965,1.414135456085205,1.5508784055709839,1.5481847524642944,4.002662887799031,4.381816799493437,2.8275624117668485e-06,2.083103254335583e-06,0.0005004785489290953,8.682123734615743e-06,6.678847057628445e-07,7.446863037330331e-07,7.444592142746842e-07,0.0028254589727999923,0.002825675186526314
2021-07-30_02h22m33s_C3H9O6P_[M]-_-CH2O3_63,2021-07-30_02h22m33s,Glycerol 3-phosphate,C3H9O6P,[M]-,-CH2O3,63,0.0,0.0,0.0,0.0,0.00032261653131605296,0.000330568577954081,0.0003189397026773216,0.0003189397026773216,0.0,11,0.0,-0.01706804521381855,0.0,0.0,0.01889025606215,0.01754404604434967,0.01706804521381855,0.0,0.0,0.0,-7.0459136303213654e-09,0.0,0.0,1.0564101593502073e-08,7.214701724933548e-09,7.0459136303213654e-09,0.0,0.0
2021-07-30_02h22m33s_C3H9O6P_[M]-_-H3PO4_63,2021-07-30_02h22m33s,Glycerol 3-phosphate,C3H9O6P,[M]-,-H3PO4,63,0.0,0.0,0.0,0.0,5.5623539882078096e-05,9.015506671474937e-05,3.5437744741924624e-05,3.5437744741924624e-05,0.0,3,0.0,-0.0009482446475885808,0.0,0.0,0.004665789660066366,0.0018119110027328134,0.0009482446475885808,0.0,0.0,0.0,-4.0312805871245416e-10,0.0,0.0,1.881535816039559e-09,6.82455369993562e-10,4.0312805871245416e-10,0.0,0.0
2021-07-30_02h22m33s_C3H9O6P_[M]-_-H2_63,2021-07-30_02h22m33s,Glycerol 3-phosphate,C3H9O6P,[M]-,-H2,63,0.0,0.0,0.0,0.0,0.0027033040382689953,0.0035761509796850585,0.002197140173999327,0.002197140173999327,0.0,70,0.0,-0.1329597532749176,0.0,0.0,0.22019922733306885,0.13463786244392395,0.1329597532749176,0.0,0.0,0.0,-5.943289949073005e-08,0.0,0.0,9.512419296697772e-08,5.99374558873933e-08,5.943289949073005e-08,0.0,0.0
2021-07-30_02h22m33s_C3H9O6P_-H_-HPO3_63,2021-07-30_02h22m33s,Glycerol 3-phosphate,C3H9O6P,-H,-HPO3,63,0.0,0.0,0.0,0.0,0.00011124707976415619,6.0103377809832915e-05,0.0001417509789676985,0.0001417509789676985,0.0,2,0.0,-0.00594921363517642,0.0,0.0,0.0032535961363464594,0.007766147144138813,0.00594921363517642,0.0,0.0,0.0,-2.6137816355742416e-09,0.0,0.0,1.0902063696249797e-09,3.3748459582483292e-09,2.6137816355742416e-09,0.0,0.0
2021-07-30_02h22m33s_C3H9O6P_+Cl_-H3PO4_63,2021-07-30_02h22m33s,Glycerol 3-phosphate,C3H9O6P,+Cl,-H3PO4,63,0.47921172782757376,3.7418565462986524,0.005649717514124294,0.005649717514124294,0.0016575814884859273,0.0014124293785310734,0.0017896061094671936,0.0017896061094671936,0.479549584604206,42,0.3853107690811157,0.28399842977523804,68.20000457763672,5.111724853515625,0.08091788738965988,0.10197315365076065,0.10131233930587769,3.7660244277004837,4.703621899430865,1.2912239810702886e-07,8.235487314323109e-08,2.2854663257021457e-05,1.7130020069089369e-06,3.5863259029156325e-08,4.724453006588192e-08,4.676752851651145e-08,0.0001291163596539968,0.0001291177675230869
2021-07-30_02h22m33s_C3H9O6P_-H_+H2_63,2021-07-30_02h22m33s,Glycerol 3-phosphate,C3H9O6P,-H,+H2,63,0.7670512584042087,0.8939564812594316,0.5706214689265536,0.5706214689265536,0.7429079986650351,0.7590756100492848,0.733915693605259,0.733915693605259,0.7636015897598978,189,185.80126953125,-22.998275756835938,32886.82421875,174.86314392089844,236.17262268066406,207.84051513671875,208.79954528808594,0.8898504995516012,0.7867147373289705,8.087098103715107e-05,-1.892219006549567e-05,0.014314163476228714,7.943937816889957e-05,0.0001110671873902902,9.909246728057042e-05,9.979317110264674e-05,0.07353289978703019,0.07278676029224064
2021-07-30_02h22m33s_C3H9O6P_-H_+C12H14N2_63,2021-07-30_02h22m33s,Glycerol 3-phosphate,C3H9O6P,-H,+C12H14N2,63,1.5044941413046242,1.6579157960913018,0.480225988700565,0.480225988700565,0.3285015018355768,0.360439956725568,0.30919432287329235,0.30919432287329235,1.5072952890862636,189,76.93585968017578,30.511127471923828,13617.6474609375,85.28138732910156,59.697906494140625,46.40416717529297,46.42473220825195,1.6571813953318932,1.288731472622986,3.3320240618195385e-05,1.0068511983263306e-05,0.005897682625800371,3.777081292355433e-05,2.832128302543424e-05,2.31706872000359e-05,2.325172863493208e-05,0.0325630924295102,0.03240255858574041
2021-07-30_02h22m33s_C3H7O6P_-H_+H2_75,2021-07-30_02h22m33s,Dihydroxyacetone phosphate,C3H7O6P,-H,+H2,75,0.0,0.0,0.0,0.0,0.011091333852486372,0.01568698160836639,0.008416464376207099,0.008416464376207099,0.0,6,0.0,-16.507246017456055,0.0,0.0,227.6368865966797,16.098052978515625,16.507246017456055,0.0,0.0,0.0,-7.381602699751966e-06,0.0,0.0,9.158523607766256e-05,7.198622370196972e-06,7.381602699751966e-06,0.0,0.0
2021-07-30_02h22m33s_C3H7O6P_-H__75,2021-07-30_02h22m33s,Dihydroxyacetone phosphate,C3H7O6P,-H,,75,16.405977756920382,254.60788926132653,0.3163841807909605,0.22033898305084745,0.020324841472911335,0.03747445606443082,0.00928468912238425,0.00928468912238425,16.253012509448453,16,334.37774658203125,333.0379943847656,59184.86328125,996.3998413085938,49.4615364074707,1.3123047351837158,1.3397424221038818,249.39745402948353,6.760222399988522,0.00015610488480888307,0.00015546998474746943,0.02763056568801403,0.0004443008219823241,2.0863197278231382e-05,6.215029202394362e-07,6.348952297230426e-07,0.1560058374468791,0.1529145973966749
2021-07-30_02h22m33s_C3H7O6P_+Cl_+HCl_75,2021-07-30_02h22m33s,Dihydroxyacetone phosphate,C3H7O6P,+Cl,+HCl,75,0.41594291957467233,0.4024324820419696,0.1694915254237288,0.13559322033898305,0.3561130270330404,0.2869335256641423,0.39748746389779754,0.39748746389779754,0.4174863914895462,189,11.086474418640137,-16.363933563232422,1962.3060302734375,25.882675170898438,21.08500099182129,27.547657012939453,27.450407028198242,0.40385814859151103,0.5257741580748427,5.856717962160474e-06,-7.13104009264498e-06,0.001036639092490077,1.3905010746384505e-05,9.831534043769352e-06,1.304194847762119e-05,1.2987758054805454e-05,0.005781627581962949,0.005799698033500531
2021-07-30_02h22m33s_C3H7O6P_-H_-H2O_75,2021-07-30_02h22m33s,Dihydroxyacetone phosphate,C3H7O6P,-H,-H2O,75,2.7962007995904568,5.804091954243547,0.06779661016949153,0.011299435028248588,0.03783513182778952,0.07768361581920905,0.0142459733862537,0.0142459733862537,2.757089531771176,34,7.743547439575195,6.3778181076049805,1370.60791015625,32.059852600097656,35.89303207397461,1.3331531286239624,1.365729570388794,5.665749543541658,0.2157335632735935,3.718275138453464e-06,3.067271563850227e-06,0.0006581346970051527,1.5503599570365623e-05,1.4727915186085738e-05,6.356059998324781e-07,6.510035177598184e-07,0.0037158561030588835,0.0036643075279658476
2021-07-30_02h22m33s_C3H7O6P_-H_+C12H14N2_75,2021-07-30_02h22m33s,Dihydroxyacetone phosphate,C3H7O6P,-H,+C12H14N2,75,1.4973912206290834,1.9762527469156042,0.4293785310734463,0.4293785310734463,0.31200355990655243,0.37116840966462317,0.27675106756206036,0.27675106756206036,1.4961422639544182,189,38.53340148925781,19.007139205932617,6820.412109375,52.72628402709961,32.505863189697266,19.497215270996094,19.526262283325195,1.973313049733675,1.1853927973422733,1.92569823411759e-05,1.0119526450580452e-05,0.0034084857907146215,2.5948191250790842e-05,1.4617005945183337e-05,9.127293196797837e-06,9.137455890595447e-06,0.01908261578119802,0.018979558028634397
2021-07-30_02h22m33s_C3H7O6P_[M]-_+C12H14N2_75,2021-07-30_02h22m33s,Dihydroxyacetone phosphate,C3H7O6P,[M]-,+C12H14N2,75,1.0932464327271885,1.242028369455331,0.3728813559322034,0.3728813559322034,0.34148403604405386,0.3589674239692271,0.3310771302514308,0.3310771302514308,1.09615572741268,189,30.138185501098633,5.959156036376953,5334.458984375,42.45588684082031,27.51400375366211,24.26429557800293,24.17902946472168,1.2464081379664909,1.095336412486856,1.6030991901061498e-05,4.457118848222308e-06,0.002837485633790493,2.3898677682154812e-05,1.2820600204577204e-05,1.1607581654971e-05,1.157387305283919e-05,0.015847574090344388,0.015828066587333864
2021-07-30_02h22m33s_C3H7O6P_-H_-CO2_75,2021-07-30_02h22m33s,Dihydroxyacetone phosphate,C3H7O6P,-H,-CO2,75,0.0,0.0,0.0,0.0,0.005896095227500278,0.006310854670032456,0.00567003915870794,0.00567003915870794,0.0,82,0.0,-0.36000099778175354,0.0,0.0,0.6608867049217224,0.35591429471969604,0.36000099778175354,0.0,0.0,0.0,-1.916919813993445e-07,0.0,0.0,3.0005972462276986e-07,1.89428533303726e-07,1.916919813993445e-07,0.0,0.0
2021-07-30_02h22m33s_C3H7O6P_+Cl_-HPO3_75,2021-07-30_02h22m33s,Dihydroxyacetone phosphate,C3H7O6P,+Cl,-HPO3,75,0.0,0.0,0.0,0.0,0.005896095227500278,0.006310854670032456,0.00567003915870794,0.00567003915870794,0.0,82,0.0,-0.36000099778175354,0.0,0.0,0.6608867049217224,0.35591429471969604,0.36000099778175354,0.0,0.0,0.0,-1.916919813993445e-07,0.0,0.0,3.0005972462276986e-07,1.89428533303726e-07,1.916919813993445e-07,0.0,0.0
2021-07-30_02h22m33s_C3H7O6P_[M]-_+H2_75,2021-07-30_02h22m33s,Dihydroxyacetone phosphate,C3H7O6P,[M]-,+H2,75,0.0,0.0,0.0,0.0,0.010357103126042941,0.010187522538766678,0.010489572443609688,0.010489572443609688,0.0,1,0.0,-7.964239597320557,0.0,0.0,72.2352066040039,7.771595478057861,7.964239597320557,0.0,0.0,0.0,-3.4906483961094636e-06,0.0,0.0,2.7298245186102577e-05,3.4064846659020986e-06,3.4906483961094636e-06,0.0,0.0
2021-07-30_02h22m33s_C3H7O6P_+Cl_-H2O_75,2021-07-30_02h22m33s,Dihydroxyacetone phosphate,C3H7O6P,+Cl,-H2O,75,1.486795035568799,9.464934382435349,0.01694915254237288,0.01694915254237288,0.002369562798976527,0.0039367712465440555,0.0013997909173060227,0.0013997909173060227,1.4892676292779439,69,0.9438351392745972,0.8455661535263062,167.05882263183594,7.260786533355713,0.3056168258190155,0.09871914237737656,0.0982690081000328,9.507853028243215,3.0782235669992484,4.48788085805063e-07,4.072041690506012e-07,7.943549280753359e-05,3.418639153096592e-06,1.3044072488810343e-07,4.1896512925632123e-08,4.1583920307175504e-08,0.00044876942421309023,0.0004487295531968653
2021-07-30_02h22m33s_C3H7O6P_+Cl_+C12H14N2_75,2021-07-30_02h22m33s,Dihydroxyacetone phosphate,C3H7O6P,+Cl,+C12H14N2,75,0.8083443861229326,0.7791475722029995,0.192090395480226,0.192090395480226,0.23686728223384138,0.2527647553792523,0.22763435334975282,0.22763435334975282,0.8072050430269777,189,15.678961753845215,-4.475682258605957,2775.17626953125,35.425315856933594,23.548770904541016,20.122224807739258,20.154644012451172,0.7778943577371935,0.66577979961673,7.539375928899972e-06,-1.577911007188959e-06,0.0013344695325940847,1.6152078387676738e-05,1.0453661161591299e-05,9.106141078518704e-06,9.11728693608893e-06,0.007471258322995578,0.007461377219646966
2021-07-30_02h22m33s_C3H7O6P_-H_-H2_75,2021-07-30_02h22m33s,Dihydroxyacetone phosphate,C3H7O6P,-H,-H2,75,2.5238468770619447,3.5752750106293796,0.07344632768361582,0.0,0.023984870397152074,0.03200504868373603,0.019100944415897374,0.019100944415897374,2.5132984637031344,6,7.976603984832764,5.726518630981445,1411.85888671875,29.252479553222656,22.305397033691406,2.230046272277832,2.2500851154327393,3.5434484152321244,0.3575926660314063,3.984456270700321e-06,2.916152425314067e-06,0.000705248792655766,1.4797627045481931e-05,9.582996426615864e-06,1.0594043260425678e-06,1.0683039590730914e-06,0.003980204202792558,0.00394663567512841
2021-07-30_02h22m33s_C3H7O6P_+Cl_-CH2O2_75,2021-07-30_02h22m33s,Dihydroxyacetone phosphate,C3H7O6P,+Cl,-CH2O2,75,0.5106797369262341,3.416614058802876,0.005649717514124294,0.005649717514124294,0.0016687061964623428,0.0026746003125375645,0.0010631323422577387,0.0010631323422577387,0.5102713455354178,44,0.31128835678100586,0.21988874673843384,55.09804153442383,4.129707336425781,0.15895576775074005,0.09011019021272659,0.09139960259199142,3.3689360998180984,1.9460902295570124,1.0932844674016451e-07,7.272107893641078e-08,1.9351135051692836e-05,1.4504058754027938e-06,6.571087851625634e-08,3.608713328162594e-08,3.660736780375373e-08,0.0001093244446600089,0.00010932126314392281
2021-07-30_02h22m33s_C3H7O6P_-H_+HCl_75,2021-07-30_02h22m33s,Dihydroxyacetone phosphate,C3H7O6P,-H,+HCl,75,0.9442323684636059,5.92844056871944,0.011299435028248588,0.011299435028248588,0.0038713983757926356,0.007062146892655367,0.0019667948331768166,0.0019667948331768166,0.9403040688934438,88,0.868860125541687,0.7196022272109985,153.78823852539062,8.155935287475586,0.8030023574829102,0.1455579549074173,0.1492578685283661,5.7824600738141125,1.0806686292087837,3.916061928066483e-07,3.293143606697413e-07,6.931429379619658e-05,3.824409759545233e-06,3.4146506777688046e-07,6.074770908526261e-08,6.229183924233439e-08,0.00039158180045608407,0.0003914725186165461
2021-07-30_02h22m33s_C3H7O6P_+Cl__75,2021-07-30_02h22m33s,Dihydroxyacetone phosphate,C3H7O6P,+Cl,,75,0.9442323684636059,5.92844056871944,0.011299435028248588,0.011299435028248588,0.0038713983757926356,0.007062146892655367,0.0019667948331768166,0.0019667948331768166,0.9403040688934438,88,0.868860125541687,0.7196022272109985,153.78823852539062,8.155935287475586,0.8030023574829102,0.1455579549074173,0.1492578685283661,5.7824600738141125,1.0806686292087837,3.916061928066483e-07,3.293143606697413e-07,6.931429379619658e-05,3.824409759545233e-06,3.4146506777688046e-07,6.074770908526261e-08,6.229183924233439e-08,0.00039158180045608407,0.0003914725186165461
2021-07-30_02h22m33s_C3H7O6P_[M]-_-H2O_75,2021-07-30_02h22m33s,Dihydroxyacetone phosphate,C3H7O6P,[M]-,-H2O,75,0.6994003166181528,0.8361664054021033,0.03389830508474576,0.03389830508474576,0.038346868394704636,0.0381656449092439,0.03846767191735918,0.03846767191735918,0.7018164879566642,188,2.066866159439087,-0.39370131492614746,365.8352966308594,11.155166625976562,2.5995450019836426,2.4708359241485596,2.4605674743652344,0.8396544807174424,0.7947819237361875,1.1029017059627222e-06,-1.3545559340855107e-07,0.00019521360809449106,5.999053882987937e-06,1.2060231711075176e-06,1.242660118805361e-06,1.2383572993712733e-06,0.0011015376088243027,0.0011015731831791374
2021-07-30_02h22m33s_C3H7O6P_+Cl_+H2_75,2021-07-30_02h22m33s,Dihydroxyacetone phosphate,C3H7O6P,+Cl,+H2,75,1.0682269073515809,1.2662423042053237,0.062146892655367235,0.062146892655367235,0.05325397708310157,0.06181632407741315,0.04817761397664653,0.04817761397664653,1.064105886039019,188,3.7604076862335205,0.7770447731018066,665.5921630859375,14.802436828613281,3.8896095752716064,2.968737840652466,2.983362913131714,1.2600369980765662,0.9665343215454878,1.7309955637756502e-06,3.4279389637958957e-07,0.00030638620955869555,6.977120847295737e-06,1.7790983974919072e-06,1.3813712484989082e-06,1.3882016673960607e-06,0.0017285959240316553,0.00172792142154359
2021-07-30_02h22m33s_C3H7O6P_[M]-_+HCl_75,2021-07-30_02h22m33s,Dihydroxyacetone phosphate,C3H7O6P,[M]-,+HCl,75,0.0,0.0,0.0,0.0,0.0020914450995661365,0.0045678567135473015,0.0006378794053546432,0.0006378794053546432,0.0,45,0.0,-0.03549604490399361,0.0,0.0,0.5080930590629578,0.03576551005244255,0.03549604490399361,0.0,0.0,0.0,-1.669623195255099e-08,0.0,0.0,2.0602412575954077e-07,1.679249095332125e-08,1.669623195255099e-08,0.0,0.0
2021-07-30_02h22m33s_C3H7O6P_+Cl_-H2_75,2021-07-30_02h22m33s,Dihydroxyacetone phosphate,C3H7O6P,+Cl,-H2,75,0.9652197562972755,1.4947704596431706,0.022598870056497175,0.022598870056497175,0.01660918900878852,0.021997836278398845,0.01341318638481847,0.01341318638481847,0.9631530689413584,179,1.2171486616134644,0.40060389041900635,215.435302734375,8.028290748596191,1.5299293994903564,0.8132712841033936,0.816544771194458,1.4887853295608175,0.795039054066537,6.860282724119315e-07,3.2932581461864174e-07,0.00012142700143158436,4.6442687562375795e-06,6.51963773634634e-07,3.558409389370354e-07,3.567024577932898e-07,0.0006857836516978564,0.0006855812982415966
2021-07-30_02h22m33s_C3H7O6P_[M]-_-CO2_75,2021-07-30_02h22m33s,Dihydroxyacetone phosphate,C3H7O6P,[M]-,-CO2,75,0.0,0.0,0.0,0.0,0.0011458449215708088,0.0014725327563409063,0.0009568191080319648,0.0009568191080319648,0.0,21,0.0,-0.07185409963130951,0.0,0.0,0.10724740475416183,0.07007292658090591,0.07185409963130951,0.0,0.0,0.0,-3.5241928486584584e-08,0.0,0.0,4.3909757607707434e-08,3.43683232983949e-08,3.5241928486584584e-08,0.0,0.0
2021-07-30_02h22m33s_C3H7O6P_[M]-_-CH2O3_75,2021-07-30_02h22m33s,Dihydroxyacetone phosphate,C3H7O6P,[M]-,-CH2O3,75,0.0,0.0,0.0,0.0,0.0022916898431416177,0.0022238249789638177,0.0023388911529670254,0.0023388911529670254,0.0,62,0.0,-0.14078529179096222,0.0,0.0,0.1275089681148529,0.13820013403892517,0.14078529179096222,0.0,0.0,0.0,-6.412848563286389e-08,0.0,0.0,5.769525657228769e-08,6.284189879579571e-08,6.412848563286389e-08,0.0,0.0
2021-07-30_02h22m33s_C3H7O6P_+Cl_-CO2_75,2021-07-30_02h22m33s,Dihydroxyacetone phosphate,C3H7O6P,+Cl,-CO2,75,3.8279407217567747,34.861592757938155,0.04519774011299435,0.04519774011299435,0.002480809878740683,0.0033958408462555593,0.0018073249818381558,0.0018073249818381558,3.82483043811154,74,3.6911489963531494,3.5858724117279053,653.3333740234375,18.85896873474121,0.19899816811084747,0.10488010197877884,0.10527665168046951,34.73151381783204,18.455914027709284,1.5969599189702421e-06,1.5543146218988113e-06,0.00028266190201975405,7.591860594402533e-06,8.377962501526781e-08,4.241622875156281e-08,4.264524378072565e-08,0.0015968918191293239,0.00159682613747523
2021-07-30_02h22m33s_C3H7O6P_-H_-H3PO4_75,2021-07-30_02h22m33s,Dihydroxyacetone phosphate,C3H7O6P,-H,-H3PO4,75,0.0,0.0,0.0,0.0,5.5623539882078096e-05,3.0051688904916458e-05,7.087548948384925e-05,7.087548948384925e-05,0.0,1,0.0,-0.003967312164604664,0.0,0.0,0.001803101389668882,0.0038689677603542805,0.003967312164604664,0.0,0.0,0.0,-1.430446205930025e-09,0.0,0.0,9.879969065096361e-10,1.3949872368357319e-09,1.430446205930025e-09,0.0,0.0
2021-07-30_02h22m33s_C3H7O6P_+Cl_-H3PO4_75,2021-07-30_02h22m33s,Dihydroxyacetone phosphate,C3H7O6P,+Cl,-H3PO4,75,0.0,0.0,0.0,0.0,0.00020024474357548114,0.00015025844452458227,0.00023034534082251004,0.00023034534082251004,0.0,5,0.0,-0.013008409179747105,0.0,0.0,0.009179789572954178,0.012685948051512241,0.013008409179747105,0.0,0.0,0.0,-5.559760207773934e-09,0.0,0.0,3.8908791744063365e-09,5.421941118299856e-09,5.559760207773934e-09,0.0,0.0
2021-07-30_02h22m33s_C3H7O6P_[M]-_-H3PO4_75,2021-07-30_02h22m33s,Dihydroxyacetone phosphate,C3H7O6P,[M]-,-H3PO4,75,0.0,0.0,0.0,0.0,7.787295583490934e-05,6.0103377809832915e-05,8.859436185481156e-05,8.859436185481156e-05,0.0,2,0.0,-0.005094519350677729,0.0,0.0,0.0036692521534860134,0.004968232940882444,0.005094519350677729,0.0,0.0,0.0,-3.240983703634015e-09,0.0,0.0,1.2240650715256152e-09,3.16064396876925e-09,3.240983703634015e-09,0.0,0.0
2021-07-30_02h22m33s_C3H7O6P_+Cl_-CH2O3_75,2021-07-30_02h22m33s,Dihydroxyacetone phosphate,C3H7O6P,+Cl,-CH2O3,75,0.0,0.0,0.0,0.0,0.0005896095227500278,0.00045077533357374685,0.0006733171500965679,0.0006733171500965679,0.0,13,0.0,-0.036517370492219925,0.0,0.0,0.028881678357720375,0.038676198571920395,0.036517370492219925,0.0,0.0,0.0,-1.6935164381948198e-08,0.0,0.0,1.0957783125320475e-08,1.796223436656419e-08,1.6935164381948198e-08,0.0,0.0
2021-07-30_02h22m33s_C3H7O6P_[M]-_-CH2O2_75,2021-07-30_02h22m33s,Dihydroxyacetone phosphate,C3H7O6P,[M]-,-CH2O2,75,0.0,0.0,0.0,0.0,0.0004004894871509623,0.0005709820891934127,0.0003012208303063593,0.0003012208303063593,0.0,16,0.0,-0.016667699441313744,0.0,0.0,0.03365706652402878,0.016254529356956482,0.016667699441313744,0.0,0.0,0.0,-8.104588999913176e-09,0.0,0.0,1.492401580094338e-08,7.903685705912267e-09,8.104588999913176e-09,0.0,0.0
2021-07-30_02h22m33s_C3H7O6P_-H_-CH2O2_75,2021-07-30_02h22m33s,Dihydroxyacetone phosphate,C3H7O6P,-H,-CH2O2,75,0.43477795293594335,1.9133334908596655,0.005649717514124294,0.005649717514124294,0.006218711758816331,0.011690106984012502,0.002994489430692631,0.002994489430692631,0.4334511033794821,90,0.34150880575180054,0.16139109432697296,60.447059631347656,4.5306267738342285,1.2067855596542358,0.17748890817165375,0.18011771142482758,1.8855627263904715,0.28275615900687495,1.4361509670379746e-07,6.106212424583646e-08,2.5419873054488562e-05,1.9052697552979225e-06,5.268984750728123e-07,8.129661921429943e-08,8.2552972457961e-08,0.00014360324182932985,0.00014353946597806086
2021-07-30_02h22m33s_C3H7O6P_-H_-CH2O3_75,2021-07-30_02h22m33s,Dihydroxyacetone phosphate,C3H7O6P,-H,-CH2O3,75,0.0,0.0,0.0,0.0,0.00020024474357548114,0.00015025844452458227,0.00023034534082251004,0.00023034534082251004,0.0,5,0.0,-0.013008409179747105,0.0,0.0,0.009179789572954178,0.012685948051512241,0.013008409179747105,0.0,0.0,0.0,-5.559760207773934e-09,0.0,0.0,3.8908791744063365e-09,5.421941118299856e-09,5.559760207773934e-09,0.0,0.0
2021-07-30_02h22m33s_C3H7O6P_[M]-_-H2_75,2021-07-30_02h22m33s,Dihydroxyacetone phosphate,C3H7O6P,[M]-,-H2,75,0.5764593321766082,0.7550742177069271,0.01694915254237288,0.01694915254237288,0.019479363666703747,0.019623752854910446,0.01940216524620373,0.01940216524620373,0.5771213808801882,182,0.9178242683410645,-0.2931022644042969,162.45489501953125,6.99769926071167,1.2301661968231201,1.2145417928695679,1.2109265327453613,0.7573266559829573,0.7454917708993329,4.520194067936245e-07,-1.4425947370000358e-07,8.000743400771171e-05,3.451574684731895e-06,6.062043098609138e-07,5.975491603749106e-07,5.962788804936281e-07,0.00045175003778683004,0.00045174555669019837
2021-07-30_02h22m33s_C3H7O6P_[M]-__75,2021-07-30_02h22m33s,Dihydroxyacetone phosphate,C3H7O6P,[M]-,,75,2.316000895918131,13.245150020971199,0.02824858757062147,0.02824858757062147,0.0027033040382689953,0.003425892535160476,0.002197140173999327,0.002197140173999327,2.315746317602348,70,1.796543836593628,1.6615715026855469,317.9882507324219,10.88537883758545,0.21064314246177673,0.13463786244392395,0.13497233390808105,13.212568946621989,8.488552077316127,8.897376346794772e-07,8.299259093291766e-07,0.000157483562361449,5.4099455155665055e-06,9.039155202117399e-08,5.99374558873933e-08,5.981172535030055e-08,0.0008896844211192328,0.0008896572171828491
2021-07-30_02h22m33s_C3H7O6P_[M]-_-HPO3_75,2021-07-30_02h22m33s,Dihydroxyacetone phosphate,C3H7O6P,[M]-,-HPO3,75,0.0,0.0,0.0,0.0,0.00015574591166981868,0.00015025844452458227,0.0001594698513386608,0.0001594698513386608,0.0,5,0.0,-0.009586317464709282,0.0,0.0,0.007942130789160728,0.009348684921860695,0.009586317464709282,0.0,0.0,0.0,-4.247242557653408e-09,0.0,0.0,3.4446709928914743e-09,4.141958775960575e-09,4.247242557653408e-09,0.0,0.0
2021-07-30_02h22m33s_C39H79N2O6P_[M]-_-CO2_35,2021-07-30_02h22m33s,SM d18:1-16:0,C39H79N2O6P,[M]-,-CO2,35,1.6289874032228593,2.285667842412919,0.05649717514124294,0.022598870056497175,0.034697964178440316,0.05156869816083664,0.0246823892127505,0.0246823892127505,1.6440332061371743,170,3.154425859451294,1.7991199493408203,558.3333740234375,13.373573303222656,8.060564041137695,1.37908935546875,1.3553059101104736,2.325748074926814,0.3912920425061987,1.23248446470825e-06,6.519280191241705e-07,0.00021814975480083376,5.3175667744653765e-06,3.5376422147237463e-06,5.882140499124944e-07,5.805564455840795e-07,0.0012317693530708518,0.0012281397456982877
2021-07-30_02h22m33s_C39H79N2O6P_[M]-_-CH2O2_35,2021-07-30_02h22m33s,SM d18:1-16:0,C39H79N2O6P,[M]-,-CH2O2,35,2.02819057137285,3.0868014294801966,0.0903954802259887,0.005649717514124294,0.039581710980086775,0.047812237047722084,0.03456951999574747,0.03456951999574747,2.067498250765867,27,6.9861531257629395,4.780998706817627,1236.549072265625,26.181766510009766,15.00908088684082,2.2622337341308594,2.2051544189453125,3.166665517957162,0.4654307447395321,2.6682564566726796e-06,1.732758619255037e-06,0.0004722813901025802,9.775368198461365e-06,6.7331507125345524e-06,9.548076604914968e-07,9.354978942610614e-07,0.002665762641335111,0.00265041084102989
2021-07-30_02h22m33s_C39H79N2O6P_-H_-CO2_35,2021-07-30_02h22m33s,SM d18:1-16:0,C39H79N2O6P,-H,-CO2,35,0.0,0.0,0.0,0.0,0.0031037935254199576,0.005289097247265296,0.001825043854209118,0.001825043854209118,0.0,15,0.0,-0.09436724334955215,0.0,0.0,1.2908403873443604,0.09501268714666367,0.09436724334955215,0.0,0.0,0.0,-3.913516977149811e-08,0.0,0.0,5.829025440107216e-07,3.940894899301384e-08,3.913516977149811e-08,0.0,0.0
2021-07-30_02h22m33s_C39H79N2O6P_[M]-_+HCl_35,2021-07-30_02h22m33s,SM d18:1-16:0,C39H79N2O6P,[M]-,+HCl,35,29.930550684808928,1012.2315083988958,0.4011299435028249,0.3502824858757062,0.011180331516297697,0.02229835316744801,0.003402023495224764,0.003402023495224764,29.940315482530686,74,199.33567810058594,199.14353942871094,35282.4140625,621.510986328125,1.7065573930740356,0.1959269642829895,0.1921319216489792,1032.1218594970653,116.73732251056654,7.569976878585294e-05,7.561693200841546e-05,0.013398859649896622,0.00020585069432854652,7.246290465445782e-07,8.409174512280515e-08,8.284007435577223e-08,0.07569349833082296,0.0756449542547754
2021-07-30_02h22m33s_C39H79N2O6P_+Cl_-HPO3_35,2021-07-30_02h22m33s,SM d18:1-16:0,C39H79N2O6P,+Cl,-HPO3,35,0.0,0.0,0.0,0.0,0.0031037935254199576,0.005289097247265296,0.001825043854209118,0.001825043854209118,0.0,15,0.0,-0.09436724334955215,0.0,0.0,1.2908403873443604,0.09501268714666367,0.09436724334955215,0.0,0.0,0.0,-3.913516977149811e-08,0.0,0.0,5.829025440107216e-07,3.940894899301384e-08,3.913516977149811e-08,0.0,0.0
2021-07-30_02h22m33s_C39H79N2O6P_+Cl_-CO2_35,2021-07-30_02h22m33s,SM d18:1-16:0,C39H79N2O6P,+Cl,-CO2,35,1.9284401006676009,12.954690834566808,0.022598870056497175,0.022598870056497175,0.0033262876849482702,0.005950234403173459,0.0017187306199833443,0.0017187306199833443,1.9272314143132598,66,1.3744101524353027,1.2689604759216309,243.27059936523438,9.070171356201172,0.6602251529693604,0.10509362816810608,0.10544972121715546,12.911355114134414,2.0785811705184627,5.786300789623056e-07,5.347282581169566e-07,0.00010241752897854894,3.81730342269293e-06,2.757649326667888e-07,4.3566718233023494e-08,4.39018030817806e-08,0.000578604677173706,0.000578470557068086
2021-07-30_02h22m33s_C39H79N2O6P_[M]-_-CH2O3_35,2021-07-30_02h22m33s,SM d18:1-16:0,C39H79N2O6P,[M]-,-CH2O3,35,0.6994325347456376,0.8274097374361155,0.02824858757062147,0.02824858757062147,0.03648904216264323,0.04688063469166967,0.030387866116200365,0.030387866116200365,0.7043398792740101,186,1.7131273746490479,-0.3413727283477783,303.2235412597656,10.089771270751953,3.8866467475891113,2.0694704055786133,2.054500102996826,0.8334358009281467,0.4406592177417941,6.130150609351404e-07,-2.674998995644273e-07,0.00010850366379600018,3.6298927170719253e-06,1.6957832258412964e-06,8.842873171488463e-07,8.805149604995677e-07,0.0006124757668594771,0.0006119772801289017
2021-07-30_02h22m33s_C39H79N2O6P_+Cl_+H2_35,2021-07-30_02h22m33s,SM d18:1-16:0,C39H79N2O6P,+Cl,+H2,35,0.0,0.0,0.0,0.0,0.002013572143731227,0.0047782185358817165,0.0003898151921611709,0.0003898151921611709,0.0,58,0.0,-0.03358905389904976,0.0,0.0,0.3917962610721588,0.0340227372944355,0.03358905389904976,0.0,0.0,0.0,-1.5188607704885726e-08,0.0,0.0,1.7179290523472446e-07,1.5234700612154484e-08,1.5188607704885726e-08,0.0,0.0
2021-07-30_02h22m33s_C39H79N2O6P_[M]-_-H2_35,2021-07-30_02h22m33s,SM d18:1-16:0,C39H79N2O6P,[M]-,-H2,35,1.1779968055470151,2.182724707036453,0.02824858757062147,0.02824858757062147,0.021192568695071756,0.033387426373362186,0.013980190300689263,0.013980190300689263,1.1946900695506804,179,1.9808132648468018,1.0982301235198975,350.60394287109375,11.642623901367188,3.3325111865997314,0.9064956903457642,0.8825831413269043,2.241796127834844,0.594212274675845,5.799486189062009e-07,2.0383922105793317e-07,0.00010265090531902388,3.408469638088718e-06,1.4352700645758887e-06,3.839590192455944e-07,3.761093978482677e-07,0.0005797305767880509,0.000579117428996488
2021-07-30_02h22m33s_C39H79N2O6P_+Cl_-CH2O2_35,2021-07-30_02h22m33s,SM d18:1-16:0,C39H79N2O6P,+Cl,-CH2O2,35,0.4075477169940473,1.3963461833141564,0.005649717514124294,0.005649717514124294,0.004405384358660585,0.005319148936170213,0.003862714176869784,0.003862714176869784,0.4078663560722644,91,0.3417082130908966,0.09843222796916962,60.48235321044922,4.533271312713623,0.38557055592536926,0.24371597170829773,0.243275985121727,1.3988612630939445,0.8839478533819485,1.3840907797657565e-07,3.5113174590151175e-08,2.44984075834509e-05,1.8362039782005013e-06,1.6409573788678244e-07,1.0340141187725749e-07,1.0329590338642447e-07,0.00013839478236250753,0.0001383863693631815
2021-07-30_02h22m33s_C39H79N2O6P_[M]-__35,2021-07-30_02h22m33s,SM d18:1-16:0,C39H79N2O6P,[M]-,,35,2.376463715920011,4.772567008792395,0.04519774011299435,0.04519774011299435,0.0182333963733452,0.03371799495131626,0.009018906036819816,0.009018906036819816,2.3910429077250455,176,2.799136161804199,2.2235357761383057,495.44708251953125,13.17715835571289,4.125338077545166,0.5855053663253784,0.5756003260612488,4.854551819151874,0.678358415912798,1.01374803307408e-06,7.75802959651628e-07,0.00017943340935744345,4.764114692079602e-06,1.7242685999008245e-06,2.4091380623758596e-07,2.3794508763330668e-07,0.0010135068740921072,0.0010120030679609915
2021-07-30_02h22m33s_C39H79N2O6P_-H_+H2_35,2021-07-30_02h22m33s,SM d18:1-16:0,C39H79N2O6P,-H,+H2,35,1.5569759624231299,17.790628114018396,0.01694915254237288,0.01694915254237288,0.0025253087106463456,0.005228993869455464,0.0008859436185481155,0.0008859436185481155,1.5668102012615786,55,1.1667664051055908,1.1077940464019775,206.5176544189453,9.021217346191406,0.43545323610305786,0.0645832046866417,0.0589723065495491,19.455086392943862,2.673290764259764,4.247415006375377e-07,3.9983248711905617e-07,7.517924677813426e-05,3.282025772932684e-06,1.8913873134351888e-07,2.6686061360692293e-08,2.4909006413054158e-08,0.00042473092101230235,0.0004246611807605578
2021-07-30_02h22m33s_C39H79N2O6P_-H__35,2021-07-30_02h22m33s,SM d18:1-16:0,C39H79N2O6P,-H,,35,2.0136925168203907,22.007217147738807,0.022598870056497175,0.022598870056497175,0.0025809322505284237,0.0047782185358817165,0.0012226021935963995,0.0012226021935963995,2.0113791037379793,61,1.7756730318069458,1.6950314044952393,314.29412841796875,12.323092460632324,0.347583144903183,0.07968594133853912,0.08064161986112595,21.749605591209505,5.0939727229213245,5.669476195180323e-07,5.334336492524017e-07,0.00010034973092842847,3.829149591183523e-06,1.4732192710198433e-07,3.2984029729732356e-08,3.3513963160203275e-08,0.0005669286194931641,0.000566864108005236
2021-07-30_02h22m33s_C39H79N2O6P_[M]-_+H2_35,2021-07-30_02h22m33s,SM d18:1-16:0,C39H79N2O6P,[M]-,+H2,35,2.9786480829046584,8.72050460756514,0.04519774011299435,0.04519774011299435,0.012982534208477028,0.02605481428056257,0.005173910732320995,0.005173910732320995,3.00296146736882,164,2.8825523853302,2.5595622062683105,510.2117919921875,13.38340950012207,2.5399904251098633,0.32954880595207214,0.3229902684688568,8.89703384904995,1.1344207978294798,1.1474421626189724e-06,1.0145416808882146e-06,0.00020309726824052632,5.483693257701816e-06,1.068428673534072e-06,1.3499742124167824e-07,1.3290051015246718e-07,0.0011472896872342462,0.0011462175109641514
2021-07-30_02h22m33s_C39H79N2O6P_+Cl_-H3PO4_35,2021-07-30_02h22m33s,SM d18:1-16:0,C39H79N2O6P,+Cl,-H3PO4,35,0.0,0.0,0.0,0.0,0.0012348425853821337,0.0022538766678687344,0.0006378794053546432,0.0006378794053546432,0.0,40,0.0,-0.04060296341776848,0.0,0.0,0.1567814201116562,0.039596471935510635,0.04060296341776848,0.0,0.0,0.0,-1.660601256503469e-08,0.0,0.0,7.106844179816107e-08,1.619437028921311e-08,1.660601256503469e-08,0.0,0.0
2021-07-30_02h22m33s_C39H79N2O6P_[M]-_+C12H14N2_35,2021-07-30_02h22m33s,SM d18:1-16:0,C39H79N2O6P,[M]-,+C12H14N2,35,1.2780423565388757,1.551057483927706,0.05084745762711865,0.05084745762711865,0.03197241072421849,0.03558119966342108,0.029785424455587645,0.029785424455587645,1.2953935756123258,187,3.048011541366577,1.1194007396697998,539.498046875,13.251009941101074,2.5575928688049316,1.9641183614730835,1.9286108016967773,1.5795991288431581,1.191284310422644,1.1933555015275488e-06,3.5280459087516647e-07,0.00021122393081896007,5.221481842454523e-06,1.1205518148926785e-06,8.523008432348433e-07,8.405509106523823e-07,0.001192353267902394,0.0011920197815978913
2021-07-30_02h22m33s_C39H79N2O6P_-H_-CH2O2_35,2021-07-30_02h22m33s,SM d18:1-16:0,C39H79N2O6P,-H,-CH2O2,35,0.0,0.0,0.0,0.0,0.003482033596618089,0.005108787113835798,0.0025337987490476107,0.0025337987490476107,0.0,79,0.0,-0.15935279428958893,0.0,0.0,0.35991141200065613,0.1662183701992035,0.15935279428958893,0.0,0.0,0.0,-6.768313909333301e-08,0.0,0.0,1.502241673279059e-07,7.008861047097525e-08,6.768313909333301e-08,0.0,0.0
2021-07-30_02h22m33s_C39H79N2O6P_+Cl_-NH3_35,2021-07-30_02h22m33s,SM d18:1-16:0,C39H79N2O6P,+Cl,-NH3,35,1.0996641111366687,1.2532000869856708,0.07909604519774012,0.07909604519774012,0.0649571698742908,0.07002043514845534,0.06192745893651328,0.06192745893651328,1.1078816850478246,188,5.3715739250183105,1.1242480278015137,950.7686157226562,18.668554306030273,5.267851829528809,4.285285949707031,4.247325897216797,1.264397801622843,1.0194961063269619,2.1765245037386194e-06,3.441663238845649e-07,0.00038524484261870384,7.658277354494203e-06,2.264795966766542e-06,1.8423170331516303e-06,1.8323581798540545e-06,0.0021725436256550606,0.0021716062586426407
2021-07-30_02h22m33s_C39H79N2O6P_[M]-_-NH3_35,2021-07-30_02h22m33s,SM d18:1-16:0,C39H79N2O6P,[M]-,-NH3,35,11.34189619092652,746.0898770666691,0.11864406779661017,0.11864406779661017,0.0015352097007453555,0.0027347036903473975,0.0004606906816450201,0.0004606906816450201,11.348903686937033,40,21.57594108581543,21.54850959777832,3818.94140625,74.61685943603516,0.2335975617170334,0.02791868895292282,0.027431456372141838,758.8756904819097,91.97001421455468,8.088761205726769e-06,8.076838639681228e-06,0.0014317106688395143,2.6993482606485486e-05,1.0387969950897968e-07,1.201431398811792e-08,1.1922513643014554e-08,0.008088664768510712,0.00808792103492001
2021-07-30_02h22m33s_C39H79N2O6P_-H_-H3PO4_35,2021-07-30_02h22m33s,SM d18:1-16:0,C39H79N2O6P,-H,-H3PO4,35,0.0,0.0,0.0,0.0,0.0008343530982311714,0.0018031013342949874,0.0002657830855644347,0.0002657830855644347,0.0,28,0.0,-0.023765044286847115,0.0,0.0,0.13316552340984344,0.023175939917564392,0.023765044286847115,0.0,0.0,0.0,-9.868961647896413e-09,0.0,0.0,5.7659701013790254e-08,9.62432356033105e-09,9.868961647896413e-09,0.0,0.0
2021-07-30_02h22m33s_C39H79N2O6P_-H_-CH2O3_35,2021-07-30_02h22m33s,SM d18:1-16:0,C39H79N2O6P,-H,-CH2O3,35,0.0,0.0,0.0,0.0,0.0012348425853821337,0.0022538766678687344,0.0006378794053546432,0.0006378794053546432,0.0,40,0.0,-0.04060296341776848,0.0,0.0,0.1567814201116562,0.039596471935510635,0.04060296341776848,0.0,0.0,0.0,-1.660601256503469e-08,0.0,0.0,7.106844179816107e-08,1.619437028921311e-08,1.660601256503469e-08,0.0,0.0
2021-07-30_02h22m33s_C39H79N2O6P_+Cl_-H2_35,2021-07-30_02h22m33s,SM d18:1-16:0,C39H79N2O6P,+Cl,-H2,35,5.718219314265387,128.8480441189537,0.062146892655367235,0.062146892655367235,0.0022360663032595395,0.00423728813559322,0.0008682247461771533,0.0008682247461771533,5.725736847510967,64,7.124626159667969,7.071567535400391,1261.058837890625,31.03274154663086,0.3054984211921692,0.05429479479789734,0.05305853486061096,131.79465884598426,23.245229557645754,2.6927425551548367e-06,2.6697200610215077e-06,0.00047661541611887515,1.1226133210584521e-05,1.3117418973251915e-07,2.343412575100956e-08,2.302255452946156e-08,0.00269268056276975,0.0026923893831590565
2021-07-30_02h22m33s_C39H79N2O6P_+Cl_-H2O_35,2021-07-30_02h22m33s,SM d18:1-16:0,C39H79N2O6P,+Cl,-H2O,35,3.1812671800518757,67.92822877393068,0.03389830508474576,0.03389830508474576,0.002280565135165202,0.004868373602596466,0.0006555982777256055,0.0006555982777256055,3.181716489740846,54,2.893763303756714,2.8520865440368652,512.1961059570312,15.918350219726562,0.39703965187072754,0.0416003055870533,0.041676804423332214,67.80646636641423,7.2700377717557885,1.1109282240795437e-06,1.093829155252024e-06,0.0001966342970263213,6.042047516530147e-06,1.7697598764243594e-07,1.6980017392143054e-08,1.7099022642241835e-08,0.0011109092286174902,0.0011107316512485583
2021-07-30_02h22m33s_C39H79N2O6P_[M]-_-H2O_35,2021-07-30_02h22m33s,SM d18:1-16:0,C39H79N2O6P,[M]-,-H2O,35,1.4478296344459132,2.555303541845803,0.03389830508474576,0.03389830508474576,0.022616531316052953,0.0381656449092439,0.01341318638481847,0.01341318638481847,1.4709274154860825,184,2.215796947479248,1.3720594644546509,392.1960754394531,11.889850616455078,3.696897029876709,0.8661364912986755,0.8437374830245972,2.623059816814981,0.5992046099653361,9.439336849936808e-07,5.851833293490927e-07,0.00016707625763956457,5.21742776982137e-06,1.5731720850453712e-06,3.666380052891327e-07,3.587503272228787e-07,0.0009435951699177068,0.0009424510473145238
2021-07-30_02h22m33s_C39H79N2O6P_+Cl_+HCl_35,2021-07-30_02h22m33s,SM d18:1-16:0,C39H79N2O6P,+Cl,+HCl,35,0.5355545414525972,10.999593429614945,0.005649717514124294,0.005649717514124294,0.0029369229057737236,0.006971991825940618,0.0005492850434998317,0.0005492850434998317,0.5357682079712823,57,0.43398693203926086,0.39552992582321167,76.81568908691406,5.7574872970581055,0.5507161617279053,0.0384548157453537,0.038456991314888,10.998986936834891,0.786612686277068,1.1612340244937513e-07,9.767372688429532e-08,2.055384175037034e-05,1.5405510112032061e-06,2.345326208796905e-07,1.836625784790158e-08,1.8449677341436654e-08,0.00011612126004959474,0.00011609617410938715
2021-07-30_02h22m33s_C39H79N2O6P_-H_-H2O_35,2021-07-30_02h22m33s,SM d18:1-16:0,C39H79N2O6P,-H,-H2O,35,0.5284536973078422,7.867909413943739,0.005649717514124294,0.005649717514124294,0.001957948603849149,0.004087029691068638,0.0006910360224675301,0.0006910360224675301,0.5302860816234743,47,0.350238174200058,0.3088230788707733,61.992156982421875,4.6464338302612305,0.38362833857536316,0.04351476952433586,0.04141509532928467,8.257394483756894,0.9105885840271573,1.2101669710773422e-07,1.0310236575605813e-07,2.14199553738581e-05,1.6054680145316524e-06,1.846172921204925e-07,1.8835489612456513e-08,1.7914333128032922e-08,0.00012101452921314456,0.00012099435945672946
2021-07-30_02h22m33s_C39H79N2O6P_+Cl_-CH2O3_35,2021-07-30_02h22m33s,SM d18:1-16:0,C39H79N2O6P,+Cl,-CH2O3,35,1.275948327676155,2.134935776506536,0.03389830508474576,0.03389830508474576,0.01599733007008566,0.014935689385743479,0.01656714566684976,0.01656714566684976,1.2997916337515063,172,2.3493518829345703,1.285306453704834,415.8352966308594,13.00515079498291,0.9917483329772949,1.099432110786438,1.0640454292297363,2.2058701145111455,2.3665130475603653,8.17971226751979e-07,3.722604731137835e-07,0.000144780904520303,4.676157459471142e-06,4.1953219920287665e-07,4.5785176894241886e-07,4.4571075363819546e-07,0.0008176068106042448,0.0008176282053928401
2021-07-30_02h22m33s_C39H79N2O6P_-H_-H2_35,2021-07-30_02h22m33s,SM d18:1-16:0,C39H79N2O6P,-H,-H2,35,0.0,0.0,0.0,0.0,0.002836800533985983,0.004808270224786633,0.0016832928752414196,0.0016832928752414196,0.0,64,0.0,-0.10136761516332626,0.0,0.0,0.3291879892349243,0.10460575670003891,0.10136761516332626,0.0,0.0,0.0,-4.222061278369438e-08,0.0,0.0,1.3925443909101887e-07,4.3355530721100877e-08,4.222061278369438e-08,0.0,0.0
2021-07-30_02h22m33s_C39H79N2O6P_[M]-_-HPO3_35,2021-07-30_02h22m33s,SM d18:1-16:0,C39H79N2O6P,[M]-,-HPO3,35,0.8105463900413226,0.7907753071278286,0.12429378531073447,0.12429378531073447,0.14185115140727556,0.13940978482990743,0.1433456774810851,0.1433456774810851,0.8131921472796287,189,9.011963844299316,-2.3346033096313477,1595.11767578125,24.64515495300293,11.69228744506836,11.395364761352539,11.346567153930664,0.7941758547934813,0.7706954854770213,3.4902934658020968e-06,-1.460933845010004e-06,0.0006177819450385869,9.601029887562618e-06,5.080216396891046e-06,4.957146302331239e-06,4.951227310812101e-06,0.0034730973712444814,0.0034726516439796606
2021-07-30_02h22m33s_C39H79N2O6P_[M]-_-H3PO4_35,2021-07-30_02h22m33s,SM d18:1-16:0,C39H79N2O6P,[M]-,-H3PO4,35,0.6551677454407524,0.7515777303923219,0.02824858757062147,0.02824858757062147,0.03250639670708644,0.031494169972352444,0.03311657246132856,0.03311657246132856,0.6674504643775875,187,1.6847680807113647,-0.5011378526687622,298.2039489746094,9.895296096801758,2.3394601345062256,2.2406418323516846,2.185905933380127,0.7703889111075539,0.7198448099466586,6.946199846424861e-07,-2.3274651539395563e-07,0.0001229477347806096,4.088063178642187e-06,9.913794656313257e-07,9.471061162003025e-07,9.273665000364417e-07,0.0006939764141641748,0.0006939320346727678
2021-07-30_02h22m33s_C39H79N2O6P_-H_+C12H14N2_35,2021-07-30_02h22m33s,SM d18:1-16:0,C39H79N2O6P,-H,+C12H14N2,35,0.0,0.0,0.0,0.0,0.0028479252419623983,0.005529510758504628,0.0012757588107092865,0.0012757588107092865,0.0,74,0.0,-0.07781019806861877,0.0,0.0,0.4226720929145813,0.0769520178437233,0.07781019806861877,0.0,0.0,0.0,-3.3104729624255924e-08,0.0,0.0,1.7712332578412315e-07,3.263771475303656e-08,3.3104729624255924e-08,0.0,0.0
2021-07-30_02h22m33s_C39H79N2O6P_-H_-HPO3_35,2021-07-30_02h22m33s,SM d18:1-16:0,C39H79N2O6P,-H,-HPO3,35,0.4133594868151895,1.4142738676020858,0.005649717514124294,0.005649717514124294,0.004349760818778507,0.005499459069599711,0.0036678065807891984,0.0036678065807891984,0.41605227935236816,93,0.33437466621398926,0.104977086186409,59.1843147277832,4.435981273651123,0.3597649335861206,0.23542851209640503,0.22939758002758026,1.4512941766747818,0.9268491338395793,1.1514612197061069e-07,1.9422344621489174e-08,2.0380863134050742e-05,1.5275859368557576e-06,1.526190374079306e-07,9.774343112667339e-08,9.572377734912152e-08,0.00011513510080385627,0.00011512855116195418
2021-07-30_02h22m33s_C5H10O5_[M]-_+C12H14N2_118,2021-07-30_02h22m33s,Ribulose,C5H10O5,[M]-,+C12H14N2,118,0.0,0.0,0.0,0.0,0.0026810546223161643,0.006491164803461955,0.00044297180927405777,0.00044297180927405777,0.0,2,0.0,-0.13876590132713318,0.0,0.0,17.04098129272461,0.1349031627178192,0.13876590132713318,0.0,0.0,0.0,-6.910933336712333e-08,0.0,0.0,6.870501238154247e-06,6.7185581542617e-08,6.910933336712333e-08,0.0,0.0
2021-07-30_02h22m33s_C5H10O5_-H_-H2O_118,2021-07-30_02h22m33s,Ribulose,C5H10O5,-H,-H2O,118,1.8110705604076744,3.027203676731566,0.23163841807909605,0.03954802259887006,0.16708198909778618,0.2501502584445246,0.11790137675638322,0.11790137675638322,1.798201023581735,175,21.292348861694336,14.19863510131836,3768.74560546875,46.54991912841797,29.85458755493164,7.0326690673828125,7.093714237213135,3.001156656882935,0.7131780214513714,1.1246774192841258e-05,7.799483682902064e-06,0.0019906789530068636,2.5527098841848783e-05,1.3098412637191359e-05,3.4206768759759143e-06,3.4472902825655183e-06,0.011208136492823878,0.011101363947027452
2021-07-30_02h22m33s_C5H10O5_+Cl_-H2O_118,2021-07-30_02h22m33s,Ribulose,C5H10O5,+Cl,-H2O,118,0.0,0.0,0.0,0.0,0.0007898542663255089,0.0014725327563409063,0.0003898151921611709,0.0003898151921611709,0.0,24,0.0,-0.052523694932460785,0.0,0.0,0.2383434921503067,0.05106163024902344,0.052523694932460785,0.0,0.0,0.0,-1.969181973038303e-08,0.0,0.0,8.40022806869456e-08,1.9143671536880902e-08,1.969181973038303e-08,0.0,0.0
2021-07-30_02h22m33s_C5H10O5_+Cl__118,2021-07-30_02h22m33s,Ribulose,C5H10O5,+Cl,,118,3.7943232354026217,9.059365119178882,0.22598870056497175,0.22598870056497175,0.058426966292134834,0.07257482870537324,0.04955968602158159,0.04955968602158159,3.7725520878940144,189,26.2598876953125,23.340940475463867,4648.0,78.90638732910156,5.763179779052734,2.8976454734802246,2.918947219848633,8.993274781409847,4.555702407260441,1.2433214578777552e-05,1.110915582103189e-05,0.0022006789222359657,3.517546792863868e-05,2.5558388188073877e-06,1.315224153586314e-06,1.3240589851193363e-06,0.012416774037546941,0.012401518296902178
2021-07-30_02h22m33s_C5H10O5_-H_+HCl_118,2021-07-30_02h22m33s,Ribulose,C5H10O5,-H,+HCl,118,3.7943232354026217,9.059365119178882,0.22598870056497175,0.22598870056497175,0.058426966292134834,0.07257482870537324,0.04955968602158159,0.04955968602158159,3.7725520878940144,189,26.2598876953125,23.340940475463867,4648.0,78.90638732910156,5.763179779052734,2.8976454734802246,2.918947219848633,8.993274781409847,4.555702407260441,1.2433214578777552e-05,1.110915582103189e-05,0.0022006789222359657,3.517546792863868e-05,2.5558388188073877e-06,1.315224153586314e-06,1.3240589851193363e-06,0.012416774037546941,0.012401518296902178
2021-07-30_02h22m33s_C5H10O5_+Cl_-H2_118,2021-07-30_02h22m33s,Ribulose,C5H10O5,+Cl,-H2,118,1.2888421647350703,2.03683665590303,0.03389830508474576,0.03389830508474576,0.022716653687840694,0.03353768481788676,0.01630136258128533,0.01630136258128533,1.2945751999635688,178,2.1981611251831055,1.1274285316467285,389.07452392578125,12.196303367614746,2.9955172538757324,1.0782034397125244,1.070732593536377,2.051035060835346,0.7335719900627893,1.1672995015032939e-06,6.89184048496827e-07,0.00020661202142946422,6.331376425805502e-06,1.2977549204151728e-06,4.807431537301454e-07,4.781154530064669e-07,0.0011667416642839332,0.0011657865962119058
2021-07-30_02h22m33s_C5H10O5_-H_+C12H14N2_118,2021-07-30_02h22m33s,Ribulose,C5H10O5,-H,+C12H14N2,118,0.7394792672875111,0.6666354155542176,0.2542372881355932,0.2542372881355932,0.3203137167649349,0.2977821853588172,0.333805836596559,0.333805836596559,0.7397769715219439,189,19.456077575683594,-9.705055236816406,3443.7255859375,35.21978759765625,26.884279251098633,29.184484481811523,29.1611328125,0.6671692259540076,0.7236702804523983,9.832564501266461e-06,-4.461513526621275e-06,0.0017403638921678066,1.8634904336067848e-05,1.3086841136100702e-05,1.4323314644570928e-05,1.4294078027887736e-05,0.009693997741152262,0.009705549516604104
2021-07-30_02h22m33s_C5H10O5_+Cl_+C12H14N2_118,2021-07-30_02h22m33s,Ribulose,C5H10O5,+Cl,+C12H14N2,118,0.8446026018450296,1.0389477974625478,0.11299435028248588,0.11299435028248588,0.13665591278228947,0.15861281404014907,0.12378404238354271,0.12378404238354271,0.8444340956403416,189,10.930608749389648,0.42210865020751953,1934.7177734375,32.108367919921875,16.184656143188477,10.519845008850098,10.508500099182129,1.0400693321502792,0.6753268852798193,5.7735364862310234e-06,6.331638360279612e-07,0.0010219159303233027,1.7070935427909717e-05,7.69278994994238e-06,5.149266144144349e-06,5.140372650203062e-06,0.0057440101336375836,0.005729460946642107
2021-07-30_02h22m33s_C5H10O5_+Cl_-CO2_118,2021-07-30_02h22m33s,Ribulose,C5H10O5,+Cl,-CO2,118,0.7773397548536216,3.1093901689424617,0.011299435028248588,0.011299435028248588,0.0060295917232172655,0.008534679648996273,0.004536031326966352,0.004536031326966352,0.7772168621466378,129,0.833499550819397,0.5662173628807068,147.5294189453125,8.169148445129395,0.5269298553466797,0.2670588493347168,0.2672821879386902,3.1068016748464657,1.5788073782492495,4.240827706780692e-07,2.9966636816425307e-07,7.506264955736697e-05,4.00752514906344e-06,2.4178729063351057e-07,1.2428394313701574e-07,1.2441640251381614e-07,0.000424030014389121,0.00042398025764029226
2021-07-30_02h22m33s_C5H10O5_+Cl_-CH2O2_118,2021-07-30_02h22m33s,Ribulose,C5H10O5,+Cl,-CH2O2,118,1.0370977397592522,1.188640960552983,0.06779661016949153,0.03954802259887006,0.07028590499499388,0.09559442240653925,0.05537147615925723,0.05537147615925723,1.0350808962337343,187,4.050182819366455,0.6261286735534668,716.88232421875,15.856527328491211,9.429292678833008,3.4064064025878906,3.4240541458129883,1.1825164353438515,0.4294864387886276,2.037081685557496e-06,5.298370524542406e-07,0.00036056345561519265,8.406117558479309e-06,3.9769429349689744e-06,1.5007525462351623e-06,1.5072446331032552e-06,0.002034015925969432,0.0020290124189529762
2021-07-30_02h22m33s_C5H10O5_-H_-CO2_118,2021-07-30_02h22m33s,Ribulose,C5H10O5,-H,-CO2,118,0.0,0.0,0.0,0.0,0.0002781176994103905,0.000330568577954081,0.00024806421319347236,0.00024806421319347236,0.0,11,0.0,-0.014881748706102371,0.0,0.0,0.018024414777755737,0.014467494562268257,0.014881748706102371,0.0,0.0,0.0,-6.5805121352013884e-09,0.0,0.0,7.665771128984034e-09,6.3973346620116445e-09,6.5805121352013884e-09,0.0,0.0
2021-07-30_02h22m33s_C5H10O5_[M]-__118,2021-07-30_02h22m33s,Ribulose,C5H10O5,[M]-,,118,1.0088778461779928,0.7354601782749383,1.0,0.9096045197740112,0.9823117143174992,0.9841026565692992,0.981200276414409,0.981200276414409,1.0094074730667066,189,1390.876953125,-501.63525390625,246185.21875,708.7998657226562,1444.6324462890625,1891.16455078125,1892.51220703125,0.7349364580165032,0.9627888352563407,0.0007551514427177608,-0.00019752368098124862,0.13366180658340454,0.000468771526357159,0.0007268296321853995,0.0009529144736006856,0.0009526751236990094,0.3867266159909158,0.437305121850425
2021-07-30_02h22m33s_C5H10O5_-H_-CH2O2_118,2021-07-30_02h22m33s,Ribulose,C5H10O5,-H,-CH2O2,118,0.0,0.0,0.0,0.0,0.0001668706196462343,0.00018031013342949875,0.0001594698513386608,0.0001594698513386608,0.0,6,0.0,-0.008246401324868202,0.0,0.0,0.00995677337050438,0.008920028805732727,0.008246401324868202,0.0,0.0,0.0,-3.418127336729526e-09,0.0,0.0,4.0873877615865695e-09,3.66305985544102e-09,3.418127336729526e-09,0.0,0.0
2021-07-30_02h22m33s_C5H10O5_-H_-CH2O3_118,2021-07-30_02h22m33s,Ribulose,C5H10O5,-H,-CH2O3,118,0.0,0.0,0.0,0.0,0.00010012237178774057,9.015506671474937e-05,0.00010631323422577388,0.00010631323422577388,0.0,3,0.0,-0.005919305607676506,0.0,0.0,0.0048346687108278275,0.005754533689469099,0.005919305607676506,0.0,0.0,0.0,-2.5125348468435504e-09,0.0,0.0,1.885687828107052e-09,2.442595015139659e-09,2.5125348468435504e-09,0.0,0.0
2021-07-30_02h22m33s_C5H10O5_[M]-_-CH2O3_118,2021-07-30_02h22m33s,Ribulose,C5H10O5,[M]-,-CH2O3,118,0.0,0.0,0.0,0.0,8.899766381132495e-05,9.015506671474937e-05,8.859436185481156e-05,8.859436185481156e-05,0.0,3,0.0,-0.005173674318939447,0.0,0.0,0.005106194410473108,0.005029658321291208,0.005173674318939447,0.0,0.0,0.0,-2.5557185256985804e-09,0.0,0.0,2.0308403847479894e-09,2.484576544503625e-09,2.5557185256985804e-09,0.0,0.0
2021-07-30_02h22m33s_C5H10O5_[M]-_-H2O_118,2021-07-30_02h22m33s,Ribulose,C5H10O5,[M]-,-H2O,118,0.0,0.0,0.0,0.0,0.005651351652019135,0.009105661738189686,0.003632368836047274,0.003632368836047274,0.0,5,0.0,-0.5012025833129883,0.0,0.0,12.992300987243652,0.4893694519996643,0.5012025833129883,0.0,0.0,0.0,-2.4623551553304424e-07,0.0,0.0,4.897250619251281e-06,2.403977532594581e-07,2.4623551553304424e-07,0.0,0.0
2021-07-30_02h22m33s_C5H10O5_[M]-_-H2_118,2021-07-30_02h22m33s,Ribulose,C5H10O5,[M]-,-H2,118,1.0742896969520062,0.8649640009800795,0.8813559322033898,0.8813559322033898,0.7961286016242074,0.7714569058781103,0.8104080656307032,0.8104080656307032,1.0770377470957546,189,206.2982635498047,-31.906158447265625,36514.79296875,129.47030639648438,192.0579833984375,238.5040283203125,238.2044219970703,0.8660519219933707,1.074140141218112,0.000112433175672777,-8.560135029256344e-06,0.019900672137737274,8.179849100997671e-05,9.71931149251759e-05,0.00012124882050557062,0.00012099331070203334,0.100297811413669,0.10247346081864948
2021-07-30_02h22m33s_C5H10O5_[M]-_-CO2_118,2021-07-30_02h22m33s,Ribulose,C5H10O5,[M]-,-CO2,118,0.0,0.0,0.0,0.0,0.00015574591166981868,9.015506671474937e-05,0.00019490759608058544,0.00019490759608058544,0.0,3,0.0,-0.010768481530249119,0.0,0.0,0.004632438533008099,0.010468726046383381,0.010768481530249119,0.0,0.0,0.0,-4.55304549618063e-09,0.0,0.0,2.5058237707042963e-09,4.426305544313891e-09,4.55304549618063e-09,0.0,0.0
2021-07-30_02h22m33s_C5H10O5_-H__118,2021-07-30_02h22m33s,Ribulose,C5H10O5,-H,,118,2.3615325094800323,2.9612229825236946,0.3954802259887006,0.3954802259887006,0.16405606852820112,0.17399927875946627,0.15746761876074206,0.15746761876074206,2.4161273312981497,189,281.86676025390625,189.59559631347656,49890.4140625,546.5425415039062,80.01972198486328,95.18492889404297,92.27116394042969,3.054732307306433,3.5224221084536596,0.00013938936172053218,9.458507702220231e-05,0.02467191591858864,0.0002682882477529347,3.789943002630025e-05,4.624959183274768e-05,4.480428833630867e-05,0.13341193492083428,0.13429948768446676
2021-07-30_02h22m33s_C5H10O5_[M]-_-CH2O2_118,2021-07-30_02h22m33s,Ribulose,C5H10O5,[M]-,-CH2O2,118,0.0,0.0,0.0,0.0,0.0001223717877405718,6.0103377809832915e-05,0.0001594698513386608,0.0001594698513386608,0.0,2,0.0,-0.009340832941234112,0.0,0.0,0.0031306787859648466,0.009080817922949791,0.009340832941234112,0.0,0.0,0.0,-3.761519984379902e-09,0.0,0.0,1.2840787322332403e-09,3.656813074570664e-09,3.761519984379902e-09,0.0,0.0
2021-07-30_02h22m33s_C11H15N2O8P_-H_+H2_120,2021-07-30_02h22m33s,Nicotinamide ribotide,C11H15N2O8P,-H,+H2,120,73.23273850684099,202117.3572417985,0.7401129943502824,0.4011299435028249,0.00251418400266993,0.0026746003125375645,0.00010631323422577388,0.00010631323422577388,73.8770702293352,3,7763.193359375,7763.18701171875,1374085.25,15566.333984375,2.4427192211151123,0.03740933537483215,0.006393372546881437,1050020.5839958051,3176.794327391065,0.0029148608446121216,0.002914857119321823,0.5159303545951843,0.005265718325972557,1.041585733219108e-06,2.121926634401916e-08,3.7203109481964702e-09,2.9148500004637525,2.9118279261866165
2021-07-30_02h22m33s_C11H15N2O8P_-H_-H2_120,2021-07-30_02h22m33s,Nicotinamide ribotide,C11H15N2O8P,-H,-H2,120,2.824843356127102,4.734414172419808,0.07344632768361582,0.0,0.01881188118811881,0.023290058901310254,0.01600014175097897,0.01600014175097897,2.8083890168342256,7,5.123252868652344,4.031117916107178,906.8157958984375,18.788427352905273,3.28767991065979,1.0811302661895752,1.0921350717544556,4.686751894648889,1.5578447911716935,1.8901071143773152e-06,1.412207438988844e-06,0.0003345489676576108,7.061449196044123e-06,1.4318786725198152e-06,4.734255014682276e-07,4.778996753884712e-07,0.0018892042642726767,0.0018874045800127786
2021-07-30_02h22m33s_C11H15N2O8P_-H_+C12H14N2_120,2021-07-30_02h22m33s,Nicotinamide ribotide,C11H15N2O8P,-H,+C12H14N2,120,9.580581788426404,109.42486634760618,0.4293785310734463,0.4293785310734463,0.040560685282011344,0.048232960692390914,0.03481758420894094,0.03481758420894094,9.687763117357827,189,221.17898559570312,219.18963623046875,39148.6796875,409.0506286621094,2.923435688018799,2.0202863216400146,1.9893511533737183,111.12560978036295,75.6313385525479,8.230349340010434e-05,8.144965977407992e-05,0.014567718841135502,0.0001414264552295208,1.1905317478522193e-06,8.666263511258876e-07,8.538363545085303e-07,0.08223327963640031,0.08220562499369731
2021-07-30_02h22m33s_C11H15N2O8P_+Cl_-CH2O2_120,2021-07-30_02h22m33s,Nicotinamide ribotide,C11H15N2O8P,+Cl,-CH2O2,120,2.7242342432042244,3.7814118340420886,0.4406779661016949,0.4293785310734463,0.2039826454555568,0.2912910205553552,0.1517621418572922,0.1517621418572922,2.7781189247552893,188,57.12754821777344,42.67898941040039,10111.576171875,89.52567291259766,36.65388107299805,15.106465339660645,14.44855785369873,3.9535845176847535,1.558524991637653,2.5242365154554136e-05,1.8488111891201697e-05,0.004467898514121771,3.7883877666899934e-05,1.6000005416572094e-05,7.051226020848844e-06,6.754253263352439e-06,0.02507301565673256,0.02484484746061046
2021-07-30_02h22m33s_C11H15N2O8P_+Cl_-CH2O3_120,2021-07-30_02h22m33s,Nicotinamide ribotide,C11H15N2O8P,+Cl,-CH2O3,120,5.378449555240112,7.7844305373746865,0.14689265536723164,0.005649717514124294,0.03405273111580821,0.06184637576631807,0.01731133830643018,0.01731133830643018,5.712019363069773,53,7.297307968139648,6.473325729370117,1291.62353515625,19.19801902770996,8.578217506408691,0.9364234805107117,0.8239824175834656,8.845410293124655,0.8505796668155978,3.0536039048456587e-06,2.6891889319813345e-06,0.0005404878756962717,7.952905434649438e-06,3.4009119644906605e-06,4.163961477843259e-07,3.6441500128603366e-07,0.0030524915311404125,0.0030432540656826937
2021-07-30_02h22m33s_C11H15N2O8P_-H__120,2021-07-30_02h22m33s,Nicotinamide ribotide,C11H15N2O8P,-H,,120,16.588507938349423,201.11246006090067,0.4689265536723164,0.4689265536723164,0.02686616976304372,0.03909724726529631,0.018268157414462145,0.018268157414462145,16.831300565428627,188,222.4855499267578,221.39981079101562,39379.94140625,441.07781982421875,2.4828388690948486,1.1052743196487427,1.0857397317886353,204.72753817565402,89.57326205617967,8.858778164722025e-05,8.808075654087588e-05,0.015680037438869476,0.00015985112986527383,1.085262169908674e-06,5.177110438125965e-07,5.070240263194137e-07,0.08854288827550486,0.08849174490412659
2021-07-30_02h22m33s_C11H15N2O8P_+Cl_+H2_120,2021-07-30_02h22m33s,Nicotinamide ribotide,C11H15N2O8P,+Cl,+H2,120,4.011016079309195,12.687673152202052,0.12994350282485875,0.12994350282485875,0.028312381799977752,0.0378050246423849,0.022396654676896364,0.022396654676896364,4.019282282859522,188,16.268749237060547,14.992581367492676,2879.568603515625,47.48974609375,3.50532865524292,1.2812484502792358,1.276167869567871,12.738144784808178,4.639824396590525,6.414225026674103e-06,5.858863914909307e-06,0.0011353178415447474,1.797797995095607e-05,1.5321713817684213e-06,5.580216679845762e-07,5.553611117647961e-07,0.006410664792747651,0.00640441236932478
2021-07-30_02h22m33s_C11H15N2O8P_+Cl_+C12H14N2_120,2021-07-30_02h22m33s,Nicotinamide ribotide,C11H15N2O8P,+Cl,+C12H14N2,120,10.37531223056121,98.60827869261949,0.11864406779661017,0.11864406779661017,0.004194014907108689,0.008264214448852026,0.0014352286620479473,0.0014352286620479473,10.375182248228146,123,8.598870277404785,8.5128755569458,1522.0,24.74942398071289,0.5375044941902161,0.08620231598615646,0.0859951302409172,98.84312206432448,15.968056664662495,3.1678478080721106e-06,3.1324898372986354e-06,0.0005607090424746275,9.047782441484742e-06,2.0163381009297154e-07,3.529164516180572e-08,3.535798143161628e-08,0.003167735803328396,0.003167209191615444
2021-07-30_02h22m33s_C11H15N2O8P_[M]-_-H3PO4_120,2021-07-30_02h22m33s,Nicotinamide ribotide,C11H15N2O8P,[M]-,-H3PO4,120,0.8453047114918417,0.7789065474549803,0.423728813559322,0.423728813559322,0.4826899543886973,0.46844572664983775,0.49127345535730105,0.49127345535730105,0.8464923692768652,189,34.5826530456543,-9.765800476074219,6121.1298828125,44.14651107788086,42.02741241455078,44.39797592163086,44.348453521728516,0.7797763061209066,0.822839861390561,1.71136071003275e-05,-4.866338713327423e-06,0.003029108513146639,2.3399528799927793e-05,2.094575211231131e-05,2.19993253267603e-05,2.1979945813654922e-05,0.01674554101617171,0.01676250384990571
2021-07-30_02h22m33s_C11H15N2O8P_-H_-H3PO4_120,2021-07-30_02h22m33s,Nicotinamide ribotide,C11H15N2O8P,-H,-H3PO4,120,1.0326995200010625,0.9676282762691819,0.711864406779661,0.711864406779661,0.6702747802870175,0.6547060944825099,0.6793238478303241,0.6793238478303241,1.0351449144038551,189,109.44691467285156,-3.471923828125,19372.103515625,84.40501403808594,104.25164794921875,113.10742950439453,112.91883850097656,0.9692443429407228,1.0498238349414677,5.4056876251706854e-05,-1.1341726349201053e-06,0.009568067267537117,4.733024616143666e-05,5.091049388283864e-05,5.528308611246757e-05,5.519104888662696e-05,0.05122946816952661,0.051438135375336175
2021-07-30_02h22m33s_C11H15N2O8P_+Cl_-CO2_120,2021-07-30_02h22m33s,Nicotinamide ribotide,C11H15N2O8P,+Cl,-CO2,120,0.6331569817752106,0.20733252152932827,0.022598870056497175,0.0,0.029191233730114584,0.03516047601875225,0.025692364937895354,0.025692364937895354,0.6639318291908164,11,2.402392864227295,-9.126729965209961,425.2235412597656,15.799272537231445,62.733760833740234,11.586149215698242,11.529123306274414,0.2083579507705673,0.038294445253312125,1.2407691656335373e-06,-4.592262939695502e-06,0.00021961613674648106,8.242284820880741e-06,2.931171729869675e-05,5.8568907661538105e-06,5.833031991642201e-06,0.0012335736908308727,0.0012054357730326678
2021-07-30_02h22m33s_C11H15N2O8P_[M]-__120,2021-07-30_02h22m33s,Nicotinamide ribotide,C11H15N2O8P,[M]-,,120,3.926828351115346,15.344191999876756,0.12429378531073447,0.12429378531073447,0.028657247747246636,0.04002884962134872,0.021652462037315946,0.021652462037315946,3.9648549049671398,188,19.780038833618164,18.510313034057617,3501.06689453125,66.32670593261719,2.9865174293518066,1.288089632987976,1.2697253227233887,15.565943701527921,6.620894873878538,8.192387213057373e-06,7.564035058749141e-06,0.001450052484869957,2.6112076739082113e-05,1.2967948350706138e-06,6.36370145912224e-07,6.283522679950693e-07,0.008187242740512746,0.00818177712673772
2021-07-30_02h22m33s_C11H15N2O8P_+Cl_+HCl_120,2021-07-30_02h22m33s,Nicotinamide ribotide,C11H15N2O8P,+Cl,+HCl,120,1.8144661210654671,2.594646178092798,0.03389830508474576,0.0,0.012248303482033597,0.018181271787474456,0.008682247461771533,0.008682247461771533,1.8392465498671478,8,5.742372989654541,3.5601606369018555,1016.4000244140625,30.6558837890625,57.02665328979492,2.2121622562408447,2.1822123527526855,2.6302402431968273,0.10069453428977301,2.0937413864885457e-06,1.0542340760366642e-06,0.0003705922281369567,1.1215265658393037e-05,2.3542896087747067e-05,1.0518323279029573e-06,1.0395073104518815e-06,0.0020915671871072463,0.0020455824513964014
2021-07-30_02h22m33s_C11H15N2O8P_[M]-_+C12H14N2_120,2021-07-30_02h22m33s,Nicotinamide ribotide,C11H15N2O8P,[M]-,+C12H14N2,120,1.4010650366469841,3.2692315829644905,0.062146892655367235,0.062146892655367235,0.04202914673489821,0.05493448731818728,0.03435689352729592,0.03435689352729592,1.4056335952321881,189,7.5214362144470215,5.233059883117676,1331.294189453125,37.0765266418457,3.69500994682312,2.2996740341186523,2.2883763313293457,3.2853647133145807,2.0350151440777426,3.1768938697496196e-06,2.1581322471320163e-06,0.0005623102188110352,1.4136728168523405e-05,1.5572348956993665e-06,1.023922891363327e-06,1.0187616226176033e-06,0.0031736606660598267,0.0031719543916833236
2021-07-30_02h22m33s_C11H15N2O8P_+Cl_-H3PO4_120,2021-07-30_02h22m33s,Nicotinamide ribotide,C11H15N2O8P,+Cl,-H3PO4,120,1.1367897598615477,1.953995293900906,0.05084745762711865,0.05084745762711865,0.059684058293469795,0.10205553552109628,0.03472898984708613,0.03472898984708613,1.1360579256474261,189,4.087404251098633,1.9935152530670166,723.4705810546875,18.55885887145996,7.860666751861572,2.0908188819885254,2.093888998031616,1.95113166136211,0.5199157354425856,1.730490907903004e-06,7.844124070288672e-07,0.00030629688990302384,7.770944648655131e-06,3.402716856726329e-06,9.445889190828893e-07,9.460785008741368e-07,0.0017288552750961126,0.0017246225058309235
2021-07-30_02h22m33s_C11H15N2O8P_[M]-_-CH2O2_120,2021-07-30_02h22m33s,Nicotinamide ribotide,C11H15N2O8P,[M]-,-CH2O2,120,0.6068114224667422,1.1607776451452358,0.01694915254237288,0.01694915254237288,0.02112582044721326,0.02656569299194615,0.01793149883941386,0.01793149883941386,0.6099513905158421,184,1.2634098529815674,0.18685901165008545,223.62353515625,9.724096298217773,1.6571900844573975,1.0874167680740356,1.076550841331482,1.1724828235672182,0.7619210034023257,6.475308964581927e-07,1.4966747130529257e-07,0.00011461296526249498,5.085119482828304e-06,7.407772955048131e-07,5.040282644586114e-07,4.978634251529002e-07,0.0006472086749305031,0.0006470515753421586
2021-07-30_02h22m33s_C11H15N2O8P_+Cl_-H2O_120,2021-07-30_02h22m33s,Nicotinamide ribotide,C11H15N2O8P,+Cl,-H2O,120,1.6484905735260875,2.674836097626481,0.04519774011299435,0.04519774011299435,0.020591834464345312,0.025844452458228154,0.017417651540655953,0.017417651540655953,1.6394002954691527,184,2.8263652324676514,1.759521245956421,500.26666259765625,13.267102241516113,1.670305848121643,1.0556498765945435,1.0668439865112305,2.6467960377823667,1.6911119144614752,1.2676962342084153e-06,7.914794650787371e-07,0.00022438223822973669,6.084820142859826e-06,7.103860752977198e-07,4.712474037660286e-07,4.762167407079687e-07,0.0012670928233938842,0.0012667963197426316
2021-07-30_02h22m33s_C11H15N2O8P_+Cl_-H2_120,2021-07-30_02h22m33s,Nicotinamide ribotide,C11H15N2O8P,+Cl,-H2,120,1.1243189530129625,1.5154485695169915,0.05084745762711865,0.05084745762711865,0.03872510846590277,0.04459670633489602,0.03522511827347308,0.03522511827347308,1.1170131368819727,187,3.2287139892578125,1.0819692611694336,571.4823608398438,14.179286003112793,2.8430144786834717,2.129533529281616,2.146744728088379,1.5033043485254232,1.135266368528624,1.4212505448085722e-06,4.732851834887697e-07,0.0002515613450668752,6.267616754485061e-06,1.2114527407902642e-06,9.4096628799889e-07,9.479653613198025e-07,0.0014199045245029622,0.001419530850269377
2021-07-30_02h22m33s_C11H15N2O8P_+Cl__120,2021-07-30_02h22m33s,Nicotinamide ribotide,C11H15N2O8P,+Cl,,120,7.708864923184279,22.389770542870963,0.2711864406779661,0.2711864406779661,0.029880965624652353,0.03657290539728333,0.025178517639137445,0.025178517639137445,7.723925585047402,189,32.94959259033203,31.4815616607666,5832.078125,61.299434661865234,2.2531967163085938,1.470636010169983,1.4680310487747192,22.42947323531006,14.616999639804868,1.2640272871067282e-05,1.2034925020998344e-05,0.002237328328192234,2.3025297195999883e-05,9.209720701619517e-07,6.073614144952444e-07,6.053480205991946e-07,0.012632625736082974,0.012628642244276235
2021-07-30_02h22m33s_C11H15N2O8P_-H_+HCl_120,2021-07-30_02h22m33s,Nicotinamide ribotide,C11H15N2O8P,-H,+HCl,120,7.708864923184279,22.389770542870963,0.2711864406779661,0.2711864406779661,0.029880965624652353,0.03657290539728333,0.025178517639137445,0.025178517639137445,7.723925585047402,189,32.94959259033203,31.4815616607666,5832.078125,61.299434661865234,2.2531967163085938,1.470636010169983,1.4680310487747192,22.42947323531006,14.616999639804868,1.2640272871067282e-05,1.2034925020998344e-05,0.002237328328192234,2.3025297195999883e-05,9.209720701619517e-07,6.073614144952444e-07,6.053480205991946e-07,0.012632625736082974,0.012628642244276235
2021-07-30_02h22m33s_C11H15N2O8P_-H_-CH2O3_120,2021-07-30_02h22m33s,Nicotinamide ribotide,C11H15N2O8P,-H,-CH2O3,120,1.1367897598615477,1.953995293900906,0.05084745762711865,0.05084745762711865,0.059684058293469795,0.10205553552109628,0.03472898984708613,0.03472898984708613,1.1360579256474261,189,4.087404251098633,1.9935152530670166,723.4705810546875,18.55885887145996,7.860666751861572,2.0908188819885254,2.093888998031616,1.95113166136211,0.5199157354425856,1.730490907903004e-06,7.844124070288672e-07,0.00030629688990302384,7.770944648655131e-06,3.402716856726329e-06,9.445889190828893e-07,9.460785008741368e-07,0.0017288552750961126,0.0017246225058309235
2021-07-30_02h22m33s_C11H15N2O8P_[M]-_+HCl_120,2021-07-30_02h22m33s,Nicotinamide ribotide,C11H15N2O8P,[M]-,+HCl,120,1.1182988905782272,3.953103433250186,0.01694915254237288,0.01694915254237288,0.006129714095005006,0.0077232840485635295,0.005156191859950033,0.005156191859950033,1.1220470273847323,130,1.1692036390304565,0.8772884011268616,206.94903564453125,9.263113975524902,0.4634583592414856,0.2947685420513153,0.29191523790359497,3.991610840728156,2.5173486831842187,4.870991574534855e-07,3.558532739589282e-07,8.621654706075788e-05,3.883798399328953e-06,1.9164127706972067e-07,1.3244512331311853e-07,1.3124588349455735e-07,0.00048703523608363276,0.00048700582703485216
2021-07-30_02h22m33s_C11H15N2O8P_+Cl_-NH3_120,2021-07-30_02h22m33s,Nicotinamide ribotide,C11H15N2O8P,+Cl,-NH3,120,0.3688849767398599,1.4893492080746291,0.005649717514124294,0.005649717514124294,0.006496829458226721,0.008504627960091358,0.005315661711288694,0.005315661711288694,0.3678217518067294,126,0.44666001200675964,0.14530670642852783,79.05882263183594,5.925614356994629,0.5571371912956238,0.29890280961990356,0.3013533055782318,1.4772784149078517,0.8002692151187987,1.701344132243321e-07,3.678493953884754e-08,3.0113791581243277e-05,2.2570879991690163e-06,2.3655179859360942e-07,1.321848372981549e-07,1.3334947368548455e-07,0.00017011172891481357,0.00017009417714079913
2021-07-30_02h22m33s_C11H15N2O8P_[M]-_-CO2_120,2021-07-30_02h22m33s,Nicotinamide ribotide,C11H15N2O8P,[M]-,-CO2,120,0.8864566937459291,0.884609779115947,0.21468926553672316,0.21468926553672316,0.22269440427188786,0.20663541291020554,0.23218810354909014,0.23218810354909014,0.8893368845848282,189,15.821337699890137,-1.9848394393920898,2800.376708984375,31.599510192871094,15.6346435546875,17.884103775024414,17.806177139282227,0.8884809521543213,1.011876335281829,7.660826668143272e-06,-1.2509235602919944e-06,0.0013559663202613592,1.5696008631493896e-05,7.716396794421598e-06,8.951171366788913e-06,8.911750228435267e-06,0.007593158337593677,0.007602165343853299
2021-07-30_02h22m33s_C11H15N2O8P_[M]-_+H2_120,2021-07-30_02h22m33s,Nicotinamide ribotide,C11H15N2O8P,[M]-,+H2,120,5.0761847740339014,128.80536137290036,0.655367231638418,0.384180790960452,0.1255645789298031,0.13369996393797332,0.11910626007760866,0.11910626007760866,5.137913003984863,27,786.1431884765625,780.1311645507812,139147.34375,1915.1181640625,9.399179458618164,6.102342128753662,6.011999130249023,130.7406123712519,83.63065747173793,0.0002948870533145964,0.00029192809597589076,0.05219500884413719,0.0006388654001057148,4.2646765905374195e-06,3.0029686968191527e-06,2.9589525638584746e-06,0.2940170707492847,0.29363479587446334
2021-07-30_02h22m33s_C11H15N2O8P_[M]-_-NH3_120,2021-07-30_02h22m33s,Nicotinamide ribotide,C11H15N2O8P,[M]-,-NH3,120,1.311314295801033,1.5116560357206084,0.23163841807909605,0.13559322033898305,0.17529202358438092,0.18965620867892777,0.16664599464890054,0.16664599464890054,1.3149474547915903,189,21.355667114257812,7.230691909790039,3779.953125,44.21335220336914,16.224567413330078,14.12633228302002,14.124975204467773,1.5118012601001471,1.3161738243257435,8.694784810359124e-06,2.0755824152729474e-06,0.0015389769105240703,1.723609966575168e-05,7.255736818478908e-06,6.613400273636216e-06,6.619202395086177e-06,0.008637610716814563,0.008632152185921024
2021-07-30_02h22m33s_C11H15N2O8P_[M]-_-HPO3_120,2021-07-30_02h22m33s,Nicotinamide ribotide,C11H15N2O8P,[M]-,-HPO3,120,1.0804494433278924,1.1236061057505804,0.4745762711864407,0.4745762711864407,0.4316164200689732,0.43541892054333453,0.429239683186562,0.429239683186562,1.0836541934599762,189,52.40532302856445,6.014316558837891,9275.7421875,61.05742263793945,48.793453216552734,46.63929748535156,46.39100646972656,1.1296196697756957,1.0740016451457395,2.4835680960677564e-05,2.9509355954360217e-06,0.004395915661007166,3.0836450605420396e-05,2.3040114683681168e-05,2.2013231500750408e-05,2.1884745365241542e-05,0.024303798518687945,0.024276351048420648
2021-07-30_02h22m33s_C11H15N2O8P_[M]-_-H2O_120,2021-07-30_02h22m33s,Nicotinamide ribotide,C11H15N2O8P,[M]-,-H2O,120,1.024291630384718,1.1365112963030417,0.0847457627118644,0.0847457627118644,0.07881855601290466,0.08910325760307729,0.07273597108280029,0.07273597108280029,1.032966724425318,189,6.8813557624816895,0.8774065971374512,1218.0,23.525236129760742,9.348569869995117,6.053806304931641,6.003949165344238,1.1459473799037914,0.7360077370580989,3.323454848214169e-06,3.785794433497358e-07,0.0005882515106350183,1.1304315194138326e-05,4.278200322005432e-06,2.967980890389299e-06,2.9448754048644332e-06,0.0033136964251126674,0.003309297012668957
2021-07-30_02h22m33s_C11H15N2O8P_-H_-HPO3_120,2021-07-30_02h22m33s,Nicotinamide ribotide,C11H15N2O8P,-H,-HPO3,120,1.4421253212363943,1.6780649731805612,0.3050847457627119,0.3050847457627119,0.20444988319056626,0.20882918620026444,0.2015521732196963,0.2015521732196963,1.4506006919244239,189,40.634098052978516,16.714662551879883,7192.2353515625,65.54659271240234,26.714956283569336,24.21385383605957,23.919435501098633,1.6987189907605253,1.520967380754737,1.767874891811516e-05,6.188705810927786e-06,0.0031291386112570763,2.9329137760214508e-05,1.263846115762135e-05,1.1615936273301486e-05,1.1490043107187375e-05,0.017477926785920667,0.01745810533199113
2021-07-30_02h22m33s_C11H15N2O8P_-H_-H2O_120,2021-07-30_02h22m33s,Nicotinamide ribotide,C11H15N2O8P,-H,-H2O,120,0.0,0.0,0.0,0.0,1.1124707976415618e-05,0.0,1.7718872370962312e-05,1.7718872370962312e-05,0.0,0,0.0,-0.0044333008117973804,0.0,0.0,0.0,0.004323404747992754,0.0044333008117973804,0.0,0.0,0.0,-2.38898323345893e-09,0.0,0.0,0.0,2.3297634932362143e-09,2.38898323345893e-09,0.0,0.0
2021-07-30_02h22m33s_C11H15N2O8P_-H_-NH3_120,2021-07-30_02h22m33s,Nicotinamide ribotide,C11H15N2O8P,-H,-NH3,120,0.6974268782760431,2.172512266936876,0.011299435028248588,0.011299435028248588,0.006385582378462565,0.0066714749368914535,0.0062016053298368096,0.0062016053298368096,0.6984639199945482,127,1.5127063989639282,0.8226816058158875,267.7490234375,14.240232467651367,0.7723506093025208,0.6952936053276062,0.6900247931480408,2.189076881124084,1.9560421634997185,9.664081517257728e-07,5.734703449888912e-07,0.00017105424194596708,9.149021934717894e-06,4.1849094145618437e-07,3.9509984617325244e-07,3.929378067368816e-07,0.0009660285625811469,0.0009660038878492964
2021-07-30_02h22m33s_C5H6O5_-H__131,2021-07-30_02h22m33s,2-Oxoglutaric acid,C5H6O5,-H,,131,14.69257004417834,313.6223038875972,0.9209039548022598,0.6214689265536724,0.11757703860273667,0.22337420363024402,0.052678207558870954,0.052678207558870954,15.370509394678262,67,2347.8125,2340.768798828125,415562.8125,4624.66259765625,37.30488204956055,7.485114574432373,7.043581485748291,333.2792025686406,62.93411041403474,0.0009494147961959243,0.0009467889904044569,0.16804641485214233,0.0017138367984443903,1.4986204405431636e-05,2.811815420500352e-06,2.625812385304016e-06,0.9469283400326711,0.9353967493105796
2021-07-30_02h22m33s_C5H6O5_[M]-_+C12H14N2_131,2021-07-30_02h22m33s,2-Oxoglutaric acid,C5H6O5,[M]-,+C12H14N2,131,0.7924073321371674,1.1424754925147258,0.4745762711864407,0.4745762711864407,0.544487707197686,0.46952758745041473,0.5889044421213034,0.5889044421213034,0.7935233442175149,189,74.15912628173828,9.520057678222656,13126.1650390625,100.99718475341797,48.385276794433594,64.909912109375,64.63906860351562,1.1472624934328262,1.532647915788173,3.42245475621894e-05,1.8475766410119832e-06,0.006057744845747948,4.4621239794651046e-05,2.4025104721658863e-05,3.246789856348187e-05,3.237697092117742e-05,0.03315121174356616,0.03342159035397087
2021-07-30_02h22m33s_C5H6O5_+Cl_-H2O_131,2021-07-30_02h22m33s,2-Oxoglutaric acid,C5H6O5,+Cl,-H2O,131,1.8300875709727624,5.177763310161024,0.03389830508474576,0.03389830508474576,0.020591834464345312,0.04099050366630605,0.008522777610432871,0.008522777610432871,1.819469664347767,133,2.8813560009002686,2.3173513412475586,510.0,15.772126197814941,7.417057514190674,0.5554866194725037,0.5640047192573547,5.099702538215147,0.38842459705768817,1.132852844420995e-06,8.735562460060464e-07,0.00020051495812367648,6.2964709286461584e-06,3.0196401894500013e-06,2.553923366122035e-07,2.592965984149487e-07,0.0011325591756792379,0.0011294423349546996
2021-07-30_02h22m33s_C5H6O5_+Cl_-CH2O2_131,2021-07-30_02h22m33s,2-Oxoglutaric acid,C5H6O5,+Cl,-CH2O2,131,0.906373425465854,1.7710184600361365,0.01694915254237288,0.01694915254237288,0.018422516408944264,0.03492006250751292,0.008699966334142495,0.008699966334142495,0.9044423427250609,174,0.9807909727096558,0.42404705286026,173.60000610351562,7.508148193359375,4.294313907623291,0.5528005361557007,0.5567439198493958,1.7584969334573703,0.22833976603408548,4.793475909536937e-07,2.0762195163115393e-07,8.484452700940892e-05,3.8109849356260384e-06,1.8630792055773782e-06,2.6981140877069265e-07,2.717256393225398e-07,0.00047921737530601423,0.0004784561891768585
2021-07-30_02h22m33s_C5H6O5_-H_+HCl_131,2021-07-30_02h22m33s,2-Oxoglutaric acid,C5H6O5,-H,+HCl,131,0.0,0.0,0.0,0.0,0.017654911558571587,0.037113835797571826,0.006237043074578734,0.006237043074578734,0.0,100,0.0,-0.4535628855228424,0.0,0.0,7.253236293792725,0.4476960301399231,0.4535628855228424,0.0,0.0,0.0,-2.0944148104717897e-07,0.0,0.0,2.998283207489294e-06,2.0665123656726792e-07,2.0944148104717897e-07,0.0,0.0
2021-07-30_02h22m33s_C5H6O5_+Cl__131,2021-07-30_02h22m33s,2-Oxoglutaric acid,C5H6O5,+Cl,,131,0.0,0.0,0.0,0.0,0.017654911558571587,0.037113835797571826,0.006237043074578734,0.006237043074578734,0.0,100,0.0,-0.4535628855228424,0.0,0.0,7.253236293792725,0.4476960301399231,0.4535628855228424,0.0,0.0,0.0,-2.0944148104717897e-07,0.0,0.0,2.998283207489294e-06,2.0665123656726792e-07,2.0944148104717897e-07,0.0,0.0
2021-07-30_02h22m33s_C5H6O5_+Cl_+H2_131,2021-07-30_02h22m33s,2-Oxoglutaric acid,C5H6O5,+Cl,+H2,131,1.7184562196467605,2.433388981890396,0.04519774011299435,0.04519774011299435,0.022716653687840694,0.03347758144007693,0.01630136258128533,0.01630136258128533,1.7342054778252478,178,2.626121759414673,1.563244342803955,464.82354736328125,12.127945899963379,2.99324107170105,1.0782034397125244,1.0628774166107178,2.468443937630452,0.8770575569998291,1.2004005611743196e-06,7.256322760440526e-07,0.00021247089898679405,5.611786036752164e-06,1.297578819503542e-06,4.807431537301454e-07,4.747682567085576e-07,0.0011998309195403044,0.0011988449653394266
2021-07-30_02h22m33s_C5H6O5_+Cl_+C12H14N2_131,2021-07-30_02h22m33s,2-Oxoglutaric acid,C5H6O5,+Cl,+C12H14N2,131,2.130015455368669,2.7568697738482597,0.2711864406779661,0.2711864406779661,0.1606185337634887,0.23347157110229594,0.11731665396814146,0.11731665396814146,2.1316954248411895,189,20.818965911865234,13.270263671875,3684.95703125,36.764217376708984,19.310291290283203,7.550668239593506,7.548702716827393,2.7575875094342757,1.0780721806180118,8.613741556473542e-06,5.251004040474072e-06,0.0015246322145685554,1.5198495930235367e-05,8.573357263230719e-06,3.3629805784585187e-06,3.3627372886257945e-06,0.008584872884307369,0.008540520621967425
2021-07-30_02h22m33s_C5H6O5_+Cl_-H2_131,2021-07-30_02h22m33s,2-Oxoglutaric acid,C5H6O5,+Cl,-H2,131,2.099893688161304,28.935508181810626,0.022598870056497175,0.022598870056497175,0.0017688285682500833,0.003365789157350643,0.0007619115119513794,0.0007619115119513794,2.0996519178852404,41,1.2825524806976318,1.2391841411590576,227.01177978515625,8.452963829040527,0.30543050169944763,0.04332451894879341,0.04336834326386452,28.90692747011353,4.185459585728778,4.78128868053318e-07,4.5785876068293874e-07,8.462880941806361e-05,3.1629767818230903e-06,1.2473216770558793e-07,2.0183824389619076e-08,2.027011980487714e-08,0.0004781191765203289,0.00047806923744101864
2021-07-30_02h22m33s_C5H6O5_+Cl_+HCl_131,2021-07-30_02h22m33s,2-Oxoglutaric acid,C5H6O5,+Cl,+HCl,131,0.9442323684636059,4.8031903402939315,0.011299435028248588,0.011299435028248588,0.0036711536322171544,0.006521216492366871,0.0019667948331768166,0.0019667948331768166,0.9445802487729339,101,0.6269192695617676,0.49712270498275757,110.96470642089844,5.884851932525635,0.40794214606285095,0.1295214295387268,0.12979654967784882,4.7930872114430105,1.533026799994871,2.2446457137448306e-07,1.6881585906958207e-07,3.973022830905393e-05,2.1058867787360214e-06,1.5982968193384295e-07,5.574574757361006e-08,5.564871941032834e-08,0.00022445208090361178,0.00022442870100658434
2021-07-30_02h22m33s_C5H6O5_-H_-H2O_131,2021-07-30_02h22m33s,2-Oxoglutaric acid,C5H6O5,-H,-H2O,131,8.129082694659045,28.968117867980023,0.13559322033898305,0.13559322033898305,0.02521971298253421,0.05607645149657411,0.006680014883852792,0.006680014883852792,8.15248034233455,185,10.99016284942627,10.615341186523438,1945.2587890625,31.36684799194336,4.251183032989502,0.3783882260322571,0.37482133507728577,29.243052013441968,2.584593081756319,4.578684183798032e-06,4.393156814330723e-06,0.0008104271255433559,1.253262598766014e-05,1.8144612567994045e-06,1.8667931556137773e-07,1.8552721314790688e-07,0.004577834870852191,0.004570391385700269
2021-07-30_02h22m33s_C5H6O5_+Cl_-CO2_131,2021-07-30_02h22m33s,2-Oxoglutaric acid,C5H6O5,+Cl,-CO2,131,0.0,0.0,0.0,0.0,0.005484481032372901,0.009165765115999518,0.0033311480057409146,0.0033311480057409146,0.0,70,0.0,-0.20301099121570587,0.0,0.0,0.9213607907295227,0.20184123516082764,0.20301099121570587,0.0,0.0,0.0,-1.051001490282033e-07,0.0,0.0,4.203854473416868e-07,1.0415287476917001e-07,1.051001490282033e-07,0.0,0.0
2021-07-30_02h22m33s_C5H6O5_[M]-_-CO2_131,2021-07-30_02h22m33s,2-Oxoglutaric acid,C5H6O5,[M]-,-CO2,131,0.5561035759538043,40.21863369663161,0.005649717514124294,0.005649717514124294,0.0001223717877405718,3.0051688904916458e-05,0.0001594698513386608,0.0001594698513386608,0.5558812968442487,2,0.38418078422546387,0.37541061639785767,68.0,5.096733570098877,0.001987418392673135,0.008552308194339275,0.008770176209509373,39.3217866277108,128.59959126170466,1.5878276826697402e-07,1.5538024911165849e-07,2.8104550438001752e-05,2.106491365339025e-06,7.046510597241706e-10,3.3179934355587193e-09,3.4025182671371113e-09,0.00015878222800754272,0.00015878265638060693
2021-07-30_02h22m33s_C5H6O5_[M]-_-H2O_131,2021-07-30_02h22m33s,2-Oxoglutaric acid,C5H6O5,[M]-,-H2O,131,0.4742226859387432,3.365983477980415,0.005649717514124294,0.005649717514124294,0.0021248192234953832,0.0024642384902031494,0.0019136382160639296,0.0019136382160639296,0.47517720392730267,57,0.3829843997955322,0.27170589566230774,67.78823852539062,5.080860614776611,0.1490616798400879,0.11278083175420761,0.11127849668264389,3.4110217994638887,2.5521798783250773,1.9994622846297716e-07,1.4403725856482197e-07,3.539048339007422e-05,2.652586317708483e-06,6.686686759849181e-08,5.624283261340679e-08,5.590896989815519e-08,0.00019993505030026833,0.0001999328595789271
2021-07-30_02h22m33s_C5H6O5_[M]-_+H2_131,2021-07-30_02h22m33s,2-Oxoglutaric acid,C5H6O5,[M]-,+H2,131,0.7919443278812868,0.8703154045916116,0.6497175141242938,0.6497175141242938,0.7961286016242074,0.7726890251232119,0.8104080656307032,0.8104080656307032,0.7925553239530794,189,207.57460021972656,-30.130828857421875,36740.703125,183.3632049560547,192.0511932373047,238.5040283203125,237.70542907714844,0.873239318875795,1.0808238985495051,0.00010312070662621409,-1.791731483535841e-05,0.018252365291118622,9.700317605165765e-05,9.724264964461327e-05,0.00012124882050557062,0.0001210380214615725,0.09198680566763355,0.09398167912960176
2021-07-30_02h22m33s_C5H6O5_[M]-_+HCl_131,2021-07-30_02h22m33s,2-Oxoglutaric acid,C5H6O5,[M]-,+HCl,131,0.0,0.0,0.0,0.0,0.0020358215596840584,0.003035220579396562,0.0014529475344189095,0.0014529475344189095,0.0,57,0.0,-0.08413833379745483,0.0,0.0,0.23136523365974426,0.08322159200906754,0.08413833379745483,0.0,0.0,0.0,-3.990089680883102e-08,0.0,0.0,1.0673242201164612e-07,3.9556301345555767e-08,3.990089680883102e-08,0.0,0.0
2021-07-30_02h22m33s_C5H6O5_+Cl_-CH2O3_131,2021-07-30_02h22m33s,2-Oxoglutaric acid,C5H6O5,+Cl,-CH2O3,131,0.0,0.0,0.0,0.0,0.0008232283902547558,0.0009015506671474937,0.0007796303843223418,0.0007796303843223418,0.0,27,0.0,-0.04446139931678772,0.0,0.0,0.052522335201501846,0.046106867492198944,0.04446139931678772,0.0,0.0,0.0,-1.989687170578236e-08,0.0,0.0,2.306999391521458e-08,2.0616727880451435e-08,1.989687170578236e-08,0.0,0.0
2021-07-30_02h22m33s_C5H6O5_-H_-CH2O3_131,2021-07-30_02h22m33s,2-Oxoglutaric acid,C5H6O5,-H,-CH2O3,131,0.5580501379922516,37.88431914993921,0.005649717514124294,0.005649717514124294,0.00011124707976415619,6.0103377809832915e-05,0.00012403210659673618,0.00012403210659673618,0.5578760265359838,3,0.30579373240470886,0.2985418140888214,54.125492095947266,4.056812286376953,0.003071518149226904,0.00707177584990859,0.00725192716345191,37.05725054858465,75.10558008019017,1.037817440874278e-07,1.0085359747336042e-07,1.8369368262938224e-05,1.376820364384912e-06,1.0853753451556258e-09,2.855406355806167e-09,2.9281470581565827e-09,0.00010378144020010898,0.00010378163144540374
2021-07-30_02h22m33s_C5H6O5_[M]-_-CH2O3_131,2021-07-30_02h22m33s,2-Oxoglutaric acid,C5H6O5,[M]-,-CH2O3,131,0.0,0.0,0.0,0.0,6.674824785849372e-05,9.015506671474937e-05,5.315661711288694e-05,5.315661711288694e-05,0.0,3,0.0,-0.0030748345889151096,0.0,0.0,0.005085453391075134,0.0029984500724822283,0.0030748345889151096,0.0,0.0,0.0,-1.2760280609924735e-09,0.0,0.0,2.0617290097391106e-09,1.244329195237981e-09,1.2760280609924735e-09,0.0,0.0
2021-07-30_02h22m33s_C6H13NO5_-H_-H2_169,2021-07-30_02h22m33s,Glucosamine,C6H13NO5,-H,-H2,169,0.0,0.0,0.0,0.0,0.00683057069751919,0.008594783026806106,0.005811790137675638,0.005811790137675638,0.0,3,0.0,-3.141632080078125,0.0,0.0,40.50674057006836,3.0635881423950195,3.141632080078125,0.0,0.0,0.0,-1.549946318846196e-06,0.0,0.0,1.6783516912255436e-05,1.5114427469598013e-06,1.549946318846196e-06,0.0,0.0
2021-07-30_02h22m33s_C6H13NO5_+Cl__169,2021-07-30_02h22m33s,Glucosamine,C6H13NO5,+Cl,,169,13.59016447770386,126.71214403009023,0.6892655367231638,0.6892655367231638,0.057192123706752696,0.08177064551027768,0.04071796870847139,0.04071796870847139,13.732412190185649,189,287.5172119140625,285.2816162109375,50890.546875,551.6099243164062,6.400181293487549,2.2680580615997314,2.23559308052063,128.55141796608564,44.916273845669316,0.00011923599959118292,0.00011814258323283866,0.02110477164387703,0.00021032609220128506,2.911807996497373e-06,1.1067691048083361e-06,1.0934186320810113e-06,0.1191057671262188,0.11888981527635911
2021-07-30_02h22m33s_C6H13NO5_-H_+HCl_169,2021-07-30_02h22m33s,Glucosamine,C6H13NO5,-H,+HCl,169,13.59016447770386,126.71214403009023,0.6892655367231638,0.6892655367231638,0.057192123706752696,0.08177064551027768,0.04071796870847139,0.04071796870847139,13.732412190185649,189,287.5172119140625,285.2816162109375,50890.546875,551.6099243164062,6.400181293487549,2.2680580615997314,2.23559308052063,128.55141796608564,44.916273845669316,0.00011923599959118292,0.00011814258323283866,0.02110477164387703,0.00021032609220128506,2.911807996497373e-06,1.1067691048083361e-06,1.0934186320810113e-06,0.1191057671262188,0.11888981527635911
2021-07-30_02h22m33s_C6H13NO5_+Cl_-NH3_169,2021-07-30_02h22m33s,Glucosamine,C6H13NO5,+Cl,-NH3,169,0.2513880865556839,0.33019323019726526,0.005649717514124294,0.0,0.018956502391812215,0.03002163721601154,0.012474086149157468,0.012474086149157468,0.24927422406688618,13,0.4859643578529358,-1.011319875717163,86.01569366455078,6.447046279907227,22.129474639892578,1.4707574844360352,1.497284173965454,0.32434725421062927,0.021959057171640248,1.5386342511192197e-07,-5.372569944483985e-07,2.7233825676376e-05,2.041228754023905e-06,9.18485784495715e-06,6.788617383790552e-07,6.911204195603204e-07,0.0001537571603987168,0.0001524630734556268
2021-07-30_02h22m33s_C6H13NO5_-H_-CH2O2_169,2021-07-30_02h22m33s,Glucosamine,C6H13NO5,-H,-CH2O2,169,0.0,0.0,0.0,0.0,0.0033485371009011012,0.005920182714268542,0.0018427627265800803,0.0018427627265800803,0.0,45,0.0,-0.113066665828228,0.0,0.0,0.7769790291786194,0.11329177021980286,0.113066665828228,0.0,0.0,0.0,-5.242355172185853e-08,0.0,0.0,3.815773368387454e-07,5.2511566650537134e-08,5.242355172185853e-08,0.0,0.0
2021-07-30_02h22m33s_C6H13NO5_[M]-_+HCl_169,2021-07-30_02h22m33s,Glucosamine,C6H13NO5,[M]-,+HCl,169,4.555591061564998,11.073399494165058,0.423728813559322,0.423728813559322,0.20073423072644342,0.3992066354129102,0.08301291705795844,0.08301291705795844,4.574012230277891,189,60.146759033203125,54.7447624206543,10645.9765625,86.01441955566406,46.211082458496094,5.430643558502197,5.401998043060303,11.132108239509098,1.301537516454101,2.6081068426719867e-05,2.3498536393162794e-05,0.004616349004209042,3.559193282853812e-05,2.0873971152468584e-05,2.5920280677382834e-06,2.582532488304423e-06,0.026013886719120666,0.025547784705762307
2021-07-30_02h22m33s_C6H13NO5_+Cl_-CO2_169,2021-07-30_02h22m33s,Glucosamine,C6H13NO5,+Cl,-CO2,169,1.0440262390764887,1.3227146438079598,0.9209039548022598,0.9209039548022598,0.8805985092891312,0.8948491405216973,0.8720697414816521,0.8720697414816521,1.0436899477154173,189,432.97747802734375,106.29403686523438,76637.015625,205.3321533203125,372.645751953125,327.33905029296875,326.6834411621094,1.3253691436516533,1.161897898634597,0.0002054198703262955,4.1373728890903294e-05,0.03635931760072708,0.00012466900807339698,0.00018703792011365294,0.0001640544505789876,0.0001640461414353922,0.17647055646178342,0.17305249212816012
2021-07-30_02h22m33s_C6H13NO5_[M]-_-H2_169,2021-07-30_02h22m33s,Glucosamine,C6H13NO5,[M]-,-H2,169,1.0997962117984141,1.1981721047847758,0.327683615819209,0.327683615819209,0.2509734119479364,0.18785310734463276,0.2879493949005085,0.2879493949005085,1.105682452958408,189,27.39548110961914,4.699451446533203,4849.0,42.303749084472656,14.300843238830566,22.86339569091797,22.696029663085938,1.2070073272263764,1.9155210032814776,1.2456486729206517e-05,1.0230132829747163e-06,0.00220479816198349,1.954225081135519e-05,7.1793551796872634e-06,1.1495978469611146e-05,1.1433473446231801e-05,0.012315675777235099,0.012367694656513486
2021-07-30_02h22m33s_C6H13NO5_+Cl_-H2_169,2021-07-30_02h22m33s,Glucosamine,C6H13NO5,+Cl,-H2,169,3.9611145151555145,6.581506220729764,0.1751412429378531,0.1751412429378531,0.04376460117921904,0.05926193052049525,0.03421514254832823,0.03421514254832823,3.9693200342144856,189,13.586397171020508,11.531079292297363,2404.792236328125,32.2556266784668,3.9347238540649414,2.0633294582366943,2.0553176403045654,6.607149063316988,3.4520707434765887,5.996090749249561e-06,5.045038051321171e-06,0.0010613080812618136,1.4093779100221582e-05,1.7585938394404366e-06,9.534489890938858e-07,9.51052925302065e-07,0.005990393567923077,0.0059855645722671985
2021-07-30_02h22m33s_C6H13NO5_-H_+H2_169,2021-07-30_02h22m33s,Glucosamine,C6H13NO5,-H,+H2,169,0.5726631357327407,0.7607997058670054,0.01694915254237288,0.01694915254237288,0.020269217933029257,0.021426854189205435,0.019597072842284315,0.019597072842284315,0.5803319813167583,180,0.9144787788391113,-0.26195621490478516,161.8627471923828,7.006258010864258,1.432034969329834,1.20099675655365,1.1764349937438965,0.7766702906725561,0.6381412864382312,4.111210785140429e-07,-1.6191083318517485e-07,7.276843098225072e-05,3.156066668452695e-06,6.935836154298158e-07,5.842649102305586e-07,5.730319116992177e-07,0.0004108856279371763,0.00041083612930612953
2021-07-30_02h22m33s_C6H13NO5_+Cl_-CH2O2_169,2021-07-30_02h22m33s,Glucosamine,C6H13NO5,+Cl,-CH2O2,169,0.9697977221672003,1.3041931504616646,0.7457627118644068,0.632768361581921,0.7699744131716543,0.7887366269984373,0.7589878980101706,0.7589878980101706,0.9706669610486783,189,195.4446258544922,46.38838195800781,34593.69921875,138.77142333984375,181.86473083496094,149.85765075683594,149.05624389648438,1.3112051500846373,1.0746643964049158,8.919240644900128e-05,1.806492218747735e-05,0.01578705571591854,6.963734631426632e-05,8.646480273455381e-05,7.138024375308305e-05,7.112748426152393e-05,0.08326964601276562,0.08209415180732077
2021-07-30_02h22m33s_C6H13NO5_-H_-NH3_169,2021-07-30_02h22m33s,Glucosamine,C6H13NO5,-H,-NH3,169,1.2176013742901401,1.4648144264408933,0.4180790960451977,0.4180790960451977,0.3544888196684837,0.38998076691910083,0.33336286478728494,0.33336286478728494,1.22242881738186,189,39.430511474609375,12.646886825561523,6979.2001953125,51.6507568359375,41.30134582519531,26.917434692382812,26.78362464904785,1.472132314387727,0.9546797085446881,1.8155704310629517e-05,5.4732536227675155e-06,0.0032135595101863146,2.4729841243242845e-05,1.9233038983657025e-05,1.2723411600745749e-05,1.2682450687862001e-05,0.01792832916014028,0.017813104183449294
2021-07-30_02h22m33s_C6H13NO5_+Cl_+C12H14N2_169,2021-07-30_02h22m33s,Glucosamine,C6H13NO5,+Cl,+C12H14N2,169,2.700167670880011,3.709840303621326,0.22033898305084745,0.22033898305084745,0.08089887640449438,0.09592499098449332,0.0716019632510587,0.0716019632510587,2.687966114844423,189,17.170488357543945,12.51878547668457,3039.176513671875,34.01919937133789,6.3979878425598145,4.627363204956055,4.651702880859375,3.690433022959867,2.683313170770951,7.534908490924863e-06,5.332512955646962e-06,0.0013336788397282362,1.5011089089966845e-05,2.943928393506212e-06,2.1897822080063634e-06,2.2023957626515767e-06,0.007518350108503763,0.0075127913710930135
2021-07-30_02h22m33s_C6H13NO5_[M]-_-NH3_169,2021-07-30_02h22m33s,Glucosamine,C6H13NO5,[M]-,-NH3,169,0.8084317245337812,0.873055251510385,0.1016949152542373,0.1016949152542373,0.1123261764378685,0.10650318547902392,0.11579283094423871,0.11579283094423871,0.8129714004977885,189,7.034275054931641,-0.9603447914123535,1245.066650390625,21.411802291870117,7.516448497772217,8.056078910827637,7.994619846343994,0.8797660706878242,0.9357264046459695,3.2807629395392723e-06,-7.409594218188431e-07,0.0005806950503028929,1.0005403964896686e-05,3.7292363685992314e-06,4.043655735586071e-06,4.0217223613581154e-06,0.003267621473192082,0.00326857365578866
2021-07-30_02h22m33s_C6H13NO5_-H_+C12H14N2_169,2021-07-30_02h22m33s,Glucosamine,C6H13NO5,-H,+C12H14N2,169,0.296849623734673,0.38372253923290583,0.01694915254237288,0.01694915254237288,0.04497719434864835,0.04153143406659454,0.047096762762017824,0.047096762762017824,0.2979847653359821,189,1.2991470098495483,-2.071220874786377,229.9490203857422,10.100695610046387,3.0634586811065674,3.384641647338867,3.370368003845215,0.38534713753224387,0.42394012941314324,6.002067607369099e-07,-1.0256439963995945e-06,0.00010623659181874245,4.906795766146388e-06,1.4620533193010488e-06,1.6298308764817193e-06,1.6258507002930855e-06,0.0005992324981601379,0.0005993305075789457
2021-07-30_02h22m33s_C6H13NO5_+Cl_+HCl_169,2021-07-30_02h22m33s,Glucosamine,C6H13NO5,+Cl,+HCl,169,0.900422867634356,0.5574300523652295,0.559322033898305,0.559322033898305,0.6153965958393592,0.6228513042432985,0.611177064691603,0.611177064691603,0.899926126632039,189,66.6927261352539,-54.05986022949219,11804.6123046875,68.71263122558594,106.51155090332031,119.64221954345703,120.7525863647461,0.5523043094869503,0.6261489896696756,2.939661317213904e-05,-2.8524153094622307e-05,0.005203200504183769,3.0405666620936245e-05,4.949840149492957e-05,5.730682096327655e-05,5.792076626676135e-05,0.027787159595964013,0.02801015526109028
2021-07-30_02h22m33s_C6H13NO5_+Cl_-CH2O3_169,2021-07-30_02h22m33s,Glucosamine,C6H13NO5,+Cl,-CH2O3,169,1.0843956238572143,1.1652551572356946,0.3559322033898305,0.3559322033898305,0.331049059962176,0.3526565692991946,0.3182309477824831,0.3182309477824831,1.0839659911162876,189,29.665006637573242,4.2000885009765625,5250.7060546875,42.70906066894531,29.202510833740234,25.45694923400879,25.46491813659668,1.164890520673673,1.0158027507877518,1.3784853763354477e-05,1.4312063285615295e-06,0.0024399191606789827,2.035019133472815e-05,1.3832699551130645e-05,1.233069815498311e-05,1.2353647434792947e-05,0.013616638610710767,0.013596773678199225
2021-07-30_02h22m33s_C6H13NO5_+Cl_+H2_169,2021-07-30_02h22m33s,Glucosamine,C6H13NO5,+Cl,+H2,169,2.5336215683082486,3.4088295460816034,0.13559322033898305,0.13559322033898305,0.05658026476804984,0.07831470128621229,0.04351755054308344,0.04351755054308344,2.5561761629663904,189,10.029911041259766,7.118971824645996,1775.294189453125,26.307594299316406,5.553481578826904,2.9413328170776367,2.9109389781951904,3.4444097614560145,1.8057330641787928,4.307760718802456e-06,2.94773622044886e-06,0.0007624736754223704,1.2090912605344784e-05,2.533229007894988e-06,1.3738797406404046e-06,1.3600244983535958e-06,0.004301910015791267,0.004296875748513002
2021-07-30_02h22m33s_C6H13NO5_[M]-_+H2_169,2021-07-30_02h22m33s,Glucosamine,C6H13NO5,[M]-,+H2,169,0.6135507227351815,1.5234667530261883,0.011299435028248588,0.011299435028248588,0.010501724329736345,0.014034138718595985,0.008416464376207099,0.008416464376207099,0.6130668968104314,172,0.7621136903762817,0.26096606254577637,134.8941192626953,7.129185199737549,0.8544155359268188,0.4992496371269226,0.5011476278305054,1.517708435005343,0.8909280441704309,3.941275110719289e-07,1.501984741025808e-07,6.976057193242013e-05,3.735834752660594e-06,4.0991335481521674e-07,2.425098273306503e-07,2.439290369693481e-07,0.0003940313953731198,0.0003939660191393403
2021-07-30_02h22m33s_C6H13NO5_[M]-_-CO2_169,2021-07-30_02h22m33s,Glucosamine,C6H13NO5,[M]-,-CO2,169,0.5267078106689013,7.749580613000585,0.005649717514124294,0.005649717514124294,0.0007231060184670152,0.0006911888448130785,0.0007264737672094548,0.0007264737672094548,0.5258006314193465,24,0.3229866027832031,0.28127241134643555,57.16862869262695,4.284901142120361,0.039095714688301086,0.04067794606089592,0.041714198887348175,7.561574633180603,8.05538959198157,1.6522034229637939e-07,1.4631478961746325e-07,2.9243999961181544e-05,2.1918954189459328e-06,1.6246723077983916e-08,1.8435907023217624e-08,1.8905556231629816e-08,0.00016521721877295944,0.00016521765805084144
2021-07-30_02h22m33s_C6H13NO5_-H__169,2021-07-30_02h22m33s,Glucosamine,C6H13NO5,-H,,169,0.8819151279943651,1.114787222600056,0.04519774011299435,0.04519774011299435,0.042451885638002,0.04447649957927636,0.041249534879600265,0.041249534879600265,0.8879496054111926,189,2.6677966117858887,0.30072760581970215,472.20001220703125,12.571327209472656,3.3275115489959717,2.392099380493164,2.3670690059661865,1.1265704694688201,0.8014983792351917,1.4194388313626405e-06,2.495941089364351e-07,0.00025124067906290293,6.737254352628952e-06,1.5531600183749106e-06,1.1790982625825563e-06,1.1698447224262054e-06,0.0014177802486212308,0.0014172376345321488
2021-07-30_02h22m33s_C6H13NO5_[M]-_-CH2O3_169,2021-07-30_02h22m33s,Glucosamine,C6H13NO5,[M]-,-CH2O3,169,0.0,0.0,0.0,0.0,0.00022249415952831238,0.00018031013342949875,0.00024806421319347236,0.00024806421319347236,0.0,6,0.0,-0.014071045443415642,0.0,0.0,0.009696678258478642,0.013721494935452938,0.014071045443415642,0.0,0.0,0.0,-6.309099465084955e-09,0.0,0.0,4.5298733652998635e-09,6.1523706129662514e-09,6.309099465084955e-09,0.0,0.0
2021-07-30_02h22m33s_C6H13NO5_-H_-CO2_169,2021-07-30_02h22m33s,Glucosamine,C6H13NO5,-H,-CO2,169,0.0,0.0,0.0,0.0,0.001112470797641562,0.001983411467724486,0.0006024416606127186,0.0006024416606127186,0.0,23,0.0,-0.032807357609272,0.0,0.0,0.12546321749687195,0.03446147218346596,0.032807357609272,0.0,0.0,0.0,-1.571046759352157e-08,0.0,0.0,5.2404999451027834e-08,1.6353297382920573e-08,1.571046759352157e-08,0.0,0.0
2021-07-30_02h22m33s_C9H12N2O6_[M]-_-CH2O2_182,2021-07-30_02h22m33s,Uridine,C9H12N2O6,[M]-,-CH2O2,182,0.0,0.0,0.0,0.0,0.013171654244076092,0.01806106503185479,0.010330102592271028,0.010330102592271028,0.0,6,0.0,-1.7419426441192627,0.0,0.0,22.049047470092773,1.6924630403518677,1.7419426441192627,0.0,0.0,0.0,-8.40262316614826e-07,0.0,0.0,8.666243957122788e-06,8.164182645487017e-07,8.40262316614826e-07,0.0,0.0
2021-07-30_02h22m33s_C9H12N2O6_+Cl_+C12H14N2_182,2021-07-30_02h22m33s,Uridine,C9H12N2O6,+Cl,+C12H14N2,182,4.498811813715772,42.41321885208363,0.7062146892655368,0.6892655367231638,0.16448993213928134,0.19130905156869815,0.14697804631713238,0.14697804631713238,4.521010244405929,189,361.06964111328125,352.6075744628906,63909.328125,731.1605224609375,11.749222755432129,8.512139320373535,8.462067604064941,42.66415654529972,30.728748605753772,0.0001658541295910254,0.00016211310867220163,0.029356179758906364,0.00029210170032456517,5.10525751451496e-06,3.7721233638876583e-06,3.741027285286691e-06,0.16523597729146702,0.16501170235758145
2021-07-30_02h22m33s_C9H12N2O6_-H_-NH3_182,2021-07-30_02h22m33s,Uridine,C9H12N2O6,-H,-NH3,182,1.820434267400227,2.7617179091613533,0.05084745762711865,0.0,0.02353988207809545,0.03290659935088352,0.01793149883941386,0.01793149883941386,1.8039455332207128,3,2.628913402557373,1.6640493869781494,465.31768798828125,11.358203887939453,6.354761600494385,0.950912356376648,0.9648639559745789,2.721825766761054,0.41362681104226473,1.3487001524481457e-06,8.99284032129799e-07,0.00023871992016211152,6.116178155934904e-06,2.5195706712111132e-06,4.4357042838782945e-07,4.494160918966372e-07,0.0013480942971776,0.0013453105474491218
2021-07-30_02h22m33s_C9H12N2O6_+Cl__182,2021-07-30_02h22m33s,Uridine,C9H12N2O6,+Cl,,182,82.9543119192217,15742.3733576196,0.9265536723163842,0.672316384180791,0.002658805206363333,0.00027046520014424813,0.0011694455764835127,0.0011694455764835127,92.48631894258234,1,9669.0146484375,9669.0068359375,1711415.625,17344.5234375,0.11142954975366592,0.6132031083106995,0.007530473172664642,1133467.564193419,86000.65258308328,0.00466980179771781,0.004669797606766224,0.8265549540519714,0.0073715513572096825,5.481476605950775e-08,3.234308110222628e-07,4.1978078790805284e-09,4.669782194869319,4.669545837655114
2021-07-30_02h22m33s_C9H12N2O6_-H_+HCl_182,2021-07-30_02h22m33s,Uridine,C9H12N2O6,-H,+HCl,182,82.9543119192217,15742.3733576196,0.9265536723163842,0.672316384180791,0.002658805206363333,0.00027046520014424813,0.0011694455764835127,0.0011694455764835127,92.48631894258234,1,9669.0146484375,9669.0068359375,1711415.625,17344.5234375,0.11142954975366592,0.6132031083106995,0.007530473172664642,1133467.564193419,86000.65258308328,0.00466980179771781,0.004669797606766224,0.8265549540519714,0.0073715513572096825,5.481476605950775e-08,3.234308110222628e-07,4.1978078790805284e-09,4.669782194869319,4.669545837655114
2021-07-30_02h22m33s_C9H12N2O6_-H__182,2021-07-30_02h22m33s,Uridine,C9H12N2O6,-H,,182,79.91183826355086,11494.84814669317,0.9265536723163842,0.6949152542372882,0.0029702970297029703,0.0003906719557639139,0.001594698513386608,0.001594698513386608,91.98285503979201,1,10104.3232421875,10104.28515625,1788465.25,17722.8359375,0.17373578250408173,0.8780305981636047,0.037739455699920654,260827.70290983195,57826.29692319299,0.004901949781924486,0.0049019320867955685,0.8676451444625854,0.007542347069829702,7.824748138318682e-08,4.6277733645183616e-07,1.77797581102368e-08,4.901862627992671,4.901566246710848
2021-07-30_02h22m33s_C9H12N2O6_-H_-CH2O2_182,2021-07-30_02h22m33s,Uridine,C9H12N2O6,-H,-CH2O2,182,1.1231382446759604,1.2929082689329865,0.14124293785310735,0.0903954802259887,0.12123706752697741,0.13042432984733743,0.11575739319949678,0.11575739319949678,1.1378717924847968,189,10.203390121459961,2.482724189758301,1806.0,26.040584564208984,14.730563163757324,7.890812873840332,7.72066593170166,1.321397508220275,0.6926210075630262,5.339263225323521e-06,1.5520790839218535e-06,0.0009450495708733797,1.3954221685708035e-05,6.670396487606922e-06,3.88221178582171e-06,3.787184141401667e-06,0.005319118743173143,0.005303884214687197
2021-07-30_02h22m33s_C9H12N2O6_-H_-CO2_182,2021-07-30_02h22m33s,Uridine,C9H12N2O6,-H,-CO2,182,0.8003093294751569,0.8461499345056671,0.1694915254237288,0.14689265536723164,0.1968072088107687,0.18851424450054094,0.20178251856051882,0.20178251856051882,0.8038839156948967,189,11.335659980773926,-1.9870567321777344,2006.411865234375,26.820720672607422,16.52007484436035,13.395750999450684,13.32271671295166,0.8507881265409079,0.6861333228959662,5.601842985925032e-06,-6.891018529131543e-07,0.0009915261762216687,1.3279236554808449e-05,7.449123586411588e-06,6.332703378575388e-06,6.290944838838186e-06,0.005566822413196008,0.005560422709965806
2021-07-30_02h22m33s_C9H12N2O6_+Cl_+H2_182,2021-07-30_02h22m33s,Uridine,C9H12N2O6,+Cl,+H2,182,8.006207184588021,47.00140191841247,0.3446327683615819,0.2033898305084746,0.03602180442763377,0.03942781584325039,0.033045696971844715,0.033045696971844715,8.07454017261023,5,106.71675109863281,104.47442626953125,18888.865234375,210.8589324951172,7.977077960968018,2.2695014476776123,2.242323160171509,47.57083285783668,13.376248216767785,6.0379166825441644e-05,5.9355115809012204e-05,0.010687112808227539,0.00012242082448210567,3.301812284917105e-06,1.0405900638943422e-06,1.0240526080451673e-06,0.06031739863605789,0.060180462235919094
2021-07-30_02h22m33s_C9H12N2O6_-H_-H2_182,2021-07-30_02h22m33s,Uridine,C9H12N2O6,-H,-H2,182,4.163334125618687,14.916001294280525,0.2542372881355932,0.2542372881355932,0.06675937256647013,0.09237889169371319,0.051065790173113385,0.051065790173113385,4.137093493322121,189,47.01130676269531,43.83610534667969,8321.0009765625,125.18295288085938,6.344069480895996,3.1507365703582764,3.175201892852783,14.801107847861322,7.409108269694909,2.244975075882394e-05,2.0957764718332328e-05,0.003973606042563915,5.715310908271931e-05,2.8785254926333437e-06,1.483161668147659e-06,1.4919862678652862e-06,0.022416305938187896,0.022385314061636914
2021-07-30_02h22m33s_C9H12N2O6_+Cl_-H2O_182,2021-07-30_02h22m33s,Uridine,C9H12N2O6,+Cl,-H2O,182,0.0,0.0,0.0,0.0,0.010546223161642007,0.017009255920182716,0.006768609245707603,0.006768609245707603,0.0,4,0.0,-1.1607609987258911,0.0,0.0,16.696035385131836,1.1296625137329102,1.1607609987258911,0.0,0.0,0.0,-5.640888502966845e-07,0.0,0.0,7.799964805599302e-06,5.483523182192584e-07,5.640888502966845e-07,0.0,0.0
2021-07-30_02h22m33s_C9H12N2O6_[M]-_+C12H14N2_182,2021-07-30_02h22m33s,Uridine,C9H12N2O6,[M]-,+C12H14N2,182,1.404873840813414,1.6491127763111744,0.24293785310734464,0.24293785310734464,0.17065302035821558,0.18337540569780023,0.16292503145099846,0.16292503145099846,1.4015596106234065,189,16.768695831298828,6.567582130432129,2968.05908203125,30.48988914489746,13.773717880249023,10.167313575744629,10.2011137008667,1.6436491812352845,1.2173531230968253,8.937958227761555e-06,4.039236500830157e-06,0.0015820185653865337,1.6585134289925918e-05,6.438096534111537e-06,4.8862498260859866e-06,4.898721726931399e-06,0.008894387100424965,0.00888078289021586
2021-07-30_02h22m33s_C9H12N2O6_-H_-CH2O3_182,2021-07-30_02h22m33s,Uridine,C9H12N2O6,-H,-CH2O3,182,0.7244173337591608,0.6573828008165468,0.3502824858757062,0.3502824858757062,0.48682834575592393,0.5100973674720519,0.4735368641139678,0.4735368641139678,0.720257179559587,189,29.792598724365234,-15.983383178710938,5273.2900390625,43.166542053222656,52.04105758666992,45.31901550292969,45.77598190307617,0.6508205103483068,0.5724715759892692,1.5658539268770255e-05,-6.049704097677022e-06,0.002771561499685049,2.3730366592644714e-05,2.494528416718822e-05,2.1528258002945222e-05,2.1708243366447277e-05,0.015325842157421199,0.015277439206419186
2021-07-30_02h22m33s_C9H12N2O6_-H_-H2O_182,2021-07-30_02h22m33s,Uridine,C9H12N2O6,-H,-H2O,182,2.094146001183213,2.670092426533652,0.3785310734463277,0.3785310734463277,0.18322394037156525,0.20332972713066474,0.1707567730389638,0.1707567730389638,2.0890977623799407,189,33.97700500488281,21.208759307861328,6013.9296875,50.10676193237305,16.681652069091797,12.724029541015625,12.768244743347168,2.660846877618583,2.0366668839082562,1.711460208753124e-05,1.1125817763968371e-05,0.003029284533113241,2.4858241886249743e-05,7.742111847619526e-06,5.9749195315816905e-06,5.988784778310219e-06,0.017012716589383036,0.016983116896993517
2021-07-30_02h22m33s_C9H12N2O6_+Cl_-CO2_182,2021-07-30_02h22m33s,Uridine,C9H12N2O6,+Cl,-CO2,182,0.7732798468014944,1.0427200321016659,0.03954802259887006,0.03954802259887006,0.05774835910557348,0.0860079336458709,0.04114322164537449,0.04114322164537449,0.7669605176648048,188,2.6551456451416016,0.08200860023498535,469.9607849121094,13.387201309204102,6.237058162689209,2.5453648567199707,2.573137044906616,1.031470197126946,0.42563656443962616,1.3459631418299978e-06,1.425401023880113e-07,0.00023823547235224396,6.912497156008612e-06,2.8453098366298946e-06,1.1916237099285354e-06,1.2034230394419865e-06,0.0013443453256920938,0.0013421443253788204
2021-07-30_02h22m33s_C9H12N2O6_+Cl_-NH3_182,2021-07-30_02h22m33s,Uridine,C9H12N2O6,+Cl,-NH3,182,0.0,0.0,0.0,0.0,0.010357103126042941,0.018541892054333455,0.005563725924482166,0.005563725924482166,0.0,95,0.0,-0.3604747951030731,0.0,0.0,3.7677056789398193,0.35313427448272705,0.3604747951030731,0.0,0.0,0.0,-1.7603767332730058e-07,0.0,0.0,1.6320905160682742e-06,1.7233732307886385e-07,1.7603767332730058e-07,0.0,0.0
2021-07-30_02h22m33s_C9H12N2O6_[M]-_+H2_182,2021-07-30_02h22m33s,Uridine,C9H12N2O6,[M]-,+H2,182,1.7069343350145714,2.3075691775046265,0.12994350282485875,0.12994350282485875,0.0692958059850929,0.07434787835076331,0.06612683168843135,0.06612683168843135,1.6906159281700845,189,9.912861824035645,5.56986141204834,1754.5765380859375,27.713069915771484,4.895108222961426,4.294802665710449,4.343000411987305,2.2819661334932246,2.0246410766712626,5.08372704643989e-06,2.9626733066834277e-06,0.0008998196572065353,1.3876133380108513e-05,2.314256107638357e-06,2.100874780808226e-06,2.121053739756462e-06,0.0050729670107899924,0.005071989164537982
2021-07-30_02h22m33s_C9H12N2O6_-H_+H2_182,2021-07-30_02h22m33s,Uridine,C9H12N2O6,-H,+H2,182,2.512780651862331,6.911009806892605,0.4011299435028249,0.4011299435028249,0.1552786739348092,0.16354129102055537,0.14963587717277674,0.14963587717277674,2.498926134869741,189,69.86451721191406,59.682090759277344,12366.01953125,121.67250061035156,13.053223609924316,10.108161926269531,10.182427406311035,6.860609343433481,5.3518707277850215,3.872436718665995e-05,3.378763722139411e-05,0.006854213308542967,6.496543937828392e-05,6.063551154511515e-06,4.910365532850847e-06,4.936729510518489e-06,0.038534134587280625,0.038490975189610706
2021-07-30_02h22m33s_C9H12N2O6_+Cl_-H2_182,2021-07-30_02h22m33s,Uridine,C9H12N2O6,+Cl,-H2,182,6.400295218535941,30.03247740393731,0.11299435028248588,0.11299435028248588,0.012059183446434531,0.0189926673879072,0.0076545528642557184,0.0076545528642557184,6.432130791754034,166,11.957727432250977,11.5668363571167,2116.517822265625,39.1352653503418,2.425379753112793,0.3971598744392395,0.39089104533195496,30.51288763723109,4.928217611818783,5.449165200843709e-06,5.269237590255216e-06,0.000964502221904695,1.830094879551325e-05,1.0248685384794953e-06,1.823396473810135e-07,1.7992744005823624e-07,0.005448184922877571,0.005443586240569249
2021-07-30_02h22m33s_C9H12N2O6_[M]-_-CO2_182,2021-07-30_02h22m33s,Uridine,C9H12N2O6,[M]-,-CO2,182,0.6690266996325641,0.9014597250553713,0.022598870056497175,0.022598870056497175,0.02552008009789743,0.0284890010818608,0.02377872672183142,0.02377872672183142,0.667918632591951,187,1.2961117029190063,-0.14326906204223633,229.41177368164062,8.630681037902832,1.9126131534576416,1.4367921352386475,1.4393807649612427,0.899839635774282,0.6773112426495955,6.371483891598473e-07,-5.5569444157299586e-08,0.00011277526209596545,4.317327693570405e-06,8.828885142975196e-07,6.914967798365979e-07,6.927178333171469e-07,0.0006367073306373111,0.0006365863543792074
2021-07-30_02h22m33s_C9H12N2O6_+Cl_-CH2O3_182,2021-07-30_02h22m33s,Uridine,C9H12N2O6,+Cl,-CH2O3,182,2.67771757577366,3.945620501878666,0.1751412429378531,0.1751412429378531,0.09577261096896207,0.1638117562206996,0.05540691390399915,0.05540691390399915,2.6854565177909655,189,13.655411720275879,10.20925521850586,2417.0078125,32.56239700317383,13.264873504638672,3.4599034786224365,3.4461565017700195,3.961355312201289,1.029363932612579,6.987797405599849e-06,5.328958650352433e-06,0.0012368401512503624,1.5987719962140545e-05,5.894516107218806e-06,1.6681998431522516e-06,1.6588388689342537e-06,0.0069762249724571075,0.006946849091734203
2021-07-30_02h22m33s_C9H12N2O6_[M]-_-H2O_182,2021-07-30_02h22m33s,Uridine,C9H12N2O6,[M]-,-H2O,182,1.5084305750364668,1.81619141672214,0.24293785310734464,0.24293785310734464,0.15809322505284237,0.16958168049044356,0.1510533869624537,0.1510533869624537,1.4969005804082425,189,18.223772048950195,8.107190132141113,3225.607666015625,33.5211067199707,11.496232986450195,10.033059120178223,10.116581916809082,1.8011983692144569,1.5850572107590941,9.656660949985962e-06,4.84945485368371e-06,0.0017092289635911584,1.8342407201998867e-05,5.472299108078005e-06,4.7745579649927095e-06,4.807206096302252e-06,0.009610461480966382,0.00960410441794575
2021-07-30_02h22m33s_C9H12N2O6_[M]-_-CH2O3_182,2021-07-30_02h22m33s,Uridine,C9H12N2O6,[M]-,-CH2O3,182,0.4616581538223131,0.4619334023671379,0.07909604519774012,0.07909604519774012,0.16786071865613528,0.17940858276235125,0.16133033293761184,0.16133033293761184,0.45469151661413265,189,5.279095649719238,-6.344016075134277,934.3999633789062,18.645435333251953,13.093473434448242,11.427261352539062,11.623111724853516,0.45415045679851845,0.4031544816327837,2.921010036516236e-06,-2.6798034014063887e-06,0.0005170187796466053,1.0551684681558982e-05,6.453081823565299e-06,5.516570581676206e-06,5.600813437922625e-06,0.0029047411233986188,0.0029022813773134227
2021-07-30_02h22m33s_C9H12N2O6_[M]-_-NH3_182,2021-07-30_02h22m33s,Uridine,C9H12N2O6,[M]-,-NH3,182,0.6048097484567753,0.695692889190312,0.03954802259887006,0.03954802259887006,0.05577928579374791,0.05652722683014785,0.05538919503162819,0.05538919503162819,0.6052060967201424,189,2.438107967376709,-1.0648798942565918,431.54510498046875,12.090051651000977,3.6502039432525635,3.503575086593628,3.502987861633301,0.6958094787007175,0.6677545284432387,1.4349900538945803e-06,-1.8752916730591096e-07,0.00025399323203600943,7.228771210066043e-06,1.6850160591275198e-06,1.6253305830105091e-06,1.6225192212004913e-06,0.0014326655265402175,0.0014325761400926014
2021-07-30_02h22m33s_C9H12N2O6_[M]-_-H2_182,2021-07-30_02h22m33s,Uridine,C9H12N2O6,[M]-,-H2,182,1.0822349362396655,1.310049439613889,0.0847457627118644,0.0847457627118644,0.07005228612748915,0.07293544897223224,0.06830625299005971,0.06830625299005971,1.0737223959533362,189,5.680425643920898,1.3027386665344238,1005.435302734375,19.131486892700195,4.713605880737305,4.335039138793945,4.377686977386475,1.297289729377138,1.204856946182859,3.0227879506128374e-06,8.959891601989511e-07,0.0005350334686227143,1.0416709301352967e-05,2.2699723558616824e-06,2.1095254396641394e-06,2.1267987904138863e-06,0.0030163727327334224,0.0030159418459955413
2021-07-30_02h22m33s_C9H12N2O6_[M]-__182,2021-07-30_02h22m33s,Uridine,C9H12N2O6,[M]-,,182,7.4937201156217395,95.56186796919062,0.2711864406779661,0.2711864406779661,0.02938035376571365,0.03350763312898185,0.026188493364282295,0.026188493364282295,7.833065925501042,187,145.65443420410156,144.2584991455078,25780.8359375,403.3459167480469,1.999845266342163,1.523189902305603,1.3959357738494873,104.26709440100221,72.7964509071604,8.067538874456659e-05,8.000293018994853e-05,0.014279544353485107,0.00022457115119323134,9.381973313793424e-07,7.434430813191284e-07,6.724576451233588e-07,0.0806211744194694,0.08059977025520337
2021-07-30_02h22m33s_C9H12N2O6_-H_+C12H14N2_182,2021-07-30_02h22m33s,Uridine,C9H12N2O6,-H,+C12H14N2,182,1.9258901848284862,6.16546246897303,0.6779661016949152,0.5988700564971752,0.3475025030592947,0.355030652722683,0.34202739337668553,0.34202739337668553,1.9250224684182047,189,131.79893493652344,110.38550567626953,23328.412109375,204.62892150878906,32.09174346923828,21.375974655151367,21.413429260253906,6.154678853904731,4.106814210597362,6.492407555924729e-05,5.4655141866533086e-05,0.011491561308503151,8.864568371791393e-05,1.4828546227363404e-05,1.0261412171530537e-05,1.0268932783219498e-05,0.06426415130908365,0.06397541318738349
2021-07-30_02h22m33s_C9H12N2O6_+Cl_+HCl_182,2021-07-30_02h22m33s,Uridine,C9H12N2O6,+Cl,+HCl,182,0.0,0.0,0.0,0.0,0.0015352097007453555,0.001712946267580238,0.0014352286620479473,0.0014352286620479473,0.0,46,0.0,-0.10341716557741165,0.0,0.0,0.1407812088727951,0.10156374424695969,0.10341716557741165,0.0,0.0,0.0,-5.477214415350318e-08,0.0,0.0,7.70955068674084e-08,5.3866063609575576e-08,5.477214415350318e-08,0.0,0.0
2021-07-30_02h22m33s_C23H48NO7P_-H_-CH2O2_33,2021-07-30_02h22m33s,Lyso PC 15:0,C23H48NO7P,-H,-CH2O2,33,0.5018384678921459,4.633306578321248,0.005649717514124294,0.005649717514124294,0.0020024474357548112,0.0032455824017309774,0.0012580399383383242,0.0012580399383383242,0.5069532009478942,31,0.2986595928668976,0.2408013492822647,52.86274719238281,3.9621667861938477,0.8741353154182434,0.06345927715301514,0.05785824730992317,5.07421825346378,0.3412724725023383,1.431289433639904e-07,1.191322596127975e-07,2.5333823941764422e-05,1.8988200736202998e-06,3.4628618550414103e-07,2.609142057963254e-08,2.3996681974836065e-08,0.0001431255088266726,0.00014307939694539794
2021-07-30_02h22m33s_C23H48NO7P_-H_-CH2O2_40,2021-07-30_02h22m33s,Lyso PE 18:0,C23H48NO7P,-H,-CH2O2,40,0.0,0.0,0.0,0.0,0.0020024474357548112,0.0032756340906358937,0.0012580399383383242,0.0012580399383383242,0.0,31,0.0,-0.06411534547805786,0.0,0.0,0.8757239580154419,0.06345927715301514,0.06411534547805786,0.0,0.0,0.0,-2.6349892934263153e-08,0.0,0.0,3.4704748941294383e-07,2.609142057963254e-08,2.6349892934263153e-08,0.0,0.0
2021-07-30_02h22m33s_C23H48NO7P_+Cl_-CH2O2_33,2021-07-30_02h22m33s,Lyso PC 15:0,C23H48NO7P,+Cl,-CH2O2,33,0.0,0.0,0.0,0.0,0.001868950940037824,0.00288496213487198,0.0012757588107092865,0.0012757588107092865,0.0,43,0.0,-0.09067025035619736,0.0,0.0,0.25911155343055725,0.09026758372783661,0.09067025035619736,0.0,0.0,0.0,-4.261871566768605e-08,0.0,0.0,1.0460260568834201e-07,4.2714209058658525e-08,4.261871566768605e-08,0.0,0.0
2021-07-30_02h22m33s_C23H48NO7P_+Cl_-CH2O2_40,2021-07-30_02h22m33s,Lyso PE 18:0,C23H48NO7P,+Cl,-CH2O2,40,0.0,0.0,0.0,0.0,0.001868950940037824,0.00288496213487198,0.0012757588107092865,0.0012757588107092865,0.0,43,0.0,-0.09065817296504974,0.0,0.0,0.25911155343055725,0.09026758372783661,0.09065817296504974,0.0,0.0,0.0,-4.280264320755123e-08,0.0,0.0,1.0460261279376937e-07,4.2714209058658525e-08,4.280264320755123e-08,0.0,0.0
2021-07-30_02h22m33s_C23H48NO7P_-H_-H2_33,2021-07-30_02h22m33s,Lyso PC 15:0,C23H48NO7P,-H,-H2,33,0.7830669286556057,2.2708960542225647,0.011299435028248588,0.011299435028248588,0.0059072199354766935,0.00838442120447169,0.004429718092740578,0.004429718092740578,0.7868779721625192,83,0.5686939358711243,0.32314950227737427,100.65882873535156,5.324728012084961,0.8279204368591309,0.24942710995674133,0.2455444484949112,2.3066588574305795,0.6860657676941433,2.2605281913001818e-07,1.1819385292710649e-07,4.001134948339313e-05,2.126528215740109e-06,3.4728373066172935e-07,1.0914438774989321e-07,1.0785896620291169e-07,0.0002260284399361542,0.00022597434191752323
2021-07-30_02h22m33s_C23H48NO7P_-H_-H2_40,2021-07-30_02h22m33s,Lyso PE 18:0,C23H48NO7P,-H,-H2,40,26.23274210996279,224.3250366439152,0.3785310734463277,0.3785310734463277,0.0059072199354766935,0.006431061425652121,0.004429718092740578,0.004429718092740578,26.526335553725914,83,56.17707061767578,55.93755340576172,9943.341796875,94.17975616455078,0.5321313142776489,0.24942710995674133,0.23951902985572815,233.5660120173143,105.37192078801692,2.4615968868602067e-05,2.4511507945135236e-05,0.004357026424258947,4.008239557151683e-05,2.1755015211510909e-07,1.0914438774989321e-07,1.044608808342673e-07,0.02461339773139472,0.02461061482560311
2021-07-30_02h22m33s_C23H48NO7P_[M]-_-H2_33,2021-07-30_02h22m33s,Lyso PC 15:0,C23H48NO7P,[M]-,-H2,33,0.3285892055037077,0.8217196891790368,0.005649717514124294,0.005649717514124294,0.007698297919679608,0.00856473133790119,0.007193862182610699,0.007193862182610699,0.3285918875385789,123,0.3431483209133148,-0.0731784999370575,60.73725509643555,4.552376747131348,0.5374966859817505,0.41659778356552124,0.4163268208503723,0.8222532168291831,0.6372338583434551,2.036219086676283e-07,2.437211321648647e-08,3.604107769206166e-05,2.7013493308913894e-06,2.2230412355384033e-07,1.7941769669960195e-07,1.7924979545114184e-07,0.00020358541602344925,0.00020357665273826528
2021-07-30_02h22m33s_C23H48NO7P_[M]-_-H2_40,2021-07-30_02h22m33s,Lyso PE 18:0,C23H48NO7P,[M]-,-H2,40,8.871908548600107,28.162574522886807,0.15254237288135594,0.15254237288135594,0.007698297919679608,0.007783387426373362,0.007193862182610699,0.007193862182610699,8.937211360542314,123,11.760628700256348,11.352468490600586,2081.63134765625,29.65129280090332,0.4767654836177826,0.41659778356552124,0.40816065669059753,28.743302925016067,24.615902788123922,4.913291832053801e-06,4.737810741062276e-06,0.0008696526638232172,1.244740815309342e-05,1.9725267463854834e-07,1.7941769669960195e-07,1.754811194132344e-07,0.004912429793374621,0.004912322863230341
2021-07-30_02h22m33s_C23H48NO7P_-H_+HCl_33,2021-07-30_02h22m33s,Lyso PC 15:0,C23H48NO7P,-H,+HCl,33,3.0228364524729194,6.591486502268585,0.03954802259887006,0.0,0.0028924240738680608,0.0023740834234884,0.003083083792547442,0.003083083792547442,3.004968457407519,3,7.94317102432251,6.708724021911621,1405.9412841796875,41.58415222167969,7.013650417327881,1.204065203666687,1.2344467639923096,6.429391581920041,1.1323687641940015,3.6640781218011398e-06,3.132527581328759e-06,0.0006485418416559696,1.9103641534456983e-05,2.298673507539206e-06,5.184684255254979e-07,5.315506541592185e-07,0.003662131513399575,0.003655674918713318
2021-07-30_02h22m33s_C23H48NO7P_-H_+HCl_40,2021-07-30_02h22m33s,Lyso PE 18:0,C23H48NO7P,-H,+HCl,40,0.0,0.0,0.0,0.0,0.0028924240738680608,0.002584445245822815,0.003083083792547442,0.003083083792547442,0.0,3,0.0,-1.2347383499145508,0.0,0.0,7.055901527404785,1.204065203666687,1.2347383499145508,0.0,0.0,0.0,-5.316762212714821e-07,0.0,0.0,2.318163524250849e-06,5.184684255254979e-07,5.316762212714821e-07,0.0,0.0
2021-07-30_02h22m33s_C23H48NO7P_+Cl__33,2021-07-30_02h22m33s,Lyso PC 15:0,C23H48NO7P,+Cl,,33,3.0228364524729194,6.591486502268585,0.03954802259887006,0.0,0.0028924240738680608,0.0023740834234884,0.003083083792547442,0.003083083792547442,3.004968457407519,3,7.94317102432251,6.708724021911621,1405.9412841796875,41.58415222167969,7.013650417327881,1.204065203666687,1.2344467639923096,6.429391581920041,1.1323687641940015,3.6640781218011398e-06,3.132527581328759e-06,0.0006485418416559696,1.9103641534456983e-05,2.298673507539206e-06,5.184684255254979e-07,5.315506541592185e-07,0.003662131513399575,0.003655674918713318
2021-07-30_02h22m33s_C23H48NO7P_+Cl__40,2021-07-30_02h22m33s,Lyso PE 18:0,C23H48NO7P,+Cl,,40,0.0,0.0,0.0,0.0,0.0028924240738680608,0.002584445245822815,0.003083083792547442,0.003083083792547442,0.0,3,0.0,-1.2347383499145508,0.0,0.0,7.055901527404785,1.204065203666687,1.2347383499145508,0.0,0.0,0.0,-5.316762212714821e-07,0.0,0.0,2.318163524250849e-06,5.184684255254979e-07,5.316762212714821e-07,0.0,0.0
2021-07-30_02h22m33s_C23H48NO7P_-H_+C12H14N2_33,2021-07-30_02h22m33s,Lyso PC 15:0,C23H48NO7P,-H,+C12H14N2,33,1.1698475465008424,1.3130195402858966,0.3672316384180791,0.3672316384180791,0.31080209144509957,0.3221841567496093,0.3039140989067456,0.3039140989067456,1.172144532196623,189,57.34573745727539,13.76275634765625,10150.1953125,89.62193298339844,48.23788070678711,43.673702239990234,43.58298110961914,1.3157526228052394,1.1887866512874328,2.5233706764993258e-05,5.159263309906237e-06,0.004466366022825241,4.0027320210356265e-05,2.1759027731604874e-05,2.008792944252491e-05,2.007444345508702e-05,0.02473712279225852,0.024696338451752474
2021-07-30_02h22m33s_C23H48NO7P_-H_+C12H14N2_40,2021-07-30_02h22m33s,Lyso PE 18:0,C23H48NO7P,-H,+C12H14N2,40,1.1878452010623939,1.3500161983238335,0.3728813559322034,0.3728813559322034,0.31080209144509957,0.3221541050607044,0.3039140989067456,0.3039140989067456,1.1889402835822456,189,58.96155548095703,15.296443939208984,10436.1953125,104.11945343017578,48.229286193847656,43.673702239990234,43.66511154174805,1.3502817951762296,1.222500634642269,2.6573537979857065e-05,6.486805432359688e-06,0.004703516140580177,4.7011377318995073e-05,2.1751899112132378e-05,2.008792944252491e-05,2.0086732547497377e-05,0.026050273111085428,0.02600781853495801
2021-07-30_02h22m33s_C23H48NO7P_[M]-_-CH2O2_33,2021-07-30_02h22m33s,Lyso PC 15:0,C23H48NO7P,[M]-,-CH2O2,33,0.0,0.0,0.0,0.0,0.0013794637890755367,0.0022839283567736507,0.000850505873806191,0.000850505873806191,0.0,24,0.0,-0.04623045772314072,0.0,0.0,0.1601175218820572,0.04814384505152702,0.04623045772314072,0.0,0.0,0.0,-2.0357370900114802e-08,0.0,0.0,6.660199858288252e-08,2.1134633598762775e-08,2.0357370900114802e-08,0.0,0.0
2021-07-30_02h22m33s_C23H48NO7P_[M]-_-CH2O2_40,2021-07-30_02h22m33s,Lyso PE 18:0,C23H48NO7P,[M]-,-CH2O2,40,0.5206870149495122,5.7670786631401825,0.005649717514124294,0.005649717514124294,0.0013794637890755367,0.0022538766678687344,0.000850505873806191,0.000850505873806191,0.5231466364765383,24,0.28341642022132874,0.23856860399246216,50.16470718383789,3.7599434852600098,0.15860998630523682,0.04814384505152702,0.044847823679447174,6.18167663099742,1.77568100080734,1.0029383190612862e-07,8.06307411949092e-08,1.775200871634297e-05,1.3305477750691352e-06,6.606852309687383e-08,2.1134633598762775e-08,1.966309071121941e-08,0.00010029185985819062,0.00010028720607853749
2021-07-30_02h22m33s_C23H48NO7P_+Cl_+C12H14N2_33,2021-07-30_02h22m33s,Lyso PC 15:0,C23H48NO7P,+Cl,+C12H14N2,33,0.48666118324539287,0.8427023419377223,0.011299435028248588,0.011299435028248588,0.025864946045166315,0.047391513403053254,0.013218278788737884,0.013218278788737884,0.4853851011603991,187,1.1932867765426636,-0.2297968864440918,211.21176147460938,12.42995548248291,8.579394340515137,1.4150240421295166,1.4230836629867554,0.8379330565733495,0.13907132110562448,5.451876745610207e-07,-1.8976754745381186e-07,9.64982173172757e-05,5.9180479183851276e-06,3.870128239213955e-06,7.297340971490485e-07,7.349552220148325e-07,0.0005447872803044737,0.0005430858626277471
2021-07-30_02h22m33s_C23H48NO7P_+Cl_+C12H14N2_40,2021-07-30_02h22m33s,Lyso PE 18:0,C23H48NO7P,+Cl,+C12H14N2,40,0.24333059162269643,0.21607754354094877,0.005649717514124294,0.005649717514124294,0.025864946045166315,0.04742156509195817,0.013218278788737884,0.013218278788737884,0.2424706229889114,187,0.3059709966182709,-1.1244354248046875,54.156864166259766,4.059164047241211,8.584114074707031,1.4150240421295166,1.4304064512252808,0.21375549646039418,0.03563971240868016,1.6626381693640724e-07,-5.700308065570425e-07,2.9428696507238783e-05,2.2057388378016185e-06,3.872144588967785e-06,7.297340971490485e-07,7.362946234934498e-07,0.0001661414878521625,0.00016562250265892518
2021-07-30_02h22m33s_C23H48NO7P_[M]-_+HCl_33,2021-07-30_02h22m33s,Lyso PC 15:0,C23H48NO7P,[M]-,+HCl,33,0.3740782844828335,0.9772379189291537,0.005649717514124294,0.005649717514124294,0.006563577706085216,0.009045558360379853,0.005103035242837146,0.005103035242837146,0.3726939527819889,54,0.34839925169944763,-0.010840177536010742,61.66666793823242,4.622037887573242,0.7254465818405151,0.355514258146286,0.3592394292354584,0.9671324775271287,0.47959376561005773,1.5922347529340186e-07,-3.0691893471157528e-09,2.818255416059401e-05,2.1123382794030476e-06,3.1883482165540045e-07,1.6053714091412985e-07,1.6229266464051761e-07,0.00015919763868441528,0.00015917272548585917
2021-07-30_02h22m33s_C23H48NO7P_[M]-_+HCl_40,2021-07-30_02h22m33s,Lyso PE 18:0,C23H48NO7P,[M]-,+HCl,40,0.3740782844828335,0.7932872852740607,0.005649717514124294,0.005649717514124294,0.006563577706085216,0.009045558360379853,0.005103035242837146,0.005103035242837146,0.3717728264360979,54,0.2828182280063629,-0.07959073781967163,50.0588264465332,3.7520084381103516,0.7257954478263855,0.355514258146286,0.36240896582603455,0.7782367927095922,0.38913043395109653,1.2450364295091276e-07,-3.880730048422265e-08,2.203714393544942e-05,1.651727188800578e-06,3.190194775015698e-07,1.6053714091412985e-07,1.6331094343513541e-07,0.00012448331346354908,0.00012446393653091288
2021-07-30_02h22m33s_C23H48NO7P_+Cl_-NH3_33,2021-07-30_02h22m33s,Lyso PC 15:0,C23H48NO7P,+Cl,-NH3,33,0.3032739257774454,0.6183019826763632,0.005649717514124294,0.005649717514124294,0.011536322171542997,0.016498377208799136,0.008629090844658646,0.008629090844658646,0.30387076417469233,158,0.2921236455440521,-0.1784593164920807,51.70588302612305,3.8754584789276123,2.116342306137085,0.47146111726760864,0.4705829620361328,0.6194533498045875,0.137967132049143,1.0638100889082125e-07,-9.49338527789223e-08,1.8829437976819463e-05,1.411303628628957e-06,7.942211937006505e-07,2.0161911606919602e-07,2.0131486166974355e-07,0.00010635959712323914,0.0001062965858894898
2021-07-30_02h22m33s_C23H48NO7P_+Cl_-NH3_40,2021-07-30_02h22m33s,Lyso PE 18:0,C23H48NO7P,+Cl,-NH3,40,0.0,0.0,0.0,0.0,0.011536322171542997,0.01652842889770405,0.008629090844658646,0.008629090844658646,0.0,158,0.0,-0.4720093905925751,0.0,0.0,2.117896556854248,0.47146111726760864,0.4720093905925751,0.0,0.0,0.0,-2.0221800411945878e-07,0.0,0.0,7.947870699354098e-07,2.0161911606919602e-07,2.0221800411945878e-07,0.0,0.0
2021-07-30_02h22m33s_C23H48NO7P_-H_-CH2O3_33,2021-07-30_02h22m33s,Lyso PC 15:0,C23H48NO7P,-H,-CH2O3,33,0.0,0.0,0.0,0.0,0.0007119813104905996,0.0016227912008654887,0.00017718872370962313,0.00017718872370962313,0.0,11,0.0,-0.009624969214200974,0.0,0.0,0.1178528368473053,0.009388084523379803,0.009624969214200974,0.0,0.0,0.0,-4.0579264393159065e-09,0.0,0.0,4.661346864054394e-08,3.958054772823516e-09,4.0579264393159065e-09,0.0,0.0
2021-07-30_02h22m33s_C23H48NO7P_-H_-CH2O3_40,2021-07-30_02h22m33s,Lyso PE 18:0,C23H48NO7P,-H,-CH2O3,40,0.0,0.0,0.0,0.0,0.0007119813104905996,0.0016227912008654887,0.00017718872370962313,0.00017718872370962313,0.0,11,0.0,-0.008715309202671051,0.0,0.0,0.1178528368473053,0.009388084523379803,0.008715309202671051,0.0,0.0,0.0,-3.6725213981014804e-09,0.0,0.0,4.6613461535116585e-08,3.958054772823516e-09,3.6725213981014804e-09,0.0,0.0
2021-07-30_02h22m33s_C23H48NO7P_-H_-H2O_33,2021-07-30_02h22m33s,Lyso PC 15:0,C23H48NO7P,-H,-H2O,33,0.0,0.0,0.0,0.0,0.0027589275781510735,0.0030051688904916456,0.002622393110902422,0.002622393110902422,0.0,62,0.0,-0.16125155985355377,0.0,0.0,0.21915164589881897,0.1593005210161209,0.16125155985355377,0.0,0.0,0.0,-7.596849371793724e-08,0.0,0.0,1.007051722012875e-07,7.508952393209256e-08,7.596849371793724e-08,0.0,0.0
2021-07-30_02h22m33s_C23H48NO7P_-H_-H2O_40,2021-07-30_02h22m33s,Lyso PE 18:0,C23H48NO7P,-H,-H2O,40,2.237973997674192,9.501788346590324,0.02824858757062147,0.02824858757062147,0.0027589275781510735,0.002854910445967063,0.002622393110902422,0.002622393110902422,2.3686463273393046,62,1.523141622543335,1.4154934883117676,269.5960693359375,8.96426010131836,0.21104983985424042,0.1593005210161209,0.10764814913272858,14.01902963558642,7.182941631035032,7.399869446089724e-07,6.909567673574202e-07,0.00013097768533043563,4.3741129047703e-06,9.676906387312556e-08,7.508952393209256e-08,4.9030170146124874e-08,0.0007399506647019823,0.0007399153436938178
2021-07-30_02h22m33s_C23H48NO7P_+Cl_-H2O_33,2021-07-30_02h22m33s,Lyso PC 15:0,C23H48NO7P,+Cl,-H2O,33,1.0828523971086843,2.656468604454306,0.01694915254237288,0.01694915254237288,0.0058404716876182,0.006100492847698041,0.005652320286336977,0.005652320286336977,1.0780340957070556,105,0.9928880333900452,0.6152184009552002,175.74118041992188,7.6065592765808105,0.3861193060874939,0.37276238203048706,0.3776696026325226,2.6220431386291834,2.564811461936336,3.5250570817879634e-07,1.8864521678096935e-07,6.239351205294952e-05,2.7262944968242664e-06,1.6591567941759422e-07,1.6174955419501202e-07,1.63860491397827e-07,0.0003524479558835531,0.00035244723165689715
2021-07-30_02h22m33s_C23H48NO7P_+Cl_-H2O_40,2021-07-30_02h22m33s,Lyso PE 18:0,C23H48NO7P,+Cl,-H2O,40,1.0828523971086843,2.518470283026246,0.01694915254237288,0.01694915254237288,0.0058404716876182,0.006100492847698041,0.005652320286336977,0.005652320286336977,1.0804385361319182,105,0.9413094520568848,0.5651265382766724,166.6117706298828,7.194751739501953,0.386393666267395,0.37276238203048706,0.3761829137802124,2.4956312114535324,2.4298524576474474,4.2697647018030693e-07,2.638091132212139e-07,7.55748333176598e-05,3.271934701842838e-06,1.6551955184240796e-07,1.6174955419501202e-07,1.6316737116994773e-07,0.00042690681291790856,0.0004269058089221352
2021-07-30_02h22m33s_C23H48NO7P_+Cl_-H2_33,2021-07-30_02h22m33s,Lyso PC 15:0,C23H48NO7P,+Cl,-H2,33,6.912843935264812,24.73775769833178,0.10734463276836158,0.10734463276836158,0.007153187228835243,0.009376126938333935,0.005528288179740241,0.005528288179740241,6.899294022782515,126,8.458536148071289,8.115344047546387,1497.160888671875,26.204397201538086,0.5992216467857361,0.34092816710472107,0.34319204092025757,24.575048642774874,14.092354371702246,3.0956880436860956e-06,2.9434493171720533e-06,0.000547936768271029,9.567387678544037e-06,2.608880151910853e-07,1.515293490683689e-07,1.5223872651404236e-07,0.0030952168318173347,0.003094880626422215
2021-07-30_02h22m33s_C23H48NO7P_+Cl_-H2_40,2021-07-30_02h22m33s,Lyso PE 18:0,C23H48NO7P,+Cl,-H2,40,5.821342261275631,20.027177353517118,0.0903954802259887,0.0903954802259887,0.007153187228835243,0.009466282005048683,0.005528288179740241,0.005528288179740241,5.7959052300778096,126,6.847856044769287,6.50200891494751,1212.070556640625,22.299291610717773,0.6077890396118164,0.34092816710472107,0.34584730863571167,19.74314308997993,11.248323473654686,2.9271343464642996e-06,2.7735316052712733e-06,0.0005181027809157968,9.804222827369813e-06,2.617845780150674e-07,1.515293490683689e-07,1.5360275540388102e-07,0.00292668479961488,0.0029263682683820444
2021-07-30_02h22m33s_C23H48NO7P_-H_-NH3_33,2021-07-30_02h22m33s,Lyso PC 15:0,C23H48NO7P,-H,-NH3,33,0.0,0.0,0.0,0.0,0.010090110134608966,0.012771967784589494,0.008540496482803835,0.008540496482803835,0.0,154,0.0,-0.48900455236434937,0.0,0.0,0.7944068908691406,0.4915928244590759,0.48900455236434937,0.0,0.0,0.0,-2.2239508723487234e-07,0.0,0.0,3.4249438840561197e-07,2.2326483417600684e-07,2.2239508723487234e-07,0.0,0.0
2021-07-30_02h22m33s_C23H48NO7P_-H_-NH3_40,2021-07-30_02h22m33s,Lyso PE 18:0,C23H48NO7P,-H,-NH3,40,4.875569557149119,14.069693797656114,0.0903954802259887,0.0903954802259887,0.010090110134608966,0.01229114076211083,0.008540496482803835,0.008540496482803835,4.870921088987408,154,6.930630207061768,6.438491344451904,1226.7215576171875,23.243785858154297,0.7575417757034302,0.4915928244590759,0.4921388328075409,14.054115689093603,9.136781162296144,2.937490307886037e-06,2.7138780751556624e-06,0.0005199357983656228,9.837969628279097e-06,3.2686943995940965e-07,2.2326483417600684e-07,2.2361219009781053e-07,0.0029368335960936616,0.002936530445823787
2021-07-30_02h22m33s_C23H48NO7P_+Cl_-HPO3_33,2021-07-30_02h22m33s,Lyso PC 15:0,C23H48NO7P,+Cl,-HPO3,33,0.0,0.0,0.0,0.0,0.0006452330626321059,0.001322274311816324,0.00024806421319347236,0.00024806421319347236,0.0,14,0.0,-0.014048916287720203,0.0,0.0,0.08601005375385284,0.013703149743378162,0.014048916287720203,0.0,0.0,0.0,-6.4745111494346475e-09,0.0,0.0,3.566258754972296e-08,6.315163947334668e-09,6.4745111494346475e-09,0.0,0.0
2021-07-30_02h22m33s_C23H48NO7P_+Cl_-HPO3_40,2021-07-30_02h22m33s,Lyso PE 18:0,C23H48NO7P,+Cl,-HPO3,40,0.0,0.0,0.0,0.0,0.0006452330626321059,0.001322274311816324,0.00024806421319347236,0.00024806421319347236,0.0,14,0.0,-0.01301759947091341,0.0,0.0,0.08601005375385284,0.013703149743378162,0.01301759947091341,0.0,0.0,0.0,-6.116617434770433e-09,0.0,0.0,3.566258754972296e-08,6.315163947334668e-09,6.116617434770433e-09,0.0,0.0
2021-07-30_02h22m33s_C23H48NO7P_+Cl_-H3PO4_33,2021-07-30_02h22m33s,Lyso PC 15:0,C23H48NO7P,+Cl,-H3PO4,33,0.0,0.0,0.0,0.0,0.0007119813104905996,0.0016227912008654887,0.00017718872370962313,0.00017718872370962313,0.0,11,0.0,-0.009624969214200974,0.0,0.0,0.1178528368473053,0.009388084523379803,0.009624969214200974,0.0,0.0,0.0,-4.0579264393159065e-09,0.0,0.0,4.661346864054394e-08,3.958054772823516e-09,4.0579264393159065e-09,0.0,0.0
2021-07-30_02h22m33s_C23H48NO7P_+Cl_-H3PO4_40,2021-07-30_02h22m33s,Lyso PE 18:0,C23H48NO7P,+Cl,-H3PO4,40,0.0,0.0,0.0,0.0,0.0007119813104905996,0.0016227912008654887,0.00017718872370962313,0.00017718872370962313,0.0,11,0.0,-0.008715309202671051,0.0,0.0,0.1178528368473053,0.009388084523379803,0.008715309202671051,0.0,0.0,0.0,-3.6725213981014804e-09,0.0,0.0,4.6613461535116585e-08,3.958054772823516e-09,3.6725213981014804e-09,0.0,0.0
2021-07-30_02h22m33s_C23H48NO7P_+Cl_+HCl_33,2021-07-30_02h22m33s,Lyso PC 15:0,C23H48NO7P,+Cl,+HCl,33,1.0324922432427837,1.3054027016371947,0.05084745762711865,0.05084745762711865,0.04212926910668595,0.046970789758384424,0.03924730230168152,0.03924730230168152,1.0303962655560237,189,3.1038882732391357,0.7223684787750244,549.3882446289062,13.564377784729004,2.8675639629364014,2.3767247200012207,2.3815197944641113,1.30277543987301,1.0820355806400932,1.1790833696068148e-06,1.4196882602846017e-07,0.00020869776199106127,5.188919658394298e-06,1.2192011809020187e-06,1.0335318165743956e-06,1.0371145435783546e-06,0.0011778617920119938,0.0011776475802862433
2021-07-30_02h22m33s_C23H48NO7P_+Cl_+HCl_40,2021-07-30_02h22m33s,Lyso PE 18:0,C23H48NO7P,+Cl,+HCl,40,1.0324922432427837,1.2440993714760793,0.05084745762711865,0.05084745762711865,0.04212926910668595,0.046970789758384424,0.03924730230168152,0.03924730230168152,1.0340088423553773,189,2.9581258296966553,0.5850334167480469,523.5882568359375,12.857375144958496,2.8683390617370605,2.3767247200012207,2.3730924129486084,1.246002815038982,1.0309432820762021,1.2410379213179112e-06,2.098638560710242e-07,0.00021966372150927782,5.420827619673219e-06,1.2188717164463014e-06,1.0335318165743956e-06,1.031174065246887e-06,0.0012397595134604877,0.0012395270967978556
2021-07-30_02h22m33s_C23H48NO7P_[M]-__33,2021-07-30_02h22m33s,Lyso PC 15:0,C23H48NO7P,[M]-,,33,0.0,0.0,0.0,0.0,0.0030259205695850485,0.006581319870176704,0.0009391002356610025,0.0009391002356610025,0.0,3,0.0,-0.07618143409490585,0.0,0.0,11.326848983764648,0.07561011612415314,0.07618143409490585,0.0,0.0,0.0,-3.977353912887338e-08,0.0,0.0,4.614126282831421e-06,3.937248393981463e-08,3.977353912887338e-08,0.0,0.0
2021-07-30_02h22m33s_C23H48NO7P_[M]-__40,2021-07-30_02h22m33s,Lyso PE 18:0,C23H48NO7P,[M]-,,40,53.71288394940118,19944.902847633923,0.5875706214689266,0.4180790960451977,0.0030259205695850485,0.0034559442240653924,0.0009391002356610025,0.0009391002356610025,58.438509356722456,3,1527.9813232421875,1527.977294921875,270452.6875,3096.954833984375,3.199287176132202,0.07561011612415314,0.004010496195405722,304956.08890856773,477.4513158187487,0.000644383137114346,0.000644381158053875,0.1140558123588562,0.0012246728874742985,1.1865569149449584e-06,3.937248393981463e-08,1.9645003401791428e-09,0.6443818712259408,0.6436194460100897
2021-07-30_02h22m33s_C23H48NO7P_[M]-_-H2O_33,2021-07-30_02h22m33s,Lyso PC 15:0,C23H48NO7P,[M]-,-H2O,33,0.0,0.0,0.0,0.0,0.003359661808877517,0.0033958408462555593,0.003348866878111877,0.003348866878111877,0.0,71,0.0,-0.19194884598255157,0.0,0.0,0.19941312074661255,0.19027318060398102,0.19194884598255157,0.0,0.0,0.0,-8.250415817201429e-08,0.0,0.0,8.443391408263778e-08,8.169918430667167e-08,8.250415817201429e-08,0.0,0.0
2021-07-30_02h22m33s_C23H48NO7P_[M]-_-H2O_40,2021-07-30_02h22m33s,Lyso PE 18:0,C23H48NO7P,[M]-,-H2O,40,1.2697072116408914,5.026227436811304,0.01694915254237288,0.01694915254237288,0.003359661808877517,0.00330568577954081,0.003348866878111877,0.003348866878111877,1.2754448761461565,71,0.9613825082778931,0.7746213674545288,170.16470336914062,7.397434234619141,0.1942993700504303,0.19027318060398102,0.18676115572452545,5.120241748449766,4.922609366480007,4.061654976794671e-07,3.2637473168506403e-07,7.189129246398807e-05,3.2784114409878384e-06,8.227346626199505e-08,8.169918430667167e-08,7.979078020525776e-08,0.00040613309200318896,0.00040613208378517386
2021-07-30_02h22m33s_C23H48NO7P_[M]-_-NH3_33,2021-07-30_02h22m33s,Lyso PC 15:0,C23H48NO7P,[M]-,-NH3,33,0.0,0.0,0.0,0.0,0.003281788853042608,0.005589614136314461,0.001931357088434892,0.001931357088434892,0.0,2,0.0,-0.21349389851093292,0.0,0.0,11.346229553222656,0.20823949575424194,0.21349389851093292,0.0,0.0,0.0,-9.510436171922265e-08,0.0,0.0,3.995534370915266e-06,9.276369183908173e-08,9.510436171922265e-08,0.0,0.0
2021-07-30_02h22m33s_C23H48NO7P_[M]-_-NH3_40,2021-07-30_02h22m33s,Lyso PE 18:0,C23H48NO7P,[M]-,-NH3,40,0.0,0.0,0.0,0.0,0.003281788853042608,0.005589614136314461,0.001931357088434892,0.001931357088434892,0.0,2,0.0,-0.2135443240404129,0.0,0.0,11.346229553222656,0.20823949575424194,0.2135443240404129,0.0,0.0,0.0,-9.512682908052739e-08,0.0,0.0,3.995534370915266e-06,9.276369183908173e-08,9.512682908052739e-08,0.0,0.0
2021-07-30_02h22m33s_C23H48NO7P_[M]-_-H3PO4_33,2021-07-30_02h22m33s,Lyso PC 15:0,C23H48NO7P,[M]-,-H3PO4,33,0.0,0.0,0.0,0.0,7.787295583490934e-05,0.00015025844452458227,3.5437744741924624e-05,3.5437744741924624e-05,0.0,1,0.0,-0.0019424759084358811,0.0,0.0,0.017123805359005928,0.0018946686759591103,0.0019424759084358811,0.0,0.0,0.0,-7.955976988327507e-10,0.0,0.0,6.341628111528053e-09,7.760168618808905e-10,7.955976988327507e-10,0.0,0.0
2021-07-30_02h22m33s_C23H48NO7P_[M]-_-H3PO4_40,2021-07-30_02h22m33s,Lyso PE 18:0,C23H48NO7P,[M]-,-H3PO4,40,0.0,0.0,0.0,0.0,7.787295583490934e-05,0.00015025844452458227,3.5437744741924624e-05,3.5437744741924624e-05,0.0,1,0.0,-0.0009258279460482299,0.0,0.0,0.017123805359005928,0.0018946686759591103,0.0009258279460482299,0.0,0.0,0.0,-4.04719729951708e-10,0.0,0.0,6.341628111528053e-09,7.760168618808905e-10,4.04719729951708e-10,0.0,0.0
2021-07-30_02h22m33s_C23H48NO7P_-H_-H3PO4_33,2021-07-30_02h22m33s,Lyso PC 15:0,C23H48NO7P,-H,-H3PO4,33,0.0,0.0,0.0,0.0,0.00011124707976415619,0.0002103618223344152,5.315661711288694e-05,5.315661711288694e-05,0.0,4,0.0,-0.002931345719844103,0.0,0.0,0.012753230519592762,0.002859200816601515,0.002931345719844103,0.0,0.0,0.0,-1.2940172267050798e-09,0.0,0.0,6.4991976245210026e-09,1.262169480042985e-09,1.2940172267050798e-09,0.0,0.0
2021-07-30_02h22m33s_C23H48NO7P_-H_-H3PO4_40,2021-07-30_02h22m33s,Lyso PE 18:0,C23H48NO7P,-H,-H3PO4,40,0.0,0.0,0.0,0.0,0.00011124707976415619,0.0002103618223344152,5.315661711288694e-05,5.315661711288694e-05,0.0,4,0.0,-0.0029320381581783295,0.0,0.0,0.012753230519592762,0.002859200816601515,0.0029320381581783295,0.0,0.0,0.0,-1.294322871103759e-09,0.0,0.0,6.4991980686102124e-09,1.262169480042985e-09,1.294322871103759e-09,0.0,0.0
2021-07-30_02h22m33s_C23H48NO7P_-H_+H2_33,2021-07-30_02h22m33s,Lyso PC 15:0,C23H48NO7P,-H,+H2,33,0.5382668051127384,10.332730037733747,0.005649717514124294,0.005649717514124294,0.0007342307264434309,0.0011119124894819088,0.0004961284263869447,0.0004961284263869447,0.5442109080239276,20,0.3086739778518677,0.28693124651908875,54.63529586791992,4.095023155212402,0.07392291724681854,0.028873419389128685,0.02174273505806923,13.57242112981256,4.1198873348057585,1.7648940797698742e-07,1.6599720709109533e-07,3.123862552456558e-05,2.3413970211549895e-06,3.714299623425177e-08,1.3749733795975771e-08,1.0492206214962607e-08,0.00017648755623315304,0.00017648285287504768
2021-07-30_02h22m33s_C23H48NO7P_-H_+H2_40,2021-07-30_02h22m33s,Lyso PE 18:0,C23H48NO7P,-H,+H2,40,0.5382668051127384,9.852138546167561,0.005649717514124294,0.005649717514124294,0.0007342307264434309,0.0011119124894819088,0.0004961284263869447,0.0004961284263869447,0.537619440459636,20,0.2943170666694641,0.26470810174942017,52.094120025634766,3.904557466506958,0.07399928569793701,0.028873419389128685,0.029608961194753647,9.615388931262059,3.924264930399995,1.2100409207960183e-07,1.0690408913660576e-07,2.1417725292849354e-05,1.6053008948802017e-06,3.7438127264977084e-08,1.3749733795975771e-08,1.410000471935291e-08,0.00012100238594538895,0.00012099956208259757
2021-07-30_02h22m33s_C23H48NO7P_[M]-_-CH2O3_33,2021-07-30_02h22m33s,Lyso PC 15:0,C23H48NO7P,[M]-,-CH2O3,33,0.0,0.0,0.0,0.0,0.0009122260540660807,0.000991705733862243,0.0008682247461771533,0.0008682247461771533,0.0,21,0.0,-0.04960519075393677,0.0,0.0,0.05795379355549812,0.04838433489203453,0.04960519075393677,0.0,0.0,0.0,-2.251684527720954e-08,0.0,0.0,2.3998168785510643e-08,2.1962671681308166e-08,2.251684527720954e-08,0.0,0.0
2021-07-30_02h22m33s_C23H48NO7P_[M]-_-CH2O3_40,2021-07-30_02h22m33s,Lyso PE 18:0,C23H48NO7P,[M]-,-CH2O3,40,0.0,0.0,0.0,0.0,0.0009122260540660807,0.000991705733862243,0.0008682247461771533,0.0008682247461771533,0.0,21,0.0,-0.046686869114637375,0.0,0.0,0.05795379355549812,0.04838433489203453,0.046686869114637375,0.0,0.0,0.0,-2.119542408252073e-08,0.0,0.0,2.3998168785510643e-08,2.1962671681308166e-08,2.119542408252073e-08,0.0,0.0
2021-07-30_02h22m33s_C23H48NO7P_+Cl_-CH2O3_33,2021-07-30_02h22m33s,Lyso PC 15:0,C23H48NO7P,+Cl,-CH2O3,33,0.5319804250206597,8.163998942877301,0.005649717514124294,0.005649717514124294,0.0007564801423962621,0.0009616540449573266,0.0006201605329836809,0.0006201605329836809,0.5311977347091518,25,0.29733023047447205,0.2610168159008026,52.6274528503418,3.944531202316284,0.059709761291742325,0.035419680178165436,0.03631340712308884,7.9684556677883664,4.897568762388044,1.1488044293628263e-07,9.837823711222882e-08,2.0333838619990274e-05,1.5240611901390366e-06,2.5818891913331754e-08,1.6096063149007023e-08,1.6502205824053817e-08,0.00011487854718685219,0.00011487747692712257
2021-07-30_02h22m33s_C23H48NO7P_+Cl_-CH2O3_40,2021-07-30_02h22m33s,Lyso PE 18:0,C23H48NO7P,+Cl,-CH2O3,40,0.0,0.0,0.0,0.0,0.0007564801423962621,0.000991705733862243,0.0006201605329836809,0.0006201605329836809,0.0,25,0.0,-0.035334374755620956,0.0,0.0,0.06129130348563194,0.035419680178165436,0.035334374755620956,0.0,0.0,0.0,-1.609909716648872e-08,0.0,0.0,2.64299568897286e-08,1.6096063149007023e-08,1.609909716648872e-08,0.0,0.0
2021-07-30_02h22m33s_C23H48NO7P_[M]-_-HPO3_33,2021-07-30_02h22m33s,Lyso PC 15:0,C23H48NO7P,[M]-,-HPO3,33,0.0,0.0,0.0,0.0,2.2249415952831237e-05,0.0,3.5437744741924624e-05,3.5437744741924624e-05,0.0,0,0.0,-0.0019653434865176678,0.0,0.0,0.0,0.0019169735023751855,0.0019653434865176678,0.0,0.0,0.0,-7.861794548702505e-10,0.0,0.0,0.0,7.668303769747808e-10,7.861794548702505e-10,0.0,0.0
2021-07-30_02h22m33s_C23H48NO7P_[M]-_-HPO3_40,2021-07-30_02h22m33s,Lyso PE 18:0,C23H48NO7P,[M]-,-HPO3,40,0.0,0.0,0.0,0.0,2.2249415952831237e-05,0.0,3.5437744741924624e-05,3.5437744741924624e-05,0.0,0,0.0,-0.0019658077508211136,0.0,0.0,0.0,0.0019169735023751855,0.0019658077508211136,0.0,0.0,0.0,-7.863651396711191e-10,0.0,0.0,0.0,7.668303769747808e-10,7.863651396711191e-10,0.0,0.0
2021-07-30_02h22m33s_C23H48NO7P_-H_-HPO3_33,2021-07-30_02h22m33s,Lyso PC 15:0,C23H48NO7P,-H,-HPO3,33,0.0,0.0,0.0,0.0,2.2249415952831237e-05,3.0051688904916458e-05,1.7718872370962312e-05,1.7718872370962312e-05,0.0,1,0.0,-0.0009288863511756063,0.0,0.0,0.0017730495892465115,0.0009060250595211983,0.0009288863511756063,0.0,0.0,0.0,-3.9551648067792655e-10,0.0,0.0,6.92247315026151e-10,3.857822394870425e-10,3.9551648067792655e-10,0.0,0.0
2021-07-30_02h22m33s_C23H48NO7P_-H_-HPO3_40,2021-07-30_02h22m33s,Lyso PE 18:0,C23H48NO7P,-H,-HPO3,40,0.0,0.0,0.0,0.0,2.2249415952831237e-05,3.0051688904916458e-05,1.7718872370962312e-05,1.7718872370962312e-05,0.0,1,0.0,-0.0009291057358495891,0.0,0.0,0.0017730495892465115,0.0009060250595211983,0.0009291057358495891,0.0,0.0,0.0,-3.9560990594544876e-10,0.0,0.0,6.92247315026151e-10,3.857822394870425e-10,3.9560990594544876e-10,0.0,0.0
2021-07-30_02h22m33s_C23H48NO7P_-H_-CO2_33,2021-07-30_02h22m33s,Lyso PC 15:0,C23H48NO7P,-H,-CO2,33,0.0,0.0,0.0,0.0,0.0006452330626321059,0.001322274311816324,0.00024806421319347236,0.00024806421319347236,0.0,14,0.0,-0.014048916287720203,0.0,0.0,0.08601005375385284,0.013703149743378162,0.014048916287720203,0.0,0.0,0.0,-6.4745111494346475e-09,0.0,0.0,3.566258754972296e-08,6.315163947334668e-09,6.4745111494346475e-09,0.0,0.0
2021-07-30_02h22m33s_C23H48NO7P_-H_-CO2_40,2021-07-30_02h22m33s,Lyso PE 18:0,C23H48NO7P,-H,-CO2,40,0.0,0.0,0.0,0.0,0.0006452330626321059,0.001322274311816324,0.00024806421319347236,0.00024806421319347236,0.0,14,0.0,-0.01301759947091341,0.0,0.0,0.08601005375385284,0.013703149743378162,0.01301759947091341,0.0,0.0,0.0,-6.116617434770433e-09,0.0,0.0,3.566258754972296e-08,6.315163947334668e-09,6.116617434770433e-09,0.0,0.0
2021-07-30_02h22m33s_C81H150O17P2_[M]-_-H2_30,2021-07-30_02h22m33s,Cardiolipin 18:1,C81H150O17P2,[M]-,-H2,30,68.9417644850416,5455.410654408299,0.7627118644067796,0.7627118644067796,0.00403826899543887,0.005048683736025965,0.0010631323422577387,0.0010631323422577387,71.46649775709052,77,345.06695556640625,345.02935791015625,61076.8515625,373.2425231933594,0.32199326157569885,0.062252242118120193,0.03759490326046944,8940.738968501022,1068.3410356086765,0.0001379011373501271,0.00013788581418339163,0.024408500641584396,0.00014230774831958115,1.3379656138567952e-07,2.873354887356072e-08,1.532613858046261e-08,0.13789902389057684,0.13788268912044818
2021-07-30_02h22m33s_C81H150O17P2_-H_+H2_30,2021-07-30_02h22m33s,Cardiolipin 18:1,C81H150O17P2,-H,+H2,30,74.12224092439307,22756.188865274424,0.8870056497175142,0.7796610169491526,0.003003671153632217,6.0103377809832915e-05,0.0019667948331768166,0.0019667948331768166,88.70056497175142,1,11732.927734375,11732.927734375,2076728.25,13228.97265625,0.013223687186837196,0.5145928263664246,0.0,11732927.734375,824886.513620239,0.00459772115573287,0.00459772115573287,0.8137966394424438,0.005042627453804016,7.305875460161815e-09,2.7204146135773044e-07,0.0,4.59772115573287,4.597687565600111
2021-07-30_02h22m33s_C81H150O17P2_+Cl__30,2021-07-30_02h22m33s,Cardiolipin 18:1,C81H150O17P2,+Cl,,30,34.01122205896369,342.28779041636466,0.4576271186440678,0.4576271186440678,0.006975191901212593,0.010548142805625675,0.003455180112337651,0.003455180112337651,34.20317576502516,130,73.17881774902344,72.97019958496094,12952.6513671875,89.3253173828125,0.7127836346626282,0.2127932459115982,0.20862174034118652,349.0993712289357,102.5224090261072,2.866566865122877e-05,2.8576081604114734e-05,0.0050738235004246235,3.505440690787509e-05,2.972515176224988e-07,9.212198648356207e-08,8.958628683330971e-08,0.028663100830456242,0.02865715026982033
2021-07-30_02h22m33s_C81H150O17P2_-H_+HCl_30,2021-07-30_02h22m33s,Cardiolipin 18:1,C81H150O17P2,-H,+HCl,30,34.01122205896369,342.28779041636466,0.4576271186440678,0.4576271186440678,0.006975191901212593,0.010548142805625675,0.003455180112337651,0.003455180112337651,34.20317576502516,130,73.17881774902344,72.97019958496094,12952.6513671875,89.3253173828125,0.7127836346626282,0.2127932459115982,0.20862174034118652,349.0993712289357,102.5224090261072,2.866566865122877e-05,2.8576081604114734e-05,0.0050738235004246235,3.505440690787509e-05,2.972515176224988e-07,9.212198648356207e-08,8.958628683330971e-08,0.028663100830456242,0.02865715026982033
2021-07-30_02h22m33s_C81H150O17P2_[M]-_+HCl_30,2021-07-30_02h22m33s,Cardiolipin 18:1,C81H150O17P2,[M]-,+HCl,30,36.887098878181085,829.8191366689044,0.4067796610169492,0.4067796610169492,0.0030815441094671266,0.004417598269022719,0.0010276945975158142,0.0010276945975158142,36.860325420380015,69,51.813228607177734,51.75135803222656,9170.94140625,68.4648208618164,0.2950090765953064,0.06143918260931969,0.06187192723155022,824.1075292054505,175.03932380430018,2.0196470359223895e-05,2.0169678464299068e-05,0.0035747752990573645,2.6737274311017245e-05,1.228604844527581e-07,2.6512285700164284e-08,2.6791198592945875e-08,0.020195929286071623,0.020193989315913506
2021-07-30_02h22m33s_C81H150O17P2_+Cl_-H2_30,2021-07-30_02h22m33s,Cardiolipin 18:1,C81H150O17P2,+Cl,-H2,30,15.680642766585326,122.87919598601955,0.24293785310734464,0.24293785310734464,0.00853265101791078,0.012441399206635412,0.0054928504349983165,0.0054928504349983165,15.686143891315437,134,41.37886047363281,41.04292297363281,7324.05859375,79.25503540039062,0.8241736888885498,0.3357442319393158,0.3359384536743164,122.80836462088557,50.145637252888164,1.643122232053429e-05,1.6287494872813113e-05,0.0029083264525979757,3.142193236271851e-05,3.4488829214751604e-07,1.4384232827069354e-07,1.4372788825767202e-07,0.016428861035031245,0.016425557338116376
2021-07-30_02h22m33s_C81H150O17P2_-H__30,2021-07-30_02h22m33s,Cardiolipin 18:1,C81H150O17P2,-H,,30,74.81591244108287,21561.74530674509,0.8926553672316384,0.807909604519774,0.002981421737679386,3.0051688904916458e-05,0.001931357088434892,0.001931357088434892,89.26553672316385,1,27195.59375,27195.59375,4813620.0,30330.03125,0.0157167986035347,1.2602890729904175,0.0,27195593.75,1626842.2199122265,0.01068140659481287,0.01068140659481287,1.8906090259552002,0.011553363874554634,8.298331799494463e-09,6.578454190275806e-07,0.0,10.68140659481287,10.681317957692402
2021-07-30_02h22m33s_C81H150O17P2_[M]-_+H2_30,2021-07-30_02h22m33s,Cardiolipin 18:1,C81H150O17P2,[M]-,+H2,30,14.843969674306777,3936.3396747522365,0.1807909604519774,0.1638418079096045,0.002859049949938814,0.0030652722683014787,0.002179421301628364,0.002179421301628364,16.882719111690125,1,639.4945068359375,639.4505615234375,113190.53125,2286.736328125,0.19373655319213867,0.16145917773246765,0.04392734169960022,14233.971622710718,3283.895582792688,0.0002576802799012512,0.00025766142061911523,0.045609407126903534,0.0008877934888005257,8.219237201956275e-08,8.092182923746805e-08,1.8849707572599073e-08,0.25767542279488287,0.25765910228846167
2021-07-30_02h22m33s_C81H150O17P2_+Cl_+H2_30,2021-07-30_02h22m33s,Cardiolipin 18:1,C81H150O17P2,+Cl,+H2,30,27.583550018501047,472.97532909134287,0.3672316384180791,0.3672316384180791,0.006719323617755034,0.010578194494530593,0.0033134291333699523,0.0033134291333699523,27.786613350297632,131,95.43962097167969,95.24579620361328,16892.8125,141.95437622070312,0.7397415637969971,0.20078562200069427,0.19382289052009583,489.8788880346438,128.84334515058381,3.7971327401464805e-05,3.788757021538913e-05,0.006720924749970436,5.5975808209041134e-05,3.019331131781655e-07,8.696458309032096e-08,8.375892690537512e-08,0.03796814723019622,0.0379598660609292
2021-07-30_02h22m33s_C81H150O17P2_-H_-H2O_30,2021-07-30_02h22m33s,Cardiolipin 18:1,C81H150O17P2,-H,-H2O,30,25.07592510204322,119.16458206366778,0.3898305084745763,0.3898305084745763,0.009177884080542886,0.01331289818487799,0.005546007052111204,0.005546007052111204,25.023994907445392,151,41.16379928588867,40.817813873291016,7285.9921875,56.82415771484375,0.9025675654411316,0.34443652629852295,0.3459865152835846,118.63227379959243,45.55696868755139,1.658555083849933e-05,1.6440588296973146e-05,0.002935642609372735,2.2973757950239815e-05,3.781743771469337e-07,1.4470748510575504e-07,1.449629394301155e-07,0.01658314689678017,0.01657928097924146
2021-07-30_02h22m33s_C81H150O17P2_-H_-CH2O3_30,2021-07-30_02h22m33s,Cardiolipin 18:1,C81H150O17P2,-H,-CH2O3,30,0.4413986009173038,1.8815590857913451,0.005649717514124294,0.005649717514124294,0.0072755590165758145,0.014875586007933646,0.0027995818346120455,0.0027995818346120455,0.4408197396892755,145,0.32489198446273804,0.15186111629009247,57.505882263183594,4.310178756713867,1.0822199583053589,0.17167168855667114,0.17303086817264557,1.8668641251644635,0.2999316823621074,1.8577370042294206e-07,1.133845373146869e-07,3.288194420747459e-05,2.464566705384641e-06,4.502097112890624e-07,7.209314389911015e-08,7.238916310825516e-08,0.0001857602533936601,0.00018569010093621034
2021-07-30_02h22m33s_C81H150O17P2_+Cl_-H3PO4_30,2021-07-30_02h22m33s,Cardiolipin 18:1,C81H150O17P2,+Cl,-H3PO4,30,0.4413986009173038,1.8815590857913451,0.005649717514124294,0.005649717514124294,0.0072755590165758145,0.014875586007933646,0.0027995818346120455,0.0027995818346120455,0.4408197396892755,145,0.32489198446273804,0.15186111629009247,57.505882263183594,4.310178756713867,1.0822199583053589,0.17167168855667114,0.17303086817264557,1.8668641251644635,0.2999316823621074,1.8577370042294206e-07,1.133845373146869e-07,3.288194420747459e-05,2.464566705384641e-06,4.502097112890624e-07,7.209314389911015e-08,7.238916310825516e-08,0.0001857602533936601,0.00018569010093621034
2021-07-30_02h22m33s_C81H150O17P2_[M]-_-H2O_30,2021-07-30_02h22m33s,Cardiolipin 18:1,C81H150O17P2,[M]-,-H2O,30,35.407027064035375,585.6278852391168,0.3898305084745763,0.3898305084745763,0.0030481699855378795,0.004447649957927635,0.0010099757251448517,0.0010099757251448517,35.38273609944472,82,35.49782180786133,35.437686920166016,6283.1142578125,48.22840881347656,0.28825193643569946,0.05961497873067856,0.0601358525454998,580.6383706098218,122.7228493101289,1.423066987626953e-05,1.420598982804222e-05,0.0025188284926116467,1.9988130588899367e-05,1.2330664844739658e-07,2.445759150759841e-08,2.4679852828057847e-08,0.014230318674098958,0.014228915356405891
2021-07-30_02h22m33s_C81H150O17P2_+Cl_-CH2O2_30,2021-07-30_02h22m33s,Cardiolipin 18:1,C81H150O17P2,+Cl,-CH2O2,30,1.3491145576636991,3.80279540836179,0.022598870056497175,0.022598870056497175,0.010468350205807098,0.01670873903113355,0.006750890373336641,0.006750890373336641,1.3469744014288427,162,1.6450648307800293,1.2122386693954468,291.1764831542969,11.273641586303711,1.1709553003311157,0.43159356713294983,0.4328261911869049,3.791990581018857,1.403692470451087,6.548532951455854e-07,4.71329315132607e-07,0.00011590903159230947,4.355919372756034e-06,4.861373668063607e-07,1.8283130032159534e-07,1.835239658021237e-07,0.0006547331359239386,0.0006545351011750178
2021-07-30_02h22m33s_C81H150O17P2_[M]-_-HPO3_30,2021-07-30_02h22m33s,Cardiolipin 18:1,C81H150O17P2,[M]-,-HPO3,30,0.5034231292050977,4.239419242992931,0.005649717514124294,0.005649717514124294,0.0024585604627878517,0.004537805024642385,0.0012226021935963995,0.0012226021935963995,0.5028417617689505,80,0.31585246324539185,0.24145102500915527,55.9058837890625,4.190256595611572,0.30154645442962646,0.07350371032953262,0.07440143078565598,4.1889452223163675,1.0439800520579574,1.324495002563708e-07,1.00474792930072e-07,2.3443561076419428e-05,1.7571411490280298e-06,1.2647024050238542e-07,3.159263073371221e-08,3.197471087901249e-08,0.00013244526535730373,0.00013243275145444398
2021-07-30_02h22m33s_C81H150O17P2_[M]-_-CH2O3_30,2021-07-30_02h22m33s,Cardiolipin 18:1,C81H150O17P2,[M]-,-CH2O3,30,0.0,0.0,0.0,0.0,0.0022026921793302924,0.0047782185358817165,0.0006910360224675301,0.0006910360224675301,0.0,67,0.0,-0.04062570258975029,0.0,0.0,0.3297536373138428,0.04060283675789833,0.04062570258975029,0.0,0.0,0.0,-1.694780493721737e-08,0.0,0.0,1.3545218280341942e-07,1.6995302942746093e-08,1.694780493721737e-08,0.0,0.0
2021-07-30_02h22m33s_C81H150O17P2_-H_-H3PO4_30,2021-07-30_02h22m33s,Cardiolipin 18:1,C81H150O17P2,-H,-H3PO4,30,2.807752974254511,18.60651547688917,0.03389830508474576,0.03389830508474576,0.007342307264434309,0.016137756941940137,0.0020731080674025906,0.0020731080674025906,2.803927587493775,152,2.457627058029175,2.325765609741211,435.0,13.284785270690918,1.1673578023910522,0.13108421862125397,0.13186153769493103,18.497656286894976,2.1034883774470665,9.789667956283665e-07,9.21116509289277e-07,0.00017327711975667626,5.315450835041702e-06,4.973455247636593e-07,5.760012555811045e-08,5.78503041026579e-08,0.0009789101653776102,0.00097848015290325
2021-07-30_02h22m33s_C81H150O17P2_+Cl_-CO2_30,2021-07-30_02h22m33s,Cardiolipin 18:1,C81H150O17P2,+Cl,-CO2,30,0.5795379869400888,1.2533503727060717,0.011299435028248588,0.011299435028248588,0.01231505172989209,0.017099410986897462,0.0094973155908358,0.0094973155908358,0.5782902373921617,157,0.7458956241607666,0.14845311641693115,132.02352905273438,6.977214813232422,1.1594573259353638,0.5941213965415955,0.5974425077438354,1.2463947906589028,0.6427600632014212,3.107067527707841e-07,5.509679112947197e-08,5.499509279616177e-05,2.9080126751068747e-06,4.895488245892921e-07,2.546894677379896e-07,2.556099616413121e-07,0.00031062735332491593,0.00031055472107211255
2021-07-30_02h22m33s_C81H150O17P2_[M]-_-CH2O2_30,2021-07-30_02h22m33s,Cardiolipin 18:1,C81H150O17P2,[M]-,-CH2O2,30,0.46933645486941256,2.4076935970974653,0.005649717514124294,0.005649717514124294,0.0028924240738680608,0.00432744320230797,0.002037670322660666,0.002037670322660666,0.46802469088557314,75,0.30309075117111206,0.17606142163276672,53.64706039428711,4.0209527015686035,0.28057101368904114,0.12488427013158798,0.12702932953834534,2.3673540450771093,1.0764273893115883,1.114661927203997e-07,5.758013799095352e-08,1.9729515770450234e-05,1.4787663076276658e-06,1.1710702096934256e-07,5.290126736667844e-08,5.3886054729446187e-08,0.000111460186570686,0.00011145314077510585
2021-07-30_02h22m33s_C81H150O17P2_[M]-_-CO2_30,2021-07-30_02h22m33s,Cardiolipin 18:1,C81H150O17P2,[M]-,-CO2,30,0.0,0.0,0.0,0.0,0.0032484147291133606,0.005349200625075129,0.0020199514502897034,0.0020199514502897034,0.0,96,0.0,-0.11893466860055923,0.0,0.0,0.35207852721214294,0.12033824622631073,0.11893466860055923,0.0,0.0,0.0,-4.996122981992812e-08,0.0,0.0,1.477185378462309e-07,5.04433081971456e-08,4.996122981992812e-08,0.0,0.0
2021-07-30_02h22m33s_C81H150O17P2_+Cl_-HPO3_30,2021-07-30_02h22m33s,Cardiolipin 18:1,C81H150O17P2,+Cl,-HPO3,30,2.1683865269915605,4.478937513598667,0.04519774011299435,0.04519774011299435,0.013572143731227055,0.018031013342949875,0.010843949891028935,0.010843949891028935,2.169893686150516,168,2.972726345062256,2.3112051486968994,526.1725463867188,14.02759838104248,1.2478779554367065,0.6627123951911926,0.6615211367607117,4.486990950352035,2.3803177341077784,1.1695559578583925e-06,8.850893209455535e-07,0.00020701141329482198,5.607578714261763e-06,5.30923614405765e-07,2.845691540187545e-07,2.844666084911296e-07,0.0011692233528566368,0.0011689353424813556
2021-07-30_02h22m33s_C81H150O17P2_[M]-_-H3PO4_30,2021-07-30_02h22m33s,Cardiolipin 18:1,C81H150O17P2,[M]-,-H3PO4,30,0.0,0.0,0.0,0.0,0.002347313383023696,0.004898425291501383,0.000850505873806191,0.000850505873806191,0.0,71,0.0,-0.05183553323149681,0.0,0.0,0.32148945331573486,0.05054784193634987,0.05183553323149681,0.0,0.0,0.0,-2.148206945662423e-08,0.0,0.0,1.3556774547396344e-07,2.094841278221793e-08,2.148206945662423e-08,0.0,0.0
2021-07-30_02h22m33s_C81H150O17P2_-H_-HPO3_30,2021-07-30_02h22m33s,Cardiolipin 18:1,C81H150O17P2,-H,-HPO3,30,0.7888791205626948,2.649231444546479,0.011299435028248588,0.011299435028248588,0.007531427300033374,0.012952277918018992,0.004323404858514804,0.004323404858514804,0.7868215433411285,140,0.7151656746864319,0.4437454342842102,126.58432006835938,6.767302989959717,0.9085559248924255,0.2689521312713623,0.2714202404022217,2.6252295851090492,0.7862800462445622,2.9983200988681347e-07,1.865714978066535e-07,5.307026731316e-05,2.807139026117511e-06,3.8966595639067236e-07,1.1215301753964013e-07,1.1326051918558733e-07,0.00029979805460349826,0.00029971522106855093
2021-07-30_02h22m33s_C81H150O17P2_-H_-CO2_30,2021-07-30_02h22m33s,Cardiolipin 18:1,C81H150O17P2,-H,-CO2,30,2.1683865269915605,4.478937513598667,0.04519774011299435,0.04519774011299435,0.013572143731227055,0.018031013342949875,0.010843949891028935,0.010843949891028935,2.169893686150516,168,2.972726345062256,2.3112051486968994,526.1725463867188,14.02759838104248,1.2478779554367065,0.6627123951911926,0.6615211367607117,4.486990950352035,2.3803177341077784,1.1695559578583925e-06,8.850893209455535e-07,0.00020701141329482198,5.607578714261763e-06,5.30923614405765e-07,2.845691540187545e-07,2.844666084911296e-07,0.0011692233528566368,0.0011689353424813556
2021-07-30_02h22m33s_C3H7NO2S_+Cl_+HCl_123,2021-07-30_02h22m33s,Cysteine,C3H7NO2S,+Cl,+HCl,123,0.0,0.0,0.0,0.0,0.005172989209033263,0.007753335737468446,0.0036678065807891984,0.0036678065807891984,0.0,5,0.0,-0.3133068084716797,0.0,0.0,4.085101127624512,0.3178607225418091,0.3133068084716797,0.0,0.0,0.0,-1.4039638074336835e-07,0.0,0.0,1.6406305576310842e-06,1.4161824424263614e-07,1.4039638074336835e-07,0.0,0.0
2021-07-30_02h22m33s_C3H7NO2S_-H__123,2021-07-30_02h22m33s,Cysteine,C3H7NO2S,-H,,123,14.821874615087442,1184.1175045781577,0.1694915254237288,0.12429378531073447,0.002224941595283124,0.0026746003125375645,0.0014352286620479473,0.0014352286620479473,14.845175621381259,2,163.6743621826172,163.53884887695312,28970.36328125,699.9600830078125,3.4077281951904297,0.13722476363182068,0.13550864160060883,1199.0036693903135,48.01625498141939,6.890480290167034e-05,6.883802416268736e-05,0.012196149677038193,0.00028998052584938705,1.4913904351487872e-06,6.741249336528199e-08,6.678087061118276e-08,0.06890020168621644,0.06880219197064805
2021-07-30_02h22m33s_C3H7NO2S_[M]-_+HCl_123,2021-07-30_02h22m33s,Cysteine,C3H7NO2S,[M]-,+HCl,123,1.3514332527099726,1.6853124766987333,0.05649717514124294,0.05649717514124294,0.0329068861942374,0.034649597307368676,0.03180537590587735,0.03180537590587735,1.3522613059770392,180,3.3920905590057373,1.381856918334961,600.4000244140625,14.266873359680176,3.833345651626587,2.0117368698120117,2.0102336406707764,1.6865721069951995,0.8846595657245355,1.4043250757822534e-06,5.558343332268123e-07,0.00024856554227881134,5.949041678832145e-06,1.544920792184712e-06,8.483381748192187e-07,8.484907425554411e-07,0.001403134529123732,0.0014021588514187507
2021-07-30_02h22m33s_C3H7NO2S_+Cl_+C12H14N2_123,2021-07-30_02h22m33s,Cysteine,C3H7NO2S,+Cl,+C12H14N2,123,1.2121741688293939,1.3909381155407377,0.3163841807909605,0.3163841807909605,0.2566136388919791,0.26580718836398604,0.2510055460070521,0.2510055460070521,1.2188853188637667,189,26.152652740478516,7.46241569519043,4629.01953125,43.08894348144531,21.27669906616211,18.80116844177246,18.690237045288086,1.399193251742072,1.2291109418907533,1.2019431778753642e-05,3.271344212407712e-06,0.002127439482137561,2.0188235794194043e-05,9.925411177391652e-06,8.789640560280532e-06,8.74808756634593e-06,0.011915196595565409,0.011901306418996966
2021-07-30_02h22m33s_C3H7NO2S_-H_+C12H14N2_123,2021-07-30_02h22m33s,Cysteine,C3H7NO2S,-H,+C12H14N2,123,1.096297976255571,1.6077352032293475,0.096045197740113,0.096045197740113,0.07013015908332407,0.05730857074167568,0.07760866098481492,0.07760866098481492,1.085757486135368,188,22.71297264099121,8.485692024230957,4020.196044921875,75.791259765625,9.496038436889648,14.126309394836426,14.227280616760254,1.5963258845370525,2.3915847863441817,9.459197826799937e-06,2.0803399820579216e-06,0.001674278057180345,3.163135625072755e-05,4.6784944061073475e-06,7.31334648662596e-06,7.378857844742015e-06,0.00938991100829495,0.009415149104382417
2021-07-30_02h22m33s_C3H7NO2S_[M]-_+C12H14N2_123,2021-07-30_02h22m33s,Cysteine,C3H7NO2S,[M]-,+C12H14N2,123,0.8529247056713061,1.0232475890483468,0.12429378531073447,0.12429378531073447,0.13882523083769052,0.14415795167688425,0.13572656236157132,0.13572656236157132,0.8478199972207788,189,14.884015083312988,0.2947063446044922,2634.470703125,41.1044807434082,15.435608863830566,14.544858932495117,14.589308738708496,1.0201302350666015,0.9642023850320937,6.578193278983235e-06,-6.521372597489972e-07,0.0011643401812762022,1.8871103748097084e-05,7.4879048952425364e-06,7.196572369139176e-06,7.2303305387322325e-06,0.006530972191300862,0.0065293024829585706
2021-07-30_02h22m33s_C3H7NO2S_+Cl_-H2_123,2021-07-30_02h22m33s,Cysteine,C3H7NO2S,+Cl,-H2,123,0.8279246665863734,1.6642839694643443,0.01694915254237288,0.01694915254237288,0.010323729002113695,0.010037264094242096,0.010471853571238726,0.010471853571238726,0.8311102687837941,159,1.0328348875045776,0.41805070638656616,182.811767578125,7.929802417755127,0.5848798155784607,0.6195881366729736,0.6147841811180115,1.6772676518408984,1.7628784266698483,4.905116384179564e-07,1.9423143271524168e-07,8.682056068209931e-05,4.101184913452016e-06,2.7079013875663804e-07,2.980733029289695e-07,2.9628020570271474e-07,0.0004903663525741461,0.000490378848661484
2021-07-30_02h22m33s_C3H7NO2S_[M]-_-H2O_123,2021-07-30_02h22m33s,Cysteine,C3H7NO2S,[M]-,-H2O,123,0.0,0.0,0.0,0.0,0.00013349649571698743,0.00024041351123933166,7.087548948384925e-05,7.087548948384925e-05,0.0,8,0.0,-0.0036810801830142736,0.0,0.0,0.013007787056267262,0.0035896352492272854,0.0036810801830142736,0.0,0.0,0.0,-1.889112422048811e-09,0.0,0.0,5.1195119254998644e-09,1.8421832947979055e-09,1.889112422048811e-09,0.0,0.0
2021-07-30_02h22m33s_C3H7NO2S_+Cl_-H2O_123,2021-07-30_02h22m33s,Cysteine,C3H7NO2S,+Cl,-H2O,123,1.5932830121989745,27.513292482785392,0.01694915254237288,0.01694915254237288,0.0007676048503726777,0.0009015506671474937,0.0006378794053546432,0.0006378794053546432,1.5935707015793823,22,0.9830508232116699,0.9484713077545166,174.0,7.48748254776001,0.052812837064266205,0.034730032086372375,0.03457949310541153,27.629702882477293,18.26796126800855,5.623861625281279e-07,5.459849603539624e-07,9.954234701581299e-05,4.338195594755234e-06,2.4001563403430737e-08,1.634607471601157e-08,1.6401191516024483e-08,0.0005623769388762492,0.0005623726647049596
2021-07-30_02h22m33s_C3H7NO2S_+Cl_-CO2_123,2021-07-30_02h22m33s,Cysteine,C3H7NO2S,+Cl,-CO2,123,0.0,0.0,0.0,0.0,0.0003337412392924686,0.0004207236446688304,0.000283501957935397,0.000283501957935397,0.0,12,0.0,-0.014589930884540081,0.0,0.0,0.024739021435379982,0.01600521430373192,0.014589930884540081,0.0,0.0,0.0,-6.599913060512108e-09,0.0,0.0,1.0182560572502553e-08,7.198104778893821e-09,6.599913060512108e-09,0.0,0.0
2021-07-30_02h22m33s_C3H7NO2S_-H_-H2_123,2021-07-30_02h22m33s,Cysteine,C3H7NO2S,-H,-H2,123,2.7328548549345424,142.98199762141883,0.02824858757062147,0.02824858757062147,0.000611858938702859,0.0009316023560524101,0.00033665857504828393,0.00033665857504828393,2.7353937132913746,10,2.760185956954956,2.742363929748535,488.55291748046875,17.953699111938477,0.12586036324501038,0.018304429948329926,0.017822029069066048,146.64656753140997,21.75767029473265,1.0765137403723202e-06,1.0675660178094404e-06,0.00019054292351938784,7.213004664663458e-06,5.2586706544843764e-08,9.035060699602582e-09,8.947736773734505e-09,0.0010765041080969251,0.001076457133036957
2021-07-30_02h22m33s_C3H7NO2S_[M]-_-NH3_123,2021-07-30_02h22m33s,Cysteine,C3H7NO2S,[M]-,-NH3,123,0.0,0.0,0.0,0.0,0.00014462120369340304,0.00018031013342949875,0.00012403210659673618,0.00012403210659673618,0.0,6,0.0,-0.007334868889302015,0.0,0.0,0.010045630857348442,0.007152657024562359,0.007334868889302015,0.0,0.0,0.0,-3.2583826747867306e-09,0.0,0.0,4.483320381609701e-09,3.1774383124627548e-09,3.2583826747867306e-09,0.0,0.0
2021-07-30_02h22m33s_C3H7NO2S_+Cl_-NH3_123,2021-07-30_02h22m33s,Cysteine,C3H7NO2S,+Cl,-NH3,123,0.0,0.0,0.0,0.0,0.0005673601067971966,0.0009316023560524101,0.00035437744741924625,0.00035437744741924625,0.0,27,0.0,-0.020701266825199127,0.0,0.0,0.05396576598286629,0.020187009125947952,0.020701266825199127,0.0,0.0,0.0,-8.635273829327161e-09,0.0,0.0,2.282707001199924e-08,8.420757424687508e-09,8.635273829327161e-09,0.0,0.0
2021-07-30_02h22m33s_C3H7NO2S_+Cl_+H2_123,2021-07-30_02h22m33s,Cysteine,C3H7NO2S,+Cl,+H2,123,0.534656517505295,8.804777690527446,0.005649717514124294,0.005649717514124294,0.0007898542663255089,0.0011419641783868254,0.000567003915870794,0.000567003915870794,0.5348451077489129,29,0.2977733612060547,0.26580512523651123,52.70588302612305,3.9504098892211914,0.06776078790426254,0.03281952068209648,0.03196824714541435,9.032125969350265,4.330569359104093,2.177982736384365e-07,2.0329545691311068e-07,3.8550293538719416e-05,2.889420557039557e-06,2.9687667435496223e-08,1.4975869433442313e-08,1.4502822054396347e-08,0.00021779511499463942,0.00021779180790767316
2021-07-30_02h22m33s_C3H7NO2S_-H_+H2_123,2021-07-30_02h22m33s,Cysteine,C3H7NO2S,-H,+H2,123,0.0,0.0,0.0,0.0,0.0024585604627878517,0.004267339824498137,0.0013997909173060227,0.0013997909173060227,0.0,97,0.0,-0.15204299986362457,0.0,0.0,0.4449629783630371,0.152335062623024,0.15204299986362457,0.0,0.0,0.0,-5.485985710151908e-08,0.0,0.0,1.6650801626383327e-07,5.483593312760604e-08,5.485985710151908e-08,0.0,0.0
2021-07-30_02h22m33s_C3H7NO2S_-H_-CO2_123,2021-07-30_02h22m33s,Cysteine,C3H7NO2S,-H,-CO2,123,0.0,0.0,0.0,0.0,4.4498831905662474e-05,3.0051688904916458e-05,5.315661711288694e-05,5.315661711288694e-05,0.0,1,0.0,-0.00349068408831954,0.0,0.0,0.0018401062116026878,0.00340396910905838,0.00349068408831954,0.0,0.0,0.0,-1.5347787485353592e-09,0.0,0.0,6.153330622815645e-10,1.4966520245351944e-09,1.5347787485353592e-09,0.0,0.0
2021-07-30_02h22m33s_C3H7NO2S_+Cl_-CH2O2_123,2021-07-30_02h22m33s,Cysteine,C3H7NO2S,+Cl,-CH2O2,123,0.0,0.0,0.0,0.0,0.0003003671153632217,0.000330568577954081,0.000283501957935397,0.000283501957935397,0.0,11,0.0,-0.014873101375997066,0.0,0.0,0.018438303843140602,0.015514226630330086,0.014873101375997066,0.0,0.0,0.0,-7.19274861893382e-09,0.0,0.0,6.736006863405919e-09,7.464015183700212e-09,7.19274861893382e-09,0.0,0.0
2021-07-30_02h22m33s_C3H7NO2S_[M]-_-CO2_123,2021-07-30_02h22m33s,Cysteine,C3H7NO2S,[M]-,-CO2,123,0.0,0.0,0.0,0.0,3.337412392924686e-05,3.0051688904916458e-05,3.5437744741924624e-05,3.5437744741924624e-05,0.0,1,0.0,-0.0019861157052218914,0.0,0.0,0.0017129462212324142,0.0019367769127711654,0.0019861157052218914,0.0,0.0,0.0,-7.028834181355137e-10,0.0,0.0,7.835289084212604e-10,6.85422496538024e-10,7.028834181355137e-10,0.0,0.0
2021-07-30_02h22m33s_C3H7NO2S_[M]-_+H2_123,2021-07-30_02h22m33s,Cysteine,C3H7NO2S,[M]-,+H2,123,0.5189919874743767,9.17822978664667,0.005649717514124294,0.005649717514124294,0.0018244521081321615,0.0033958408462555593,0.0008859436185481155,0.0008859436185481155,0.5196493747636509,85,1.0361803770065308,0.9300358891487122,183.4039306640625,13.746485710144043,0.34927886724472046,0.11189544945955276,0.1061445027589798,9.670868316383952,2.958158410060773,3.3907048191395006e-07,2.986198808230256e-07,6.001547444611788e-05,4.498278485698393e-06,1.2527141279861098e-07,4.24799466713921e-08,4.0450604643638144e-08,0.00033905676686272194,0.00033902801139598415
2021-07-30_02h22m33s_C3H7NO2S_-H_-H2O_123,2021-07-30_02h22m33s,Cysteine,C3H7NO2S,-H,-H2O,123,0.0,0.0,0.0,0.0,0.00014462120369340304,6.0103377809832915e-05,0.00019490759608058544,0.00019490759608058544,0.0,2,0.0,-0.011299476958811283,0.0,0.0,0.003253596369177103,0.011018775403499603,0.011299476958811283,0.0,0.0,0.0,-4.941885567433246e-09,0.0,0.0,1.379751202179591e-09,4.819120213994665e-09,4.941885567433246e-09,0.0,0.0
2021-07-30_02h22m33s_C3H7NO2S_-H_-NH3_123,2021-07-30_02h22m33s,Cysteine,C3H7NO2S,-H,-NH3,123,0.5561035759538043,31.1176365500297,0.005649717514124294,0.005649717514124294,0.0001223717877405718,3.0051688904916458e-05,0.0001594698513386608,0.0001594698513386608,0.5558812968442487,2,0.29425057768821716,0.2855790853500366,52.08235168457031,3.9036753177642822,0.0017129462212324142,0.00845607090741396,0.008671486750245094,30.424544362919203,108.46163310769481,1.4371435952398315e-07,1.3976740831367351e-07,2.543744267313741e-05,1.9065864762524143e-06,9.133482303802509e-10,3.848896312774741e-09,3.946945881239117e-09,0.00014371379229342258,0.00014371422826284707
2021-07-30_02h22m33s_C10H16N2O3S_-H__143,2021-07-30_02h22m33s,Biotin,C10H16N2O3S,-H,,143,78.94201816178612,8640.205674909923,0.9209039548022598,0.5819209039548022,0.005139615085104016,0.006160596225507874,0.0016655740028704573,0.0016655740028704573,86.28898122798557,3,3117.27197265625,3117.133544921875,551757.125,6386.26318359375,9.868943214416504,0.3597867786884308,0.1383621245622635,22368.143298960196,315.8348437205815,0.0012580999173223972,0.0012580319307744503,0.22268368303775787,0.0023515457287430763,3.816188836935908e-06,1.6952709813722322e-07,6.80083900306272e-08,1.2580143617910164,1.2533170228905008
2021-07-30_02h22m33s_C10H16N2O3S_-H_+H2_143,2021-07-30_02h22m33s,Biotin,C10H16N2O3S,-H,+H2,143,6.328247356080406,16.9256224444621,0.327683615819209,0.327683615819209,0.051396150851040164,0.06623392234643587,0.04178110105072913,0.04178110105072913,6.31570166298765,189,41.32004165649414,38.873626708984375,7313.6474609375,83.91057586669922,6.751795768737793,2.4402716159820557,2.446416139602661,16.88312869555664,6.118953256040427,1.7756108718458563e-05,1.6562940800213255e-05,0.0031428313814103603,3.560653203749098e-05,3.1383606255985796e-06,1.1889762845385121e-06,1.1931673498111195e-06,0.017734947957604948,0.01770055798422973
2021-07-30_02h22m33s_C10H16N2O3S_-H_+HCl_143,2021-07-30_02h22m33s,Biotin,C10H16N2O3S,-H,+HCl,143,11.34335164917715,109.55902150133497,0.22598870056497175,0.22598870056497175,0.01401713205028368,0.01983411467724486,0.009922568527738894,0.009922568527738894,11.302823842112902,180,180.5675506591797,178.8985137939453,31960.45703125,499.01690673828125,2.8957254886627197,1.6471303701400757,1.6690295934677124,108.12236583439365,62.335057762942924,6.953864067327231e-05,6.878348358441144e-05,0.012308339588344097,0.00018454065138939768,1.226354243044625e-06,7.432828397213598e-07,7.551557814622356e-07,0.06948616779193258,0.0694534661204014
2021-07-30_02h22m33s_C10H16N2O3S_+Cl__143,2021-07-30_02h22m33s,Biotin,C10H16N2O3S,+Cl,,143,11.34335164917715,109.55902150133497,0.22598870056497175,0.22598870056497175,0.01401713205028368,0.01983411467724486,0.009922568527738894,0.009922568527738894,11.302823842112902,180,180.5675506591797,178.8985137939453,31960.45703125,499.01690673828125,2.8957254886627197,1.6471303701400757,1.6690295934677124,108.12236583439365,62.335057762942924,6.953864067327231e-05,6.878348358441144e-05,0.012308339588344097,0.00018454065138939768,1.226354243044625e-06,7.432828397213598e-07,7.551557814622356e-07,0.06948616779193258,0.0694534661204014
2021-07-30_02h22m33s_C10H16N2O3S_[M]-_-CH2O2_143,2021-07-30_02h22m33s,Biotin,C10H16N2O3S,[M]-,-CH2O2,143,0.7232285466616579,0.8092128470947855,0.07344632768361582,0.0,0.08751807765046167,0.08074888808751052,0.09155341354076227,0.09155341354076227,0.7230291863651036,61,3.78065824508667,-0.8960394859313965,669.176513671875,14.294836044311523,7.423898696899414,4.671019554138184,4.676697731018066,0.8082305575276745,0.5091865087217212,1.8339022744839895e-06,-3.8297014270938234e-07,0.00032460069633089006,7.030590040812967e-06,3.0813384910288732e-06,2.2090962374932133e-06,2.216872417193372e-06,0.0018298457399354077,0.0018282687595831402
2021-07-30_02h22m33s_C10H16N2O3S_-H_-H2_143,2021-07-30_02h22m33s,Biotin,C10H16N2O3S,-H,-H2,143,7.99052230785534,38.59337781251892,0.3898305084745763,0.3898305084745763,0.057069751919012125,0.08630845053492006,0.0387866116200365,0.0387866116200365,7.995118890662481,181,93.77405548095703,91.35289001464844,16598.0078125,179.71275329589844,6.880136013031006,2.4287965297698975,2.4211668968200684,38.71494388106282,13.627699743672324,3.878738061757758e-05,3.7646357668563724e-05,0.0068653663620352745,6.980170292081311e-05,3.1829947602091124e-06,1.1416365168770426e-06,1.1410220395191573e-06,0.038743173802388134,0.03866431231407479
2021-07-30_02h22m33s_C10H16N2O3S_-H_-NH3_143,2021-07-30_02h22m33s,Biotin,C10H16N2O3S,-H,-NH3,143,1.7417457877980758,2.0490197438508653,0.11864406779661017,0.11864406779661017,0.06568027589275781,0.07822454621949754,0.05811790137675638,0.05811790137675638,1.746592457875802,189,7.622688293457031,3.9182798862457275,1349.2158203125,21.44877052307129,5.273770809173584,3.719163417816162,3.7044084072113037,2.0571789815724735,1.4451221805125791,3.4839567888411693e-06,1.7392349036526866e-06,0.0006166603416204453,9.971851795853581e-06,2.4476710223098053e-06,1.7487445802544244e-06,1.7447218851884827e-06,0.0034778888400676506,0.0034754500305119993
2021-07-30_02h22m33s_C10H16N2O3S_[M]-_+H2_143,2021-07-30_02h22m33s,Biotin,C10H16N2O3S,[M]-,+H2,143,1.8789499394194538,2.595673885759493,0.06779661016949153,0.06779661016949153,0.030859939926576926,0.03876667868734223,0.026082180130056525,0.026082180130056525,1.8764746533309997,188,4.143126010894775,2.546652317047119,733.3333129882812,15.497403144836426,2.4738197326660156,1.5951658487319946,1.5964736938476562,2.593548818269233,1.674112241876933,1.8070553551297053e-06,1.0236919933959143e-06,0.0003198487975168973,6.964488420635462e-06,1.183630615742004e-06,7.825913712622423e-07,7.83363361733791e-07,0.001805640882218127,0.0018049189977450398
2021-07-30_02h22m33s_C10H16N2O3S_-H_-H2O_143,2021-07-30_02h22m33s,Biotin,C10H16N2O3S,-H,-H2O,143,1.3229719006139822,2.1323994161899655,0.1638418079096045,0.1638418079096045,0.14255200800978973,0.19112874143526867,0.11384375498343285,0.11384375498343285,1.3199049401345369,189,16.266067504882812,8.610353469848633,2879.093994140625,40.46688461303711,15.896851539611816,7.627058506011963,7.655714511871338,2.1244187019985032,1.0231613664496446,6.880136879772181e-06,3.154790420012432e-06,0.0012177842436358333,1.6981775843305513e-05,7.476402970496565e-06,3.704059736264753e-06,3.7253464597597485e-06,0.0068546011157724724,0.006829079926325244
2021-07-30_02h22m33s_C10H16N2O3S_[M]-_-H2_143,2021-07-30_02h22m33s,Biotin,C10H16N2O3S,[M]-,-H2,143,1.9470374267833825,1.7447154327831147,0.15819209039548024,0.0,0.08851930136833908,0.11744200024041351,0.07124758580363946,0.07124758580363946,2.006251036619585,30,9.139514923095703,4.13961124420166,1617.6942138671875,22.226245880126953,14.060206413269043,5.237398624420166,4.999903678894043,1.8275726768480611,0.6499808518898549,3.985810963058611e-06,1.634821046536672e-06,0.0007054885500110686,9.935916750691831e-06,5.8751033975568134e-06,2.463784994688467e-06,2.3509899165219394e-06,0.003976462340193387,0.003962530685564926
2021-07-30_02h22m33s_C10H16N2O3S_[M]-_+HCl_143,2021-07-30_02h22m33s,Biotin,C10H16N2O3S,[M]-,+HCl,143,1.054619417392146,1.2308289538148416,0.3389830508474576,0.3389830508474576,0.3113138280120147,0.3109748767880755,0.3114269007920336,0.3114269007920336,1.053354411650609,189,37.383514404296875,6.983270645141602,6616.88232421875,57.53770065307617,29.969932556152344,30.371631622314453,30.400243759155273,1.2296705588908317,1.2473256991338728,1.6130788935697637e-05,1.0678750186343677e-06,0.0028551495634019375,2.5678340534796007e-05,1.4622828530264087e-05,1.5011064533609897e-05,1.506291391706327e-05,0.015891417876208232,0.01589831066492359
2021-07-30_02h22m33s_C10H16N2O3S_+Cl_-NH3_143,2021-07-30_02h22m33s,Biotin,C10H16N2O3S,+Cl,-NH3,143,0.3663420239032053,1.247512922572483,0.005649717514124294,0.005649717514124294,0.008510401601957948,0.013763673518451737,0.0054219749455144675,0.0054219749455144675,0.3643618576105402,152,0.39441677927970886,0.07463347911834717,69.811767578125,5.23253059387207,0.9526570439338684,0.3151624798774719,0.3197833001613617,1.2295427445297424,0.41358345936682434,1.800972597720829e-07,3.148139171571529e-08,3.1877214496489614e-05,2.389259861956816e-06,4.1990338672803773e-07,1.4644301415955852e-07,1.4861586805636762e-07,0.0001800704984386461,0.00018002166806397842
2021-07-30_02h22m33s_C10H16N2O3S_-H_+C12H14N2_143,2021-07-30_02h22m33s,Biotin,C10H16N2O3S,-H,+C12H14N2,143,3.9757796119393385,9.26214249342166,0.15254237288135594,0.15254237288135594,0.035632439648459226,0.047331410025243416,0.02836791466591066,0.02836791466591066,3.9931240132518018,189,15.915386199951172,14.206304550170898,2817.0234375,45.191036224365234,3.051023244857788,1.7173266410827637,1.7090814113616943,9.306800304482671,5.214700191673266,6.211408617673442e-06,5.430281817098148e-06,0.0010994193144142628,1.6660764231346548e-05,1.3548598190027406e-06,7.840164926165016e-07,7.811268005752936e-07,0.006206560506922093,0.006203004416232791
2021-07-30_02h22m33s_C10H16N2O3S_-H_-CO2_143,2021-07-30_02h22m33s,Biotin,C10H16N2O3S,-H,-CO2,143,1.0956570995338428,2.0229994917021474,0.13559322033898305,0.13559322033898305,0.11478473690065635,0.11642024281764635,0.11375516062157805,0.11375516062157805,1.0924950470790216,189,16.872272491455078,8.507298469543457,2986.392333984375,47.73696517944336,9.010238647460938,8.339225769042969,8.364974021911621,2.0167732349233107,1.872358856704912,7.198215371317929e-06,3.1220715754898265e-06,0.0012740840902552009,2.1265255782054737e-05,4.256996817275649e-06,4.055692443216685e-06,4.076143795828102e-06,0.007168993522847442,0.007167702484653579
2021-07-30_02h22m33s_C10H16N2O3S_+Cl_-H2O_143,2021-07-30_02h22m33s,Biotin,C10H16N2O3S,+Cl,-H2O,143,0.901446583366361,1.0590394129748206,0.20903954802259886,0.20903954802259886,0.22499721882300588,0.23034619545618465,0.22189343870156103,0.22189343870156103,0.9041715845087476,189,17.31804656982422,1.0282440185546875,3065.294189453125,35.62044143676758,17.652034759521484,16.351598739624023,16.28980255126953,1.0630566858398658,0.9810237619615751,6.5445201471447945e-06,-7.664702934562229e-07,0.0011583800660446286,1.3438393580145203e-05,7.789038136252202e-06,7.328571427933639e-06,7.310990440601017e-06,0.006497020492432233,0.0064939386116442165
2021-07-30_02h22m33s_C10H16N2O3S_[M]-_-NH3_143,2021-07-30_02h22m33s,Biotin,C10H16N2O3S,[M]-,-NH3,143,1.3891981792450445,1.8844151194457803,0.0903954802259887,0.0903954802259887,0.06662587607075314,0.08609808871258565,0.055070255328950865,0.055070255328950865,1.3949170332742165,189,6.588235378265381,3.111492156982422,1166.11767578125,21.804616928100586,6.364928245544434,3.4951698780059814,3.476743221282959,1.894399603152686,1.034921400956183,2.894438011935563e-06,1.2849537824877189e-06,0.0005123155424371362,9.806251910049468e-06,2.9784998787363293e-06,1.6154779132193653e-06,1.609484229447844e-06,0.0028897869454204443,0.002885842530308985
2021-07-30_02h22m33s_C10H16N2O3S_[M]-_-H2O_143,2021-07-30_02h22m33s,Biotin,C10H16N2O3S,[M]-,-H2O,143,2.146560124075467,2.4234543562014026,0.11864406779661017,0.11864406779661017,0.05849371453999332,0.08059862964298593,0.045271718907808706,0.045271718907808706,2.1504049240533303,189,6.873779296875,4.04320764541626,1216.658935546875,18.846715927124023,5.338540554046631,2.8353559970855713,2.8305716514587402,2.4275491292384697,1.287335347919706,2.855865886886022e-06,1.4739507605554536e-06,0.0005054882494732738,7.954454304126557e-06,2.509102387193707e-06,1.3813560144626535e-06,1.3819151263305685e-06,0.00285192476890871,0.002848718161346944
2021-07-30_02h22m33s_C10H16N2O3S_+Cl_+H2_143,2021-07-30_02h22m33s,Biotin,C10H16N2O3S,+Cl,+H2,143,0.7791906853460434,0.8294419532895243,0.0903954802259887,0.0903954802259887,0.10787629324730226,0.11113114557038105,0.10601201339546751,0.10601201339546751,0.7753239723138985,189,8.687803268432617,-1.8398065567016602,1537.7412109375,28.51854133605957,12.363513946533203,10.473275184631348,10.527609825134277,0.8251614802642586,0.7026400961655697,3.683011755128973e-06,-1.479362026657327e-06,0.0006518930895254016,1.2028353921778034e-05,5.698970198864117e-06,5.124047220306238e-06,5.1623737817863e-06,0.0036640963203508543,0.0036621413208772647
2021-07-30_02h22m33s_C10H16N2O3S_[M]-_-CH2O3_143,2021-07-30_02h22m33s,Biotin,C10H16N2O3S,[M]-,-CH2O3,143,0.6344167637691227,0.7961077779940595,0.022598870056497175,0.022598870056497175,0.02928023139392591,0.03552109628561125,0.025621489448411503,0.025621489448411503,0.6321682767096568,189,1.2963111400604248,-0.34015655517578125,229.4470672607422,8.550625801086426,2.3916094303131104,1.627311110496521,1.636467695236206,0.7916560087455228,0.5417980568148067,6.481894274656952e-07,-1.9788143390542245e-07,0.00011472953337943181,4.314378202252556e-06,1.1961535619775532e-06,8.401747777497803e-07,8.460708613711176e-07,0.0006476414768834887,0.0006474150196838226
2021-07-30_02h22m33s_C10H16N2O3S_+Cl_-CH2O2_143,2021-07-30_02h22m33s,Biotin,C10H16N2O3S,+Cl,-CH2O2,143,0.7286239056343154,0.7414754798180347,0.096045197740113,0.096045197740113,0.11995772610968962,0.11693112152902993,0.1218172475503659,0.1218172475503659,0.7299288068948161,189,6.3421735763549805,-2.1865901947021484,1122.564697265625,19.763444900512695,8.541757583618164,8.552450180053711,8.528763771057129,0.7435344924644929,0.7424035522811644,2.748758561210707e-06,-1.3912858776166104e-06,0.00048653027624823153,8.756569513934664e-06,4.054446890222607e-06,4.142427314945962e-06,4.140044438827317e-06,0.0027374254980010036,0.0027376588687239188
2021-07-30_02h22m33s_C10H16N2O3S_+Cl_-CO2_143,2021-07-30_02h22m33s,Biotin,C10H16N2O3S,+Cl,-CO2,143,0.6827404965135029,0.7493583458462902,0.10734463276836158,0.10734463276836158,0.1496384469907665,0.153954802259887,0.14722611053032586,0.14722611053032586,0.6800129815652499,189,10.460286140441895,-3.5687828063964844,1851.470703125,31.670063018798828,15.008477210998535,13.957990646362305,14.029068946838379,0.7455619911831638,0.6969120905008526,3.904269306076458e-06,-2.7288169803796336e-06,0.0006910556694492698,1.1815656762337312e-05,6.988983386690961e-06,6.583472895727027e-06,6.633086286456091e-06,0.0038785425983558675,0.0038771718166624573
2021-07-30_02h22m33s_C10H16N2O3S_-H_-CH2O3_143,2021-07-30_02h22m33s,Biotin,C10H16N2O3S,-H,-CH2O3,143,0.6183263219437438,1.0852900841425388,0.04519774011299435,0.04519774011299435,0.06672599844254089,0.07299555235004207,0.0630969045129968,0.0630969045129968,0.6160921281238882,189,6.180037975311279,0.48410892486572266,1093.86669921875,29.376956939697266,7.201019763946533,5.693365097045898,5.695929050445557,1.0848016397234117,0.8580978916843137,2.3297875486605335e-06,-4.064067979925312e-07,0.0004123724065721035,1.1051765795855317e-05,3.274239588790806e-06,2.727154651438468e-06,2.7361943466530647e-06,0.0023234301921040553,0.002322184161346988
2021-07-30_02h22m33s_C10H16N2O3S_+Cl_-H2_143,2021-07-30_02h22m33s,Biotin,C10H16N2O3S,+Cl,-H2,143,2.2984141909778217,3.9388609988482695,0.22033898305084745,0.22033898305084745,0.09170096784959395,0.10091357134270947,0.08586565550968336,0.08586565550968336,2.298607907796723,189,22.633102416992188,16.886478424072266,4006.05908203125,52.6397590637207,7.145746231079102,5.745103359222412,5.746624946594238,3.93781825141591,3.1669100434219235,9.154173312708735e-06,6.392063369276002e-06,0.0016202887054532766,2.1004056179663166e-05,3.3339015317324083e-06,2.754847400865401e-06,2.7621099434327334e-06,0.009128958126693813,0.009123755609905719
2021-07-30_02h22m33s_C10H12N2O_[M]-_-H2_166,2021-07-30_02h22m33s,Serotonin,C10H12N2O,[M]-,-H2,166,31.01848506987425,153807.20692134846,0.3107344632768362,0.1751412429378531,0.0006229836466792747,0.0,1.7718872370962312e-05,1.7718872370962312e-05,31.07344632768362,1,1398.1641845703125,1398.1641845703125,247475.0625,8899.525390625,0.0,0.0080903684720397,0.0,1398164.1845703125,1398164.1845703125,0.0006785340956412256,0.0006785340956412256,0.12010053545236588,0.003964047878980637,0.0,4.153172472598499e-09,0.0,0.6785340956412256,0.6785340956412256
2021-07-30_02h22m33s_C10H12N2O_+Cl_+C12H14N2_166,2021-07-30_02h22m33s,Serotonin,C10H12N2O,+Cl,+C12H14N2,166,1.438252531609369,1.6462180369059258,0.14124293785310735,0.14124293785310735,0.09820892201579709,0.11494771006130544,0.08820454666265039,0.08820454666265039,1.4373957731371623,189,9.104598045349121,3.5688681602478027,1611.5137939453125,23.548450469970703,8.800355911254883,5.5296149253845215,5.535729885101318,1.644399895658358,1.0344540247152672,4.234085736243287e-06,1.6002643405954586e-06,0.0007494331803172827,1.1121418538095895e-05,4.000664375780616e-06,2.6279824396624463e-06,2.6338213956478285e-06,0.004222963205399871,0.004217214078115928
2021-07-30_02h22m33s_C10H12N2O_-H_+C12H14N2_166,2021-07-30_02h22m33s,Serotonin,C10H12N2O,-H,+C12H14N2,166,0.927775399522189,1.0851397337437667,0.2542372881355932,0.2542372881355932,0.2534208477027478,0.23542493088111552,0.2640289171997094,0.2640289171997094,0.9204007221399851,189,20.30451011657715,1.415994644165039,3593.898193359375,37.412864685058594,16.715251922607422,18.710424423217773,18.88851547241211,1.0749089962752945,1.21465686270957,9.909038453770336e-06,1.7562888388056308e-07,0.0017538998508825898,1.9248069293098524e-05,8.566265933040995e-06,9.632201908971183e-06,9.733409569889773e-06,0.009813519449644863,0.00982487595359272
2021-07-30_02h22m33s_C10H12N2O_[M]-_+HCl_166,2021-07-30_02h22m33s,Serotonin,C10H12N2O,[M]-,+HCl,166,1.5037296216111027,1.7933520697912189,0.1864406779661017,0.1864406779661017,0.13429747469128936,0.16846976800096167,0.11398550596240055,0.11398550596240055,1.5183615819209042,189,13.29930305480957,5.958638668060303,2353.9765625,28.955791473388672,12.579329490661621,7.414890766143799,7.340664386749268,1.811483384995513,1.0571506147499272,6.398272944352357e-06,2.7544290333025856e-06,0.0011324943043291569,1.437604623788502e-05,6.1665018620260525e-06,3.6777548757527256e-06,3.643843911049771e-06,0.006375043281707627,0.006359059790314646
2021-07-30_02h22m33s_C10H12N2O_[M]-_+C12H14N2_166,2021-07-30_02h22m33s,Serotonin,C10H12N2O,[M]-,+C12H14N2,166,1.2122917064726109,1.7850178708642361,0.12429378531073447,0.12429378531073447,0.08979864278562688,0.08498617622310374,0.09252795152116519,0.09252795152116519,1.201167599027781,189,10.487737655639648,4.554206848144531,1856.32958984375,31.72384262084961,5.438374996185303,5.874424457550049,5.933530807495117,1.7672395671775738,1.9281144732611413,4.858570264332229e-06,1.814425104385009e-06,0.0008599669090472162,1.420291664544493e-05,2.7866751679539448e-06,3.0128426260489505e-06,3.0441451599472202e-06,0.004843824958030609,0.0048450686318887125
2021-07-30_02h22m33s_C10H12N2O_+Cl_-H2_166,2021-07-30_02h22m33s,Serotonin,C10H12N2O,+Cl,-H2,166,1.9285363277399135,4.158533514267943,0.22598870056497175,0.22598870056497175,0.11317165424407609,0.12273109748767881,0.10718145897195103,0.10718145897195103,1.9292145793802224,189,35.21967697143555,26.777494430541992,6233.8828125,80.15909576416016,10.819130897521973,8.468254089355469,8.442182540893555,4.1713745736105095,3.2550139462269874,1.695515493338462e-05,1.2888309356640093e-05,0.0030010624323040247,4.0517148590879515e-05,5.004355443816166e-06,4.076596269442234e-06,4.066845576744527e-06,0.016886480225970845,0.016870727814803466
2021-07-30_02h22m33s_C10H12N2O_+Cl_+HCl_166,2021-07-30_02h22m33s,Serotonin,C10H12N2O,+Cl,+HCl,166,1.2573443904872297,2.860030009674342,0.022598870056497175,0.022598870056497175,0.018912003559906552,0.0374444043755259,0.007973492566933041,0.007973492566933041,1.2635532384290984,188,1.3514125347137451,0.8852049708366394,239.20001220703125,8.907608032226562,2.593942165374756,0.4715169072151184,0.4662075638771057,2.892531369781549,0.5207871499974556,5.454977554109064e-07,3.3333640203636605e-07,9.655309986555949e-05,3.6033579817740247e-06,1.1436138720455347e-06,2.1486782486590528e-07,2.1216136758539506e-07,0.0005453820464100835,0.0005448746292263974
2021-07-30_02h22m33s_C10H12N2O_+Cl_+H2_166,2021-07-30_02h22m33s,Serotonin,C10H12N2O,+Cl,+H2,166,0.962536674784309,1.201144535205933,0.05084745762711865,0.05084745762711865,0.05824897096451218,0.08444524582281525,0.04282651452061591,0.04282651452061591,0.961601177775086,189,3.11173152923584,0.5187749862670898,550.7764892578125,13.687249183654785,6.496567249298096,2.5896387100219727,2.59295654296875,1.199608196085854,0.47890716784377824,1.3310495887708385e-06,8.361394066014327e-08,0.00023559578403364867,5.852294634678401e-06,2.973021082652849e-06,1.245592329723877e-06,1.2474356481106952e-06,0.001329391258724419,0.0013271040803610505
2021-07-30_02h22m33s_C10H12N2O_+Cl__166,2021-07-30_02h22m33s,Serotonin,C10H12N2O,+Cl,,166,0.7480775809882757,1.184861389724877,0.10734463276836158,0.10734463276836158,0.1329736344420959,0.1322274311816324,0.13349398444283006,0.13349398444283006,0.7480310680100554,189,15.40946102142334,2.441256523132324,2727.474609375,48.264923095703125,16.31170082092285,13.00428581237793,12.968204498291016,1.188157764298796,0.9446296594650343,6.517233032354852e-06,7.021890269243158e-08,0.0011535502271726727,2.0564464648487046e-05,7.7992972364882e-06,6.456135452026501e-06,6.447014129662421e-06,0.006475485485930633,0.006466796563785984
2021-07-30_02h22m33s_C10H12N2O_-H_+HCl_166,2021-07-30_02h22m33s,Serotonin,C10H12N2O,-H,+HCl,166,0.7480775809882757,1.184861389724877,0.10734463276836158,0.10734463276836158,0.1329736344420959,0.1322274311816324,0.13349398444283006,0.13349398444283006,0.7480310680100554,189,15.40946102142334,2.441256523132324,2727.474609375,48.264923095703125,16.31170082092285,13.00428581237793,12.968204498291016,1.188157764298796,0.9446296594650343,6.517233032354852e-06,7.021890269243158e-08,0.0011535502271726727,2.0564464648487046e-05,7.7992972364882e-06,6.456135452026501e-06,6.447014129662421e-06,0.006475485485930633,0.006466796563785984
2021-07-30_02h22m33s_C10H12N2O_[M]-__166,2021-07-30_02h22m33s,Serotonin,C10H12N2O,[M]-,,166,2.3126413054283823,12.60763228971839,0.02824858757062147,0.02824858757062147,0.00368227834019357,0.0060403894698882075,0.002214859046370289,0.002214859046370289,2.3088836648158684,48,1.6331007480621338,1.5034314393997192,289.058837890625,9.767127990722656,0.8010384440422058,0.12853270769119263,0.12966933846473694,12.497964459373538,2.036187616931982,8.821426149552281e-07,8.180934401025297e-07,0.00015613924188073725,5.419738954515196e-06,3.43863888474516e-07,6.331104884793604e-08,6.404917485269834e-08,0.0008820861180672168,0.0008818393822362424
2021-07-30_02h22m33s_C10H12N2O_-H_-NH3_166,2021-07-30_02h22m33s,Serotonin,C10H12N2O,-H,-NH3,166,1.351730129408476,2.171020897667272,0.6214689265536724,0.6214689265536724,0.46634775837134274,0.49365909364106264,0.4497581373921364,0.4497581373921364,1.353264298615077,189,77.52276611328125,41.87821578979492,13721.529296875,120.35237121582031,42.74539566040039,35.70697784423828,35.64455032348633,2.174823096003729,1.8135509419124467,3.543596176314168e-05,1.8042634110315703e-05,0.0062721651047468185,4.927272311761044e-05,2.072412462439388e-05,1.7410498912795447e-05,1.7393327652825974e-05,0.03483014955965369,0.034716492839023866
2021-07-30_02h22m33s_C10H12N2O_+Cl_-H2O_166,2021-07-30_02h22m33s,Serotonin,C10H12N2O,+Cl,-H2O,166,1.363989224240085,1.7963336331675155,0.23163841807909605,0.23163841807909605,0.1670263655579041,0.17889770405096767,0.15982422878608005,0.15982422878608005,1.3652636994638745,189,29.123741149902344,12.956085205078125,5154.90234375,57.46184158325195,19.784595489501953,16.21187973022461,16.16765594482422,1.8012468846691738,1.471966874353371,1.4055912288313266e-05,6.081547326175496e-06,0.0024878964759409428,2.898612365243025e-05,9.464230970479548e-06,7.986433956830297e-06,7.97436496213777e-06,0.013944712065014912,0.013924131095561634
2021-07-30_02h22m33s_C10H12N2O_[M]-_-NH3_166,2021-07-30_02h22m33s,Serotonin,C10H12N2O,[M]-,-NH3,166,1.149672723598557,2.06940399762606,0.022598870056497175,0.022598870056497175,0.014940482812326177,0.023861040990503665,0.00965678544217446,0.00965678544217446,1.1459755001931127,185,1.198537826538086,0.6163455843925476,212.1411895751953,7.8872833251953125,1.5782185792922974,0.5781705379486084,0.5821922421455383,2.0551333504175546,0.7589435954300844,5.803657359138015e-07,2.9507143040063966e-07,0.000102724734460935,3.824663053819677e-06,7.431277140312886e-07,2.831710048667446e-07,2.852943055131618e-07,0.0005802002080983734,0.000579934770313651
2021-07-30_02h22m33s_C10H12N2O_+Cl_-NH3_166,2021-07-30_02h22m33s,Serotonin,C10H12N2O,+Cl,-NH3,166,0.0,0.0,0.0,0.0,0.00013349649571698743,0.00027046520014424813,5.315661711288694e-05,5.315661711288694e-05,0.0,9,0.0,-0.003733470104634762,0.0,0.0,0.023546382784843445,0.0036410544998943806,0.003733470104634762,0.0,0.0,0.0,-1.2110966673972712e-09,0.0,0.0,7.303925020352153e-09,1.1811179811971328e-09,1.2110966673972712e-09,0.0,0.0
2021-07-30_02h22m33s_C4H10N3O5P_[M]-__154,2021-07-30_02h22m33s,Phosphocreatine,C4H10N3O5P,[M]-,,154,1.150874640430877,1.6737224325705946,0.03954802259887006,0.005649717514124294,0.0316942930248081,0.044085827623512444,0.02436344951007318,0.02436344951007318,1.1404697832949147,12,3.0260331630706787,1.1879286766052246,535.6078491210938,16.810152053833008,14.050127983093262,1.806965947151184,1.838104486465454,1.645384036274287,0.2153587360894935,1.3677263268618844e-06,2.7319811124471016e-07,0.00024208756804000586,7.991207894519903e-06,6.543859853991307e-06,1.0740499192252173e-06,1.0945282156171743e-06,0.0013662309485396582,0.0013588343056012344
2021-07-30_02h22m33s_C4H10N3O5P_+Cl_+C12H14N2_154,2021-07-30_02h22m33s,Phosphocreatine,C4H10N3O5P,+Cl,+C12H14N2,154,0.4981719795165314,0.4719040633878577,0.04519774011299435,0.005649717514124294,0.08851930136833908,0.10196538045438154,0.0807271825221043,0.0807271825221043,0.49961919504640445,189,2.2116761207580566,-2.4589486122131348,391.4666748046875,10.293421745300293,9.67504596710205,4.685707092285156,4.670624732971191,0.4734276075620082,0.22857230404626194,1.063703280124173e-06,-1.0872953453144873e-06,0.00018827547319233418,4.972202077624388e-06,3.950031441490864e-06,2.1618734535877593e-06,2.1509986254386604e-06,0.001061420166804364,0.0010595181501183752
2021-07-30_02h22m33s_C4H10N3O5P_-H_-HPO3_154,2021-07-30_02h22m33s,Phosphocreatine,C4H10N3O5P,-H,-HPO3,154,7.672653655384848,26.772287137670627,0.13559322033898305,0.0847457627118644,0.010001112470797642,0.013282846495973074,0.007672271736626681,0.007672271736626681,8.151578747197473,42,10.522345542907715,10.193132400512695,1862.455078125,32.09392166137695,2.413449764251709,0.3920312523841858,0.32921266555786133,31.865360237261836,4.358071846721077,5.438720563688548e-06,5.2819314078078605e-06,0.0009626535465940833,1.6385252820327878e-05,1.1344131962687243e-06,1.898613390949322e-07,1.5678904219385004e-07,0.005437867965578648,0.005432557798432514
2021-07-30_02h22m33s_C4H10N3O5P_-H_+C12H14N2_154,2021-07-30_02h22m33s,Phosphocreatine,C4H10N3O5P,-H,+C12H14N2,154,0.0,0.0,0.0,0.0,0.00530648570475025,0.006310854670032456,0.004730938923046937,0.004730938923046937,0.0,2,0.0,-2.826929807662964,0.0,0.0,45.30005645751953,2.7483885288238525,2.826929807662964,0.0,0.0,0.0,-1.3721128198085353e-06,0.0,0.0,1.7918517187354155e-05,1.3339911220100475e-06,1.3721128198085353e-06,0.0,0.0
2021-07-30_02h22m33s_C4H10N3O5P_[M]-_+C12H14N2_154,2021-07-30_02h22m33s,Phosphocreatine,C4H10N3O5P,[M]-,+C12H14N2,154,1.3629146981901006,1.7381294571308328,0.2937853107344633,0.2937853107344633,0.23400823228390255,0.2819449453059262,0.20555663837553378,0.20555663837553378,1.3625330572172263,189,26.467266082763672,11.251933097839355,4684.7060546875,45.37435531616211,23.498868942260742,15.226442337036133,15.215332984924316,1.7393984548699277,1.1262729229594357,1.317552050750237e-05,6.087492238293635e-06,0.0023320671170949936,2.3500711904489435e-05,1.071517908712849e-05,7.105352324288106e-06,7.088028269208735e-06,0.013082789326913107,0.013035839156390642
2021-07-30_02h22m33s_C4H10N3O5P_+Cl_-CH2O2_154,2021-07-30_02h22m33s,Phosphocreatine,C4H10N3O5P,+Cl,-CH2O2,154,0.0,0.0,0.0,0.0,0.009044387584825899,0.014785430941218897,0.005687758031078902,0.005687758031078902,0.0,123,0.0,-0.35238754749298096,0.0,0.0,1.3585357666015625,0.34839850664138794,0.35238754749298096,0.0,0.0,0.0,-1.5083560356288217e-07,0.0,0.0,6.087931865295104e-07,1.4909585388522828e-07,1.5083560356288217e-07,0.0,0.0
2021-07-30_02h22m33s_C4H10N3O5P_+Cl_-CO2_154,2021-07-30_02h22m33s,Phosphocreatine,C4H10N3O5P,+Cl,-CO2,154,1.7803289912636984,2.4012326739238903,0.07909604519774012,0.07909604519774012,0.0348982089220158,0.03546099290780142,0.03442776901677977,0.03442776901677977,1.7752438566668176,187,5.1372551918029785,2.9876651763916016,909.2941284179688,17.848724365234375,2.2429704666137695,2.1384241580963135,2.149590015411377,2.388765480630345,2.289359538477027,2.7835646960738814e-06,1.7403186802766868e-06,0.0004926909459754825,9.942463293555193e-06,1.0929197742370889e-06,1.0405722150608199e-06,1.0432460157971946e-06,0.002780663779664475,0.002780525804439433
2021-07-30_02h22m33s_C4H10N3O5P_+Cl_-H2_154,2021-07-30_02h22m33s,Phosphocreatine,C4H10N3O5P,+Cl,-H2,154,0.49636986058600613,4.9828985591215345,0.005649717514124294,0.005649717514124294,0.00368227834019357,0.007573025604038947,0.0013820720449350603,0.0013820720449350603,0.49623709405062655,58,0.384402334690094,0.3079916834831238,68.03921508789062,5.099674701690674,0.6144711971282959,0.07614432275295258,0.07641065120697021,4.965755082751217,0.6245659203609568,1.8206040408585977e-07,1.4795674019296712e-07,3.222469240427017e-05,2.415304834357812e-06,2.66114199121148e-07,3.401455828111466e-08,3.410367099832001e-08,0.00018205419536947701,0.00018201196811673393
2021-07-30_02h22m33s_C4H10N3O5P_+Cl_+H2_154,2021-07-30_02h22m33s,Phosphocreatine,C4H10N3O5P,+Cl,+H2,154,2.0137424789667975,4.0284137058285525,0.03954802259887006,0.03954802259887006,0.01749916564690177,0.03071282606082462,0.009639066569803498,0.009639066569803498,2.013529356287431,186,2.280093193054199,1.7142586708068848,403.5765075683594,11.298633575439453,2.141207695007324,0.5650027394294739,0.5658345818519592,4.02250191864563,1.064366073545639,1.0470910183357773e-06,7.902340257714968e-07,0.00018533511320129037,5.265319032332627e-06,8.701383080733649e-07,2.568164063632139e-07,2.5685702098598995e-07,0.0010468221347207508,0.0010461806964346427
2021-07-30_02h22m33s_C4H10N3O5P_-H_-H2O_154,2021-07-30_02h22m33s,Phosphocreatine,C4H10N3O5P,-H,-H2O,154,9.228024968510137,118.19679599482002,0.14689265536723164,0.14689265536723164,0.007453554344198465,0.0093160235605241,0.0059181033719014125,0.0059181033719014125,9.310322525782478,142,42.422847747802734,42.072608947753906,7508.84375,194.96348571777344,0.597196102142334,0.35791707038879395,0.35024064779281616,120.78000656924651,70.91796084239395,2.164250508940313e-05,2.1482726879185066e-05,0.003830723464488983,9.799059625947848e-05,2.550623605657165e-07,1.6321808971042628e-07,1.5977740019934572e-07,0.021639047658625444,0.02163698630859973
2021-07-30_02h22m33s_C4H10N3O5P_[M]-_-H3PO4_154,2021-07-30_02h22m33s,Phosphocreatine,C4H10N3O5P,[M]-,-H3PO4,154,0.0,0.0,0.0,0.0,0.003737901880075648,0.00865488640461594,0.000850505873806191,0.000850505873806191,0.0,137,0.0,-0.04422454908490181,0.0,0.0,0.5576683878898621,0.04697607085108757,0.04422454908490181,0.0,0.0,0.0,-2.0330356065301203e-08,0.0,0.0,2.3870001086834236e-07,2.155493028510591e-08,2.0330356065301203e-08,0.0,0.0
2021-07-30_02h22m33s_C4H10N3O5P_+Cl_-H2O_154,2021-07-30_02h22m33s,Phosphocreatine,C4H10N3O5P,+Cl,-H2O,154,15.514817413132539,55.331529776248495,0.2598870056497175,0.2598870056497175,0.011892312826788296,0.019293184276956366,0.006750890373336641,0.006750890373336641,15.640996515256667,120,22.342571258544922,21.949026107788086,3954.63525390625,42.374305725097656,1.5398472547531128,0.40279456973075867,0.39354565739631653,56.62860771548695,14.50018565410939,1.1807384908024687e-05,1.1630233530013356e-05,0.002089907182380557,2.3516482542618178e-05,6.987758638388186e-07,1.8241374277749856e-07,1.7715147748731397e-07,0.011805293582824318,0.011799139953810907
2021-07-30_02h22m33s_C4H10N3O5P_+Cl_+HCl_154,2021-07-30_02h22m33s,Phosphocreatine,C4H10N3O5P,+Cl,+HCl,154,0.0,0.0,0.0,0.0,0.0024363110468350207,0.003966822935448972,0.001541541896273721,0.001541541896273721,0.0,73,0.0,-0.08645297586917877,0.0,0.0,0.24545690417289734,0.08851098269224167,0.08645297586917877,0.0,0.0,0.0,-3.9955526887069936e-08,0.0,0.0,1.059047747276054e-07,4.075195647601504e-08,3.9955526887069936e-08,0.0,0.0
2021-07-30_02h22m33s_C4H10N3O5P_+Cl_-HPO3_154,2021-07-30_02h22m33s,Phosphocreatine,C4H10N3O5P,+Cl,-HPO3,154,1.7262606010621815,2.53282168396062,0.2824858757062147,0.2824858757062147,0.14997218823005895,0.14304603918740233,0.1536403423286142,0.1536403423286142,1.7169084798131409,189,26.459489822387695,15.945696830749512,4683.32958984375,47.73210525512695,10.110237121582031,10.445645332336426,10.513792991638184,2.516406156871507,2.616840007234226,1.3596218195743859e-05,8.590966899646446e-06,0.002406530547887087,2.4728618882363662e-05,4.8364277063228656e-06,4.978511242370587e-06,5.005251296097413e-06,0.013528504630408248,0.013530777568224805
2021-07-30_02h22m33s_C4H10N3O5P_-H_+HCl_154,2021-07-30_02h22m33s,Phosphocreatine,C4H10N3O5P,-H,+HCl,154,9.047331891803505,120.23119709005465,0.1016949152542373,0.1016949152542373,0.0021470686394482147,0.003155427335016228,0.0012403210659673617,0.0012403210659673617,9.077581065390271,62,8.719797134399414,8.650479316711426,1543.404052734375,28.29746437072754,0.2117948830127716,0.07152524590492249,0.06931761652231216,124.00586887970776,40.97747563730687,4.352687483333284e-06,4.321286724007223e-06,0.0007704256568104029,1.4115330486674793e-05,8.71321432782679e-08,3.2530632410043836e-08,3.140065274465087e-08,0.004352550810396733,0.00435230825738661
2021-07-30_02h22m33s_C4H10N3O5P_+Cl__154,2021-07-30_02h22m33s,Phosphocreatine,C4H10N3O5P,+Cl,,154,9.047331891803505,120.23119709005465,0.1016949152542373,0.1016949152542373,0.0021470686394482147,0.003155427335016228,0.0012403210659673617,0.0012403210659673617,9.077581065390271,62,8.719797134399414,8.650479316711426,1543.404052734375,28.29746437072754,0.2117948830127716,0.07152524590492249,0.06931761652231216,124.00586887970776,40.97747563730687,4.352687483333284e-06,4.321286724007223e-06,0.0007704256568104029,1.4115330486674793e-05,8.71321432782679e-08,3.2530632410043836e-08,3.140065274465087e-08,0.004352550810396733,0.00435230825738661
2021-07-30_02h22m33s_C4H10N3O5P_+Cl_-NH3_154,2021-07-30_02h22m33s,Phosphocreatine,C4H10N3O5P,+Cl,-NH3,154,3.467191275807235,7.041175717517516,0.096045197740113,0.096045197740113,0.022382912448548224,0.02993148214929679,0.01770115349859135,0.01770115349859135,3.4654689350244032,184,7.656497478485107,6.569361686706543,1355.2000732421875,24.880735397338867,1.917209506034851,1.0863890647888184,1.0871360301971436,7.036342209069153,3.9914813550851003,4.114322564419126e-06,3.62610671800212e-06,0.0007282350561581552,1.388743839925155e-05,8.469516501463659e-07,4.894375820185815e-07,4.88215903260425e-07,0.00411231486690189,0.004110840880951515
2021-07-30_02h22m33s_C4H10N3O5P_-H_-H2_154,2021-07-30_02h22m33s,Phosphocreatine,C4H10N3O5P,-H,-H2,154,3.075617467182394,9.586524186721109,0.04519774011299435,0.04519774011299435,0.00772054733563244,0.012651761028969827,0.004695501178305013,0.004695501178305013,3.070429004023681,113,2.7601864337921143,2.471656322479248,488.552978515625,13.058342933654785,0.9716913104057312,0.2869235873222351,0.28853002190589905,9.53333411030242,2.8376797492318286,1.3308471125128563e-06,1.2035814052069327e-06,0.0002355599426664412,6.275215582718374e-06,4.184530837392231e-07,1.2656592218718288e-07,1.2726569309506885e-07,0.0013306777628850765,0.001330290448372466
2021-07-30_02h22m33s_C4H10N3O5P_-H__154,2021-07-30_02h22m33s,Phosphocreatine,C4H10N3O5P,-H,,154,22.27173205506021,583.4475293256953,0.4350282485875706,0.4124293785310734,0.011569696295472243,0.012771967784589494,0.009532753335577723,0.009532753335577723,22.76131647269585,120,268.17681884765625,267.74029541015625,47467.296875,748.4518432617188,0.7027013897895813,0.4586417078971863,0.4365226626396179,612.9438352512273,381.09462726490517,0.00012623895599972457,0.00012603355571627617,0.02234429493546486,0.0003499837766867131,3.225589182420663e-07,2.1740429190231225e-07,2.0540292666737514e-07,0.1262130314736763,0.12619824962884024
2021-07-30_02h22m33s_C4H10N3O5P_-H_+H2_154,2021-07-30_02h22m33s,Phosphocreatine,C4H10N3O5P,-H,+H2,154,0.4613548580494067,0.5441602779778997,0.01694915254237288,0.01694915254237288,0.03003671153632217,0.03570140641904075,0.026737778407782128,0.026737778407782128,0.4597753738078785,187,0.8949152827262878,-0.7583875060081482,158.40000915527344,6.82346248626709,2.345139265060425,1.6435803174972534,1.653302788734436,0.5409622040297171,0.3814416714530539,4.850608661399747e-07,-2.9113346045051003e-07,8.585576870245859e-05,3.85941984859528e-06,1.0940797210423625e-06,7.73531553477369e-07,7.761943265904847e-07,0.0004846846566592903,0.00048453075087122506
2021-07-30_02h22m33s_C4H10N3O5P_[M]-_-CH2O3_154,2021-07-30_02h22m33s,Phosphocreatine,C4H10N3O5P,[M]-,-CH2O3,154,0.3941707642673904,0.3675278647153251,0.04519774011299435,0.04519774011299435,0.09697407943041496,0.08420483231157591,0.10466537909527437,0.10466537909527437,0.39068618698453883,189,3.549750804901123,-6.210573673248291,628.305908203125,16.87604331970215,7.084360122680664,9.657453536987305,9.760324478149414,0.3636546262597038,0.5009979370756551,1.9512760900397552e-06,-2.611005356811802e-06,0.0003453758836258203,9.418460649612825e-06,3.2902496513997903e-06,4.521300525084371e-06,4.562281446851557e-06,0.001942414249546947,0.001944876959302395
2021-07-30_02h22m33s_C4H10N3O5P_[M]-_+HCl_154,2021-07-30_02h22m33s,Phosphocreatine,C4H10N3O5P,[M]-,+HCl,154,0.42211513211357715,1.3941313589933757,0.005649717514124294,0.005649717514124294,0.005395483368561575,0.008805144849140521,0.0033843046228538014,0.0033843046228538014,0.42309073452959084,141,0.2839924991130829,0.08325411379337311,50.26667022705078,3.7675859928131104,0.530353307723999,0.20270569622516632,0.20073838531970978,1.4077266389488492,0.5344701820518207,1.0574846953659289e-07,1.6263257407445053e-08,1.8717479179031216e-05,1.4029120620762114e-06,2.2107028030404763e-07,9.050299354385061e-08,8.948521212914784e-08,0.00010573900745908009,0.00010572509685979492
2021-07-30_02h22m33s_C4H10N3O5P_[M]-_-H2O_154,2021-07-30_02h22m33s,Phosphocreatine,C4H10N3O5P,[M]-,-H2O,154,0.8543110982409323,1.2534944099374425,0.03389830508474576,0.03389830508474576,0.030214706863944823,0.031103498016588533,0.02967911122136187,0.02967911122136187,0.8498079224078856,188,2.6259002685546875,0.5145535469055176,464.7843322753906,14.74338436126709,2.905949831008911,2.0938639640808105,2.11134672164917,1.2431199109701894,0.9033180554214518,1.3493422557075974e-06,3.6011181236972334e-07,0.00023883357062004507,7.566408385173418e-06,1.2846051049564267e-06,9.81932657850848e-07,9.89230443337874e-07,0.0013480087643999667,0.0013476111075992794
2021-07-30_02h22m33s_C4H10N3O5P_-H_-CH2O2_154,2021-07-30_02h22m33s,Phosphocreatine,C4H10N3O5P,-H,-CH2O2,154,8.549532571421024,49.6748416629287,0.14124293785310735,0.14124293785310735,0.007097563688953165,0.007362663781704532,0.006520545032514131,0.006520545032514131,8.594815021861335,120,19.085676193237305,18.70880699157715,3378.164794921875,65.83026885986328,0.4615117013454437,0.3832121193408966,0.37686964869499207,50.508624493000326,41.265282884124204,9.256521479983348e-06,9.075325579033233e-06,0.0016384043265134096,3.220056169084273e-05,2.1651925408150419e-07,1.8474520402378403e-07,1.8119587252840574e-07,0.009254844540351744,0.009254517698714338
2021-07-30_02h22m33s_C4H10N3O5P_-H_-CO2_154,2021-07-30_02h22m33s,Phosphocreatine,C4H10N3O5P,-H,-CO2,154,1.7262606010621815,2.53282168396062,0.2824858757062147,0.2824858757062147,0.14997218823005895,0.14304603918740233,0.1536403423286142,0.1536403423286142,1.7169084798131409,189,26.459489822387695,15.945696830749512,4683.32958984375,47.73210525512695,10.110237121582031,10.445645332336426,10.513792991638184,2.516406156871507,2.616840007234226,1.3596218195743859e-05,8.590966899646446e-06,0.002406530547887087,2.4728618882363662e-05,4.8364277063228656e-06,4.978511242370587e-06,5.005251296097413e-06,0.013528504630408248,0.013530777568224805
2021-07-30_02h22m33s_C4H10N3O5P_[M]-_-CO2_154,2021-07-30_02h22m33s,Phosphocreatine,C4H10N3O5P,[M]-,-CO2,154,0.6907193882143056,0.7588675221714234,0.0847457627118644,0.0847457627118644,0.11214818111024585,0.11137155908162039,0.1126920282793203,0.1126920282793203,0.6899301383650119,189,5.691193103790283,-1.8174386024475098,1007.3411865234375,19.700439453125,8.664759635925293,7.498587131500244,7.508631706237793,0.7578524921618933,0.6567448605655449,3.0114381388557376e-06,-7.005835414020112e-07,0.0005330245476216078,1.0701514838729054e-05,4.0497957343177404e-06,3.712100351549452e-06,3.712021680257749e-06,0.0030003009566573276,0.002999291620445283
2021-07-30_02h22m33s_C4H10N3O5P_+Cl_-H3PO4_154,2021-07-30_02h22m33s,Phosphocreatine,C4H10N3O5P,+Cl,-H3PO4,154,0.8309728388277827,0.8289802410063717,0.0903954802259887,0.0903954802259887,0.08829680720881077,0.07050126217093401,0.09878271346811489,0.09878271346811489,0.8236740191739818,188,5.563310146331787,-1.2175812721252441,984.7059326171875,17.95602035522461,4.710082530975342,6.710028648376465,6.780891418457031,0.8203183747812808,1.1808984686116308,3.021758629984106e-06,-2.5841814021987375e-07,0.0005348512786440551,1.0074832971440628e-05,2.3081208837538725e-06,3.2500472570973216e-06,3.2801767702039797e-06,0.003011879134014051,0.0030148001068970335
2021-07-30_02h22m33s_C4H10N3O5P_-H_-CH2O3_154,2021-07-30_02h22m33s,Phosphocreatine,C4H10N3O5P,-H,-CH2O3,154,0.8309728388277827,0.8289802410063717,0.0903954802259887,0.0903954802259887,0.08829680720881077,0.07050126217093401,0.09878271346811489,0.09878271346811489,0.8236740191739818,188,5.563310146331787,-1.2175812721252441,984.7059326171875,17.95602035522461,4.710082530975342,6.710028648376465,6.780891418457031,0.8203183747812808,1.1808984686116308,3.021758629984106e-06,-2.5841814021987375e-07,0.0005348512786440551,1.0074832971440628e-05,2.3081208837538725e-06,3.2500472570973216e-06,3.2801767702039797e-06,0.003011879134014051,0.0030148001068970335
2021-07-30_02h22m33s_C4H10N3O5P_-H_-NH3_154,2021-07-30_02h22m33s,Phosphocreatine,C4H10N3O5P,-H,-NH3,154,0.8068451670600675,2.6489323305168493,0.011299435028248588,0.011299435028248588,0.0043720102347313385,0.004958528669311215,0.004004465155837482,0.004004465155837482,0.8086563025016261,109,0.6219563484191895,0.3898167610168457,110.08627319335938,5.817868232727051,0.2925259470939636,0.23379510641098022,0.23213960230350494,2.667742169387063,2.1189143739312715,2.7759230647461663e-07,1.6671927483002946e-07,4.9133839638670906e-05,2.6595387225825107e-06,1.3444675062146416e-07,1.1139642452917542e-07,1.1087303164458717e-07,0.00027756153238605306,0.00027755499010807783
2021-07-30_02h22m33s_C4H10N3O5P_[M]-_-HPO3_154,2021-07-30_02h22m33s,Phosphocreatine,C4H10N3O5P,[M]-,-HPO3,154,0.43183377892470276,3.0858782057625023,0.005649717514124294,0.005649717514124294,0.003849148959839804,0.005138838802740714,0.003083083792547442,0.003083083792547442,0.43618786008313876,82,0.5469591617584229,0.3783442974090576,96.811767578125,7.256232738494873,0.4001484811306,0.17624586820602417,0.16861487925052643,3.2247121489297363,1.3634830679574528,2.5804402525864134e-07,1.7513880834485462e-07,4.567379073705524e-05,3.4233405585837318e-06,1.8560363912456523e-07,8.654479444203389e-08,8.290522401921407e-08,0.00025802263383438125,0.00025799614023613344
2021-07-30_02h22m33s_C3H5O6P_-H_+H2_96,2021-07-30_02h22m33s,Phosphoenolpyruvic acid,C3H5O6P,-H,+H2,96,49.51089715927758,2035.4616296349748,0.9548022598870056,0.6440677966101694,0.020324841472911335,0.03407861521817526,0.00928468912238425,0.00928468912238425,53.32880943104618,16,2673.181396484375,2672.090087890625,473153.125,5162.24951171875,37.02109146118164,1.3123047351837158,1.091189980506897,2447.542501025072,72.2050346422826,0.0011566259199753404,0.0011561072897166014,0.2047227919101715,0.0020646483171731234,1.5541274478891864e-05,6.215029202394362e-07,5.185776785765484e-07,1.1560264304726526,1.1389255651562205
2021-07-30_02h22m33s_C3H5O6P_-H_+C12H14N2_96,2021-07-30_02h22m33s,Phosphoenolpyruvic acid,C3H5O6P,-H,+C12H14N2,96,3.5868607029496222,13.224000637264218,0.4632768361581921,0.4632768361581921,0.15917232172655468,0.22541771847577835,0.11915941669472155,0.11915941669472155,3.5989809478591686,189,99.95826721191406,92.42980194091797,17692.61328125,168.8394317626953,17.287384033203125,7.557852268218994,7.528468132019043,13.275607979113664,5.781816682226614,4.390905814943835e-05,4.034012454212643e-05,0.007771903183311224,7.00324890203774e-05,7.695524800510611e-06,3.5764780932368012e-06,3.5689351989276474e-06,0.04375290686008997,0.04357373538810828
2021-07-30_02h22m33s_C3H5O6P_+Cl_+HCl_96,2021-07-30_02h22m33s,Phosphoenolpyruvic acid,C3H5O6P,+Cl,+HCl,96,0.9428363391180353,4.6974206308675885,0.011299435028248588,0.011299435028248588,0.003092668817443542,0.004928476980406299,0.001984513705547779,0.001984513705547779,0.9417194014986917,83,0.5660795569419861,0.44552168250083923,100.19608306884766,5.295692443847656,0.29112425446510315,0.11950859427452087,0.12055786699056625,4.656873067589429,1.9378040278733835,2.747730150076677e-07,2.2029486501651263e-07,4.863482172368094e-05,2.652762304933276e-06,1.1681465394985935e-07,5.409173553516666e-08,5.447815354386876e-08,0.00027475804669661234,0.00027474092124202693
2021-07-30_02h22m33s_C3H5O6P_[M]-_+HCl_96,2021-07-30_02h22m33s,Phosphoenolpyruvic acid,C3H5O6P,[M]-,+HCl,96,0.42777829446400145,1.8119543126928586,0.005649717514124294,0.005649717514124294,0.004472132606519079,0.00661137155908162,0.0032071158991441783,0.0032071158991441783,0.42866506292111467,91,0.3280602693557739,0.1492542028427124,58.06666946411133,4.3522114753723145,0.48962685465812683,0.18005327880382538,0.17880606651306152,1.8245228079217386,0.6686553461986284,1.115753747171766e-07,3.12168069172003e-08,1.9748840713873506e-05,1.4802146779402392e-06,1.9913062487830757e-07,8.059838307872269e-08,8.03585677999763e-08,0.00011156640940030261,0.00011155316106650628
2021-07-30_02h22m33s_C3H5O6P_-H_-CH2O2_96,2021-07-30_02h22m33s,Phosphoenolpyruvic acid,C3H5O6P,-H,-CH2O2,96,1.2885209828439974,4.248984319390718,0.01694915254237288,0.01694915254237288,0.006474580042273891,0.0120507272508715,0.0031539592820312916,0.0031539592820312916,1.2895508539012808,50,1.2432037591934204,0.94942307472229,220.04705810546875,9.962794303894043,1.4785875082015991,0.2915884554386139,0.29378068447113037,4.217385414596847,0.8402367229394245,5.179967388357909e-07,3.80819756173878e-07,9.168541873805225e-05,4.134950359002687e-06,6.419007263502863e-07,1.361956947221188e-07,1.371769684510582e-07,0.0005179256913595673,0.0005176644496495551
2021-07-30_02h22m33s_C3H5O6P_[M]-_+C12H14N2_96,2021-07-30_02h22m33s,Phosphoenolpyruvic acid,C3H5O6P,[M]-,+C12H14N2,96,1.7413949397956234,2.5607575448168953,0.1864406779661017,0.1864406779661017,0.10732005784848148,0.12429378531073447,0.09706398284813154,0.09706398284813154,1.7413702023580415,189,16.018789291381836,9.761380195617676,2835.32568359375,37.08129119873047,8.53745174407959,6.254488468170166,6.25740909576416,2.559562509619854,1.876076573541448,6.964180101931561e-06,3.9035853660607245e-06,0.0012326599098742008,1.5937161151668988e-05,3.963534709328087e-06,3.0568653528462164e-06,3.0605947358708363e-06,0.006942930605070167,0.006936686304993996
2021-07-30_02h22m33s_C3H5O6P_+Cl_-CH2O2_96,2021-07-30_02h22m33s,Phosphoenolpyruvic acid,C3H5O6P,+Cl,-CH2O2,96,0.0,0.0,0.0,0.0,0.0018800756480142396,0.0012621709340064912,0.0022502967911122137,0.0022502967911122137,0.0,1,0.0,-0.7529386878013611,0.0,0.0,0.1290840208530426,0.7342342734336853,0.7529386878013611,0.0,0.0,0.0,-2.975595236875961e-07,0.0,0.0,5.581874873428205e-08,2.901675770772272e-07,2.975595236875961e-07,0.0,0.0
2021-07-30_02h22m33s_C3H5O6P_+Cl_-H2_96,2021-07-30_02h22m33s,Phosphoenolpyruvic acid,C3H5O6P,+Cl,-H2,96,1.4729395093389175,3.1980318440032414,0.02824858757062147,0.022598870056497175,0.012938035376571365,0.01923308089914653,0.009178375888158478,0.009178375888158478,1.4759206502578939,86,1.5713748931884766,1.0804388523101807,278.13336181640625,9.312625885009766,3.16245174407959,0.4903568625450134,0.4909361004829407,3.1942662708547624,0.49672794792249,6.586299718946975e-07,4.3952394435109454e-07,0.00011657750292215496,3.873987679980928e-06,1.2433066558514838e-06,2.1861390564481553e-07,2.191060417544577e-07,0.0006584856937007988,0.0006578121097203824
2021-07-30_02h22m33s_C3H5O6P_+Cl_+C12H14N2_96,2021-07-30_02h22m33s,Phosphoenolpyruvic acid,C3H5O6P,+Cl,+C12H14N2,96,0.0,0.0,0.0,0.0,0.0036711536322171544,0.005439355691789879,0.0026401119832733847,0.0026401119832733847,0.0,98,0.0,-0.17737674713134766,0.0,0.0,0.4138181209564209,0.17955556511878967,0.17737674713134766,0.0,0.0,0.0,-9.210105389456658e-08,0.0,0.0,1.8507886068164225e-07,9.239578702135987e-08,9.210105389456658e-08,0.0,0.0
2021-07-30_02h22m33s_C3H5O6P_-H__96,2021-07-30_02h22m33s,Phosphoenolpyruvic acid,C3H5O6P,-H,,96,23.49119016342272,757.1921342320732,0.6836158192090396,0.423728813559322,0.023984870397152074,0.02875946628200505,0.019100944415897374,0.019100944415897374,24.72987584064778,6,1689.3306884765625,1687.3077392578125,299011.53125,3972.53076171875,13.36202335357666,2.230046272277832,2.0229883193969727,834.6543664737561,126.41829949540627,0.0007179943495430052,0.0007170317694544792,0.12708500027656555,0.0015966121573001146,5.785070243291557e-06,1.0594043260425678e-06,9.625767916077166e-07,0.7173038894664748,0.7138645927298642
2021-07-30_02h22m33s_C3H5O6P_+Cl_-CO2_96,2021-07-30_02h22m33s,Phosphoenolpyruvic acid,C3H5O6P,+Cl,-CO2,96,0.5106797369262341,3.0749527837633748,0.005649717514124294,0.005649717514124294,0.0016687061964623428,0.0026746003125375645,0.0010631323422577387,0.0010631323422577387,0.511107427286645,44,0.28015953302383423,0.18955586850643158,49.58823776245117,3.716735601425171,0.1591213494539261,0.09011019021272659,0.09060366451740265,3.058387833061091,1.7496700719753076,1.237957434341297e-07,8.758101444072963e-08,2.1911846488364972e-05,1.642336087570584e-06,6.563392673797352e-08,3.608713328162594e-08,3.621473254611374e-08,0.00012379126036674395,0.0001237876187666285
2021-07-30_02h22m33s_C3H5O6P_+Cl_-H2O_96,2021-07-30_02h22m33s,Phosphoenolpyruvic acid,C3H5O6P,+Cl,-H2O,96,2.471085186238233,7.709670214680484,0.062146892655367235,0.062146892655367235,0.017187673823562132,0.020405096766438275,0.015149635877172777,0.015149635877172777,2.476022903165842,171,7.253971576690674,6.317967414855957,1283.9530029296875,32.06831741333008,1.7313306331634521,0.939892590045929,0.936004102230072,7.741664694344672,4.187405936154357,3.1529536954622017e-06,2.723598527154536e-06,0.0005580728175118566,1.424683432560414e-05,7.302957101273932e-07,4.310190888645593e-07,4.2935525357279403e-07,0.0031516005392135276,0.003150652787247574
2021-07-30_02h22m33s_C3H5O6P_+Cl_+H2_96,2021-07-30_02h22m33s,Phosphoenolpyruvic acid,C3H5O6P,+Cl,+H2,96,7.081742763477044,59.77844301129949,0.0847457627118644,0.0847457627118644,0.0038713983757926356,0.0066714749368914535,0.0019667948331768166,0.0019667948331768166,7.105938982017912,88,8.761006355285645,8.616514205932617,1550.6981201171875,32.62799835205078,0.7610228657722473,0.1455579549074173,0.1444922834634781,60.21629564625576,11.497038670102224,3.7703275665990077e-06,3.710120608957368e-06,0.0006673479801975191,1.4273321539803874e-05,3.2349313983104366e-07,6.074770908526261e-08,6.020700027420389e-08,0.0037701005801523448,0.0037691082859252303
2021-07-30_02h22m33s_C3H5O6P_-H_+HCl_96,2021-07-30_02h22m33s,Phosphoenolpyruvic acid,C3H5O6P,-H,+HCl,96,2.413049390743189,4.957426737187227,0.05649717514124294,0.05649717514124294,0.01660918900878852,0.021817526144969346,0.01341318638481847,0.01341318638481847,2.436104543344933,179,4.0366902351379395,3.235795021057129,714.494140625,16.74090003967285,1.5149316787719727,0.8132712841033936,0.8008953332901001,5.0339365594955945,2.662844435316495,1.766976083672489e-06,1.4161120134303928e-06,0.00031275476794689894,7.5542288868746255e-06,6.462140618168632e-07,3.558409389370354e-07,3.508640418203868e-07,0.0017663563327502852,0.0017658349762799687
2021-07-30_02h22m33s_C3H5O6P_+Cl__96,2021-07-30_02h22m33s,Phosphoenolpyruvic acid,C3H5O6P,+Cl,,96,2.413049390743189,4.957426737187227,0.05649717514124294,0.05649717514124294,0.01660918900878852,0.021817526144969346,0.01341318638481847,0.01341318638481847,2.436104543344933,179,4.0366902351379395,3.235795021057129,714.494140625,16.74090003967285,1.5149316787719727,0.8132712841033936,0.8008953332901001,5.0339365594955945,2.662844435316495,1.766976083672489e-06,1.4161120134303928e-06,0.00031275476794689894,7.5542288868746255e-06,6.462140618168632e-07,3.558409389370354e-07,3.508640418203868e-07,0.0017663563327502852,0.0017658349762799687
2021-07-30_02h22m33s_C3H5O6P_+Cl_-CH2O3_96,2021-07-30_02h22m33s,Phosphoenolpyruvic acid,C3H5O6P,+Cl,-CH2O3,96,0.0,0.0,0.0,0.0,0.00215819334742463,0.0037865128020194735,0.0012048833212254372,0.0012048833212254372,0.0,28,0.0,-0.09275808930397034,0.0,0.0,0.6347425580024719,0.09186714142560959,0.09275808930397034,0.0,0.0,0.0,-4.267137043711955e-08,0.0,0.0,2.88303397155687e-07,4.247254636879916e-08,4.267137043711955e-08,0.0,0.0
2021-07-30_02h22m33s_C3H5O6P_[M]-_-CO2_96,2021-07-30_02h22m33s,Phosphoenolpyruvic acid,C3H5O6P,[M]-,-CO2,96,0.0,0.0,0.0,0.0,0.0004004894871509623,0.0005709820891934127,0.0003012208303063593,0.0003012208303063593,0.0,16,0.0,-0.015615161508321762,0.0,0.0,0.03365706652402878,0.016254529356956482,0.015615161508321762,0.0,0.0,0.0,-7.639624932664901e-09,0.0,0.0,1.492401580094338e-08,7.903685705912267e-09,7.639624932664901e-09,0.0,0.0
2021-07-30_02h22m33s_C3H5O6P_[M]-__96,2021-07-30_02h22m33s,Phosphoenolpyruvic acid,C3H5O6P,[M]-,,96,0.7686124429021443,1.2575214984124703,0.022598870056497175,0.022598870056497175,0.019479363666703747,0.01959370116600553,0.01940216524620373,0.01940216524620373,0.7732948758412795,182,1.5285699367523193,0.32397496700286865,270.556884765625,10.249700546264648,1.2269176244735718,1.2145417928695679,1.2045949697494507,1.2678967440200835,1.2448472978043965,9.325298151452444e-07,3.393458882783307e-07,0.00016505777603015304,6.3340166889247485e-06,6.036484023752564e-07,5.975491603749106e-07,5.931839268669137e-07,0.0009319769813796799,0.0009319672346130041
2021-07-30_02h22m33s_C3H5O6P_[M]-_+H2_96,2021-07-30_02h22m33s,Phosphoenolpyruvic acid,C3H5O6P,[M]-,+H2,96,0.9264003583672523,4.735695736003011,0.011299435028248588,0.011299435028248588,0.0027033040382689953,0.0035160476018752254,0.002197140173999327,0.002197140173999327,0.9249117376063969,70,0.6423396468162537,0.5062516927719116,113.69412231445312,6.02467155456543,0.21678252518177032,0.13463786244392395,0.13608793914318085,4.685602911758452,2.9494544903459556,2.9049306249362417e-07,2.2975618207965454e-07,5.1417271606624126e-05,2.717351890169084e-06,9.357901831208437e-08,5.99374558873933e-08,6.073688751939699e-08,0.0002904754199207173,0.00029046588098162874
2021-07-30_02h22m33s_C3H5O6P_[M]-_-HPO3_96,2021-07-30_02h22m33s,Phosphoenolpyruvic acid,C3H5O6P,[M]-,-HPO3,96,0.560010375229873,54.8355504392376,0.005649717514124294,0.005649717514124294,0.00010012237178774057,9.015506671474937e-05,8.859436185481156e-05,8.859436185481156e-05,0.5598851235974259,4,0.32316383719444275,0.31814584136009216,57.20000076293945,4.287252902984619,0.00462796026840806,0.004893327131867409,0.005017983261495829,53.699690270344355,57.42112982006778,1.502328785818463e-07,1.4833341310804826e-07,2.6591220375848934e-05,1.993064643102116e-06,1.7656138773247676e-09,1.8522855471658772e-09,1.8994719130915882e-09,0.00015023259321925506,0.0001502326133290594
2021-07-30_02h22m33s_C3H5O6P_-H_-CH2O3_96,2021-07-30_02h22m33s,Phosphoenolpyruvic acid,C3H5O6P,-H,-CH2O3,96,0.0,0.0,0.0,0.0,0.000233618867504728,0.00027046520014424813,0.00021262646845154776,0.00021262646845154776,0.0,9,0.0,-0.010138219222426414,0.0,0.0,0.015259304083883762,0.011873520910739899,0.010138219222426414,0.0,0.0,0.0,-4.680674514645489e-09,0.0,0.0,6.157403475981482e-09,5.296807437105144e-09,4.680674514645489e-09,0.0,0.0
2021-07-30_02h22m33s_C3H5O6P_-H_-CO2_96,2021-07-30_02h22m33s,Phosphoenolpyruvic acid,C3H5O6P,-H,-CO2,96,6.52166929403915,51.02222998495459,0.0847457627118644,0.0847457627118644,0.006218711758816331,0.01126938333934367,0.002994489430692631,0.002994489430692631,6.650007914518367,90,9.106902122497559,8.946649551391602,1611.921630859375,33.62250518798828,1.1601611375808716,0.17748890817165375,0.16025280952453613,56.47592838444069,7.842927073386737,4.390389676700579e-06,4.317148523114156e-06,0.0007770989905111492,1.5178526155068539e-05,5.043091846346215e-07,8.129661921429943e-08,7.32410398995853e-08,0.004390068143544515,0.0043881766788976114
2021-07-30_02h22m33s_C3H5O6P_[M]-_-H2_96,2021-07-30_02h22m33s,Phosphoenolpyruvic acid,C3H5O6P,[M]-,-H2,96,0.0,0.0,0.0,0.0,0.005506730448325731,0.005890131025363625,0.005297942838917731,0.005297942838917731,0.0,108,0.0,-0.3422297239303589,0.0,0.0,0.47931066155433655,0.3412606418132782,0.3422297239303589,0.0,0.0,0.0,-1.5022028776456864e-07,0.0,0.0,1.990135274354543e-07,1.4972407313962321e-07,1.5022028776456864e-07,0.0,0.0
2021-07-30_02h22m33s_C3H5O6P_+Cl_-HPO3_96,2021-07-30_02h22m33s,Phosphoenolpyruvic acid,C3H5O6P,+Cl,-HPO3,96,6.52166929403915,51.02222998495459,0.0847457627118644,0.0847457627118644,0.006218711758816331,0.01126938333934367,0.002994489430692631,0.002994489430692631,6.650007914518367,90,9.106902122497559,8.946649551391602,1611.921630859375,33.62250518798828,1.1601611375808716,0.17748890817165375,0.16025280952453613,56.47592838444069,7.842927073386737,4.390389676700579e-06,4.317148523114156e-06,0.0007770989905111492,1.5178526155068539e-05,5.043091846346215e-07,8.129661921429943e-08,7.32410398995853e-08,0.004390068143544515,0.0043881766788976114
2021-07-30_02h22m33s_C3H5O6P_+Cl_-H3PO4_96,2021-07-30_02h22m33s,Phosphoenolpyruvic acid,C3H5O6P,+Cl,-H3PO4,96,0.0,0.0,0.0,0.0,0.000233618867504728,0.00027046520014424813,0.00021262646845154776,0.00021262646845154776,0.0,9,0.0,-0.010138219222426414,0.0,0.0,0.015259304083883762,0.011873520910739899,0.010138219222426414,0.0,0.0,0.0,-4.680674514645489e-09,0.0,0.0,6.157403475981482e-09,5.296807437105144e-09,4.680674514645489e-09,0.0,0.0
2021-07-30_02h22m33s_C3H5O6P_-H_-H3PO4_96,2021-07-30_02h22m33s,Phosphoenolpyruvic acid,C3H5O6P,-H,-H3PO4,96,0.0,0.0,0.0,0.0,6.674824785849372e-05,9.015506671474937e-05,5.315661711288694e-05,5.315661711288694e-05,0.0,3,0.0,-0.002125706057995558,0.0,0.0,0.004931305535137653,0.003068074816837907,0.002125706057995558,0.0,0.0,0.0,-1.0537031247537243e-09,0.0,0.0,2.601172166549759e-09,1.364553803284707e-09,1.0537031247537243e-09,0.0,0.0
2021-07-30_02h22m33s_C3H5O6P_[M]-_-CH2O3_96,2021-07-30_02h22m33s,Phosphoenolpyruvic acid,C3H5O6P,[M]-,-CH2O3,96,0.0,0.0,0.0,0.0,0.00010012237178774057,6.0103377809832915e-05,0.00012403210659673618,0.00012403210659673618,0.0,2,0.0,-0.006645610090345144,0.0,0.0,0.0033971371594816446,0.006480520591139793,0.006645610090345144,0.0,0.0,0.0,-2.7075484076988232e-09,0.0,0.0,1.3234983109455811e-09,2.6402877661979574e-09,2.7075484076988232e-09,0.0,0.0
2021-07-30_02h22m33s_C3H5O6P_-H_-H2_96,2021-07-30_02h22m33s,Phosphoenolpyruvic acid,C3H5O6P,-H,-H2,96,0.5173079600639758,5.50093168873707,0.005649717514124294,0.005649717514124294,0.0012904661252642119,0.0018932564010097368,0.0009213813632900402,0.0009213813632900402,0.5161985612846858,48,0.292655348777771,0.23912449181079865,51.79999923706055,3.8825125694274902,0.11478862166404724,0.0522010512650013,0.05353085696697235,5.3667843319429815,2.5274966103913945,1.0496538749293904e-07,8.295216957776574e-08,1.8578874005470425e-05,1.3925233588452102e-06,4.8310919709138034e-08,2.1466368238520772e-08,2.20132179151733e-08,0.0001049630769178538,0.00010496031676350323
2021-07-30_02h22m33s_C3H5O6P_[M]-_-H2O_96,2021-07-30_02h22m33s,Phosphoenolpyruvic acid,C3H5O6P,[M]-,-H2O,96,14.723497213994293,603.3408458065592,0.15819209039548024,0.15819209039548024,0.001546334408721771,0.0020735665344392357,0.0007441926395804171,0.0007441926395804171,14.84796059506311,32,25.93282699584961,25.89638328552246,4590.1103515625,94.64867401123047,0.1682545691728592,0.041982050985097885,0.036444611847400665,692.5649837561293,153.2178842945415,1.1962680218857713e-05,1.1946149243158288e-05,0.002117394469678402,4.700471254182048e-05,7.130953605383183e-08,1.9124005490311902e-08,1.6530801616454482e-08,0.011962482469433171,0.011961827226507835
2021-07-30_02h22m33s_C3H5O6P_[M]-_-H3PO4_96,2021-07-30_02h22m33s,Phosphoenolpyruvic acid,C3H5O6P,[M]-,-H3PO4,96,0.0,0.0,0.0,0.0,4.4498831905662474e-05,0.0,7.087548948384925e-05,7.087548948384925e-05,0.0,0,0.0,-0.004420858807861805,0.0,0.0,0.0,0.004311036318540573,0.004420858807861805,0.0,0.0,0.0,-2.188864201002616e-09,0.0,0.0,0.0,2.1344888079255497e-09,2.188864201002616e-09,0.0,0.0
2021-07-30_02h22m33s_C12H17N4OS_+Cl_-NH3_140,2021-07-30_02h22m33s,Thiamine,C12H17N4OS,+Cl,-NH3,140,0.0,0.0,0.0,0.0,0.006463455334297475,0.01322274311816324,0.002498361004305686,0.002498361004305686,0.0,3,0.0,-0.19462987780570984,0.0,0.0,3.6715657711029053,0.20121115446090698,0.19462987780570984,0.0,0.0,0.0,-9.079901275299562e-08,0.0,0.0,1.403419901180314e-06,9.431670378035051e-08,9.079901275299562e-08,0.0,0.0
2021-07-30_02h22m33s_C12H17N4OS_[M]-_-H2_140,2021-07-30_02h22m33s,Thiamine,C12H17N4OS,[M]-,-H2,140,2.1554083149594283,7.5004954285118846,0.5480225988700564,0.5480225988700564,0.250294804761375,0.2589554032936651,0.24425465563371548,0.24425465563371548,2.1644657790864703,189,145.76210021972656,126.4437255859375,25799.890625,399.8935852050781,20.565763473510742,19.432662963867188,19.318378448486328,7.5448648934742,7.087264868264904,5.9199828683631495e-05,4.9874812248162925e-05,0.010478369891643524,0.00015544435882475227,9.881629011943005e-06,9.373002285428811e-06,9.325015525973868e-06,0.05865288957767643,0.05862056203710919
2021-07-30_02h22m33s_C12H17N4OS_+Cl_+H2_140,2021-07-30_02h22m33s,Thiamine,C12H17N4OS,+Cl,+H2,140,1.4390414533472693,1.6310932131374567,0.2598870056497175,0.2598870056497175,0.18187785070641896,0.20059502344031735,0.17059730318762514,0.17059730318762514,1.4465839032634835,189,20.005916595458984,7.824039459228516,3541.047119140625,36.232444763183594,14.631381034851074,12.264342308044434,12.181877136230469,1.6421339862292217,1.3672358960451716,9.519175364403054e-06,3.554031991370721e-06,0.001684894086793065,1.8444286979502067e-05,6.9716352300019935e-06,5.998367669235449e-06,5.965143373032333e-06,0.009462728830230601,0.009453270609979776
2021-07-30_02h22m33s_C12H17N4OS_[M]-_+H2_140,2021-07-30_02h22m33s,Thiamine,C12H17N4OS,[M]-,+H2,140,2.803803948999287,4.148112385159194,0.1751412429378531,0.1751412429378531,0.06453443097118701,0.08441519413391033,0.052465581090419405,0.052465581090419405,2.814811075119292,189,13.763510704040527,10.465099334716797,2436.141357421875,31.90533447265625,5.687864303588867,3.3170177936553955,3.2984118461608887,4.171504300093787,2.4193775716108576,5.825831976835616e-06,4.247820470482111e-06,0.0010311722289770842,1.3352923815546092e-05,2.717276402108837e-06,1.5856654727031128e-06,1.5780112789798295e-06,0.005816653232428928,0.005810044480074706
2021-07-30_02h22m33s_C12H17N4OS_-H__140,2021-07-30_02h22m33s,Thiamine,C12H17N4OS,-H,,140,1.3654381780544456,1.6982701774809021,0.288135593220339,0.288135593220339,0.20036711536322172,0.19879192210602237,0.20102060704856742,0.20102060704856742,1.3725492928788063,189,26.24481964111328,10.883193969726562,4645.3330078125,44.52782440185547,15.131295204162598,15.45285415649414,15.361625671386719,1.7083550821650837,1.734358158298012,1.2098411389160901e-05,4.661352249968331e-06,0.002141418866813183,2.13053517654771e-05,7.359422397712478e-06,7.479367013729643e-06,7.43705913919257e-06,0.012009099009617953,0.012010024545523499
2021-07-30_02h22m33s_C12H17N4OS_+Cl__140,2021-07-30_02h22m33s,Thiamine,C12H17N4OS,+Cl,,140,1.366169091372011,1.4482690154715123,0.4519774011299435,0.4519774011299435,0.33579931026810544,0.36056016348118763,0.32083562202101457,0.32083562202101457,1.3680616791111402,189,35.47832107543945,11.016122817993164,6279.6630859375,41.31405258178711,28.69858741760254,24.496051788330078,24.46219825744629,1.4502732104801668,1.2361962058618048,1.6007033991627395e-05,4.058020749653224e-06,0.0028332448564469814,1.9544650058378465e-05,1.3750038306170609e-05,1.194339529320132e-05,1.1949013241974171e-05,0.015818024210869842,0.015789921959828312
2021-07-30_02h22m33s_C12H17N4OS_-H_+HCl_140,2021-07-30_02h22m33s,Thiamine,C12H17N4OS,-H,+HCl,140,1.366169091372011,1.4482690154715123,0.4519774011299435,0.4519774011299435,0.33579931026810544,0.36056016348118763,0.32083562202101457,0.32083562202101457,1.3680616791111402,189,35.47832107543945,11.016122817993164,6279.6630859375,41.31405258178711,28.69858741760254,24.496051788330078,24.46219825744629,1.4502732104801668,1.2361962058618048,1.6007033991627395e-05,4.058020749653224e-06,0.0028332448564469814,1.9544650058378465e-05,1.3750038306170609e-05,1.194339529320132e-05,1.1949013241974171e-05,0.015818024210869842,0.015789921959828312
2021-07-30_02h22m33s_C12H17N4OS_+Cl_-H2_140,2021-07-30_02h22m33s,Thiamine,C12H17N4OS,+Cl,-H2,140,0.9769131760414274,1.1134084801342594,0.20903954802259886,0.20903954802259886,0.2151073534319724,0.23401250150258446,0.20397965873451815,0.20397965873451815,0.976417397668863,189,17.542926788330078,1.7710456848144531,3105.097900390625,36.08572769165039,19.796838760375977,15.755056381225586,15.771881103515625,1.1122208221312166,0.8861031247229394,8.022815563890617e-06,4.150015229242854e-07,0.0014200382865965366,1.6731000869185664e-05,9.361077900393866e-06,7.590634595544543e-06,7.607814040966332e-06,0.007962240320185164,0.00794840987982135
2021-07-30_02h22m33s_C12H17N4OS_[M]-_-H2O_140,2021-07-30_02h22m33s,Thiamine,C12H17N4OS,[M]-,-H2O,140,2.1003835943840965,3.1334637015687585,0.13559322033898305,0.13559322033898305,0.06763822449660696,0.08946387786993629,0.05455640803019296,0.05455640803019296,2.109594154199028,189,10.788522720336914,7.3644843101501465,1909.568603515625,30.698095321655273,6.01935338973999,3.442002296447754,3.4240384101867676,3.1498983159574596,1.792008213126315,4.450414508028189e-06,2.800831680360716e-06,0.0007877234020270407,1.2473532478907146e-05,2.798328296194086e-06,1.6577212136326125e-06,1.6495829413543106e-06,0.004443085270359221,0.004437995539531534
2021-07-30_02h22m33s_C12H17N4OS_+Cl_+C12H14N2_140,2021-07-30_02h22m33s,Thiamine,C12H17N4OS,+Cl,+C12H14N2,140,1.0888503635827775,1.2390602532533308,0.15819209039548024,0.15819209039548024,0.13377461341639782,0.13108546700324558,0.13528359055229724,0.13528359055229724,1.0938206882365087,189,10.925446510314941,2.150911331176758,1933.803955078125,25.789228439331055,8.507552146911621,8.816526412963867,8.774535179138184,1.2449891986402923,1.2840547159695777,5.120946752867894e-06,9.77858235273743e-07,0.0009064076002687216,1.2395956218824722e-05,3.938760983146494e-06,4.156529485044302e-06,4.143088517594151e-06,0.005099817756479203,0.005100855701450361
2021-07-30_02h22m33s_C12H17N4OS_[M]-_-NH3_140,2021-07-30_02h22m33s,Thiamine,C12H17N4OS,[M]-,-NH3,140,1.1251037598492546,1.225739009347642,0.14689265536723164,0.14689265536723164,0.12776727110913338,0.1398906118523861,0.12055920761202757,0.12055920761202757,1.134414853064415,189,11.315387725830078,2.1812124252319336,2002.8236083984375,28.519773483276367,10.721121788024902,9.23048210144043,9.134175300598145,1.2386612575556355,1.055331020252705,4.958612407790497e-06,4.95790118293371e-07,0.0008776744361966848,1.3022882740187924e-05,5.196255187911447e-06,4.502552201302024e-06,4.462822289497126e-06,0.004936581322629949,0.004932979388053464
2021-07-30_02h22m33s_C12H17N4OS_-H_+H2_140,2021-07-30_02h22m33s,Thiamine,C12H17N4OS,-H,+H2,140,1.0841702229085732,1.3711454734363382,0.13559322033898305,0.13559322033898305,0.12121481811102458,0.13156629402572426,0.11506635717702926,0.11506635717702926,1.0895008842234566,189,11.186086654663086,3.076115608215332,1979.937255859375,29.440685272216797,9.53967571258545,8.157205581665039,8.109971046447754,1.3791303890256268,1.1724627260841824,5.258585588308051e-06,1.4273819033405744e-06,0.0009307696600444615,1.4230339729692787e-05,4.520528818829916e-06,3.85176099371165e-06,3.831203684967477e-06,0.005238515767396242,0.005234920977166472
2021-07-30_02h22m33s_C12H17N4OS_[M]-_+C12H14N2_140,2021-07-30_02h22m33s,Thiamine,C12H17N4OS,[M]-,+C12H14N2,140,1.3300120855130113,1.836934096162824,0.05649717514124294,0.05649717514124294,0.03653354099454889,0.043304483711984615,0.032478693055973916,0.032478693055973916,1.3246094676542932,189,3.631284236907959,1.645033359527588,642.7373046875,15.056849479675293,2.715019941329956,1.9758179187774658,1.986250877380371,1.8272902924540568,1.3369873253323112,1.409808987773431e-06,5.11311498030409e-07,0.00024953618412837386,5.948278612777358e-06,1.2019860378131852e-06,8.92884713721287e-07,8.98497489743022e-07,0.0014085434150508138,0.001408116451459162
2021-07-30_02h22m33s_C12H17N4OS_-H_+C12H14N2_140,2021-07-30_02h22m33s,Thiamine,C12H17N4OS,-H,+C12H14N2,140,0.9169375342417769,1.2222139418390678,0.05649717514124294,0.05649717514124294,0.05454444320836578,0.059502344031734586,0.05161507521661322,0.05161507521661322,0.9176507839799033,189,3.970156192779541,0.7252199649810791,702.7176513671875,16.8624210357666,3.780451536178589,3.2473316192626953,3.244936227798462,1.2231158945079699,1.0499027039737368,1.6179088788703666e-06,1.9363960745977238e-07,0.0002863698755390942,6.930827112228144e-06,1.6611454611847876e-06,1.423927528776403e-06,1.4242692714105942e-06,0.001615607818300111,0.0016152257539404197
2021-07-30_02h22m33s_C12H17N4OS_-H_-H2O_140,2021-07-30_02h22m33s,Thiamine,C12H17N4OS,-H,-H2O,140,1.5452146298178824,1.8627044230187897,0.13559322033898305,0.13559322033898305,0.0836911781065747,0.0934908041831951,0.07775041196378263,0.07775041196378263,1.5590946924808953,189,9.615598678588867,4.51383638381958,1701.9609375,25.7213191986084,6.420779705047607,5.161170959472656,5.101762294769287,1.8843908697149334,1.4973417214905198,4.5062251956551336e-06,2.0519003101071576e-06,0.0007976018823683262,1.2226800208736677e-05,3.064537850150373e-06,2.48197716246068e-06,2.454324885547976e-06,0.004495192532756659,0.0044924578884158765
2021-07-30_02h22m33s_C12H17N4OS_-H_-NH3_140,2021-07-30_02h22m33s,Thiamine,C12H17N4OS,-H,-NH3,140,1.1688872395208445,1.2879078395865433,0.14689265536723164,0.14689265536723164,0.12802313939259094,0.14887606683495613,0.11566879883764197,0.11566879883764197,1.1715691650620033,189,10.527217864990234,2.385467529296875,1863.317626953125,26.365642547607422,11.483223915100098,8.172890663146973,8.14175033569336,1.2928331866991765,0.9166677646495957,4.868844825978158e-06,8.952674761530943e-07,0.0008617855492047966,1.2564046301122289e-05,5.44835029359092e-06,3.984306204074528e-06,3.973577349825064e-06,0.004849574665929336,0.004842461399987831
2021-07-30_02h22m33s_C12H17N4OS_[M]-__140,2021-07-30_02h22m33s,Thiamine,C12H17N4OS,[M]-,,140,2.7319744339434364,5.144777883769771,0.423728813559322,0.423728813559322,0.16939592835688064,0.20924990984493327,0.14509984584581037,0.14509984584581037,2.7417937244484105,189,49.64662170410156,40.0421257019043,8787.4521484375,77.93798828125,15.105700492858887,9.648905754089355,9.604496955871582,5.168563576895823,3.286397431892563,2.147074519598391e-05,1.6892758139874786e-05,0.0038003218360245228,3.25063374475576e-05,7.056703452690272e-06,4.59386274087592e-06,4.577986601361772e-06,0.021372900344574206,0.021320294202274347
2021-07-30_02h22m33s_C24H40O5_+Cl__25,2021-07-30_02h22m33s,Cholic acid,C24H40O5,+Cl,,25,59.67853546811301,23310.072466014328,0.615819209039548,0.4011299435028249,0.0017910779842029148,0.0010217574227671595,0.0003189397026773216,0.0003189397026773216,60.26793966133842,4,1532.2947998046875,1532.2420654296875,271216.1875,3895.09765625,0.2228148877620697,0.0647353082895279,0.05271225422620773,28527.843820359292,6846.259492056757,0.0005802634987048805,0.0005802412633784115,0.10270664095878601,0.0013065147213637829,8.448137833738656e-08,2.8109427674394283e-08,2.2260191911982474e-08,0.5802505822155634,0.5802144813857617
2021-07-30_02h22m33s_C24H40O5_-H_+HCl_25,2021-07-30_02h22m33s,Cholic acid,C24H40O5,-H,+HCl,25,59.67853546811301,23310.072466014328,0.615819209039548,0.4011299435028249,0.0017910779842029148,0.0010217574227671595,0.0003189397026773216,0.0003189397026773216,60.26793966133842,4,1532.2947998046875,1532.2420654296875,271216.1875,3895.09765625,0.2228148877620697,0.0647353082895279,0.05271225422620773,28527.843820359292,6846.259492056757,0.0005802634987048805,0.0005802412633784115,0.10270664095878601,0.0013065147213637829,8.448137833738656e-08,2.8109427674394283e-08,2.2260191911982474e-08,0.5802505822155634,0.5802144813857617
2021-07-30_02h22m33s_C24H40O5_-H__25,2021-07-30_02h22m33s,Cholic acid,C24H40O5,-H,,25,33.77076929303309,657.6712776592615,0.8361581920903954,0.672316384180791,0.015307598175547893,0.011870417117442,0.014759820685011606,0.014759820685011606,35.52736366578305,36,495.732177734375,495.0558166503906,87744.59375,909.4241943359375,0.6027138829231262,0.7527689337730408,0.67637038230896,731.8480268425188,821.1376146165235,0.00021106679923832417,0.00021079093858134001,0.03735882416367531,0.00033143858308903873,2.472282290000294e-07,3.1216387696986203e-07,2.7585852535594313e-07,0.2110085907196508,0.2110146304649412
2021-07-30_02h22m33s_C24H40O5_[M]-_-CH2O3_25,2021-07-30_02h22m33s,Cholic acid,C24H40O5,[M]-,-CH2O3,25,0.0,0.0,0.0,0.0,0.0005673601067971966,0.00144248106743599,5.315661711288694e-05,5.315661711288694e-05,0.0,6,0.0,-0.0028246839065104723,0.0,0.0,0.2662089467048645,0.002754763700067997,0.0028246839065104723,0.0,0.0,0.0,-1.4838592576893461e-09,0.0,0.0,9.702220182816745e-08,1.4471288611872524e-09,1.4838592576893461e-09,0.0,0.0
2021-07-30_02h22m33s_C24H40O5_[M]-__25,2021-07-30_02h22m33s,Cholic acid,C24H40O5,[M]-,,25,20.44030965767654,1324.9278002615692,0.22033898305084745,0.22033898305084745,0.0016909556124151742,0.0020735665344392357,0.0007796303843223418,0.0007796303843223418,20.437239007614835,32,56.573787689208984,56.532127380371094,10013.560546875,162.262939453125,0.1956777423620224,0.041699524968862534,0.0416593998670578,1326.174017110261,287.64712778263583,2.3509439415647648e-05,2.349103851884138e-05,0.004161170683801174,6.057748760213144e-05,7.748446506639084e-08,1.8479463292919718e-08,1.8401451029603777e-08,0.02350900681580997,0.02350761794044655
2021-07-30_02h22m33s_C24H40O5_-H_-CH2O2_25,2021-07-30_02h22m33s,Cholic acid,C24H40O5,-H,-CH2O2,25,0.0,0.0,0.0,0.0,0.0005784848147736122,0.0011119124894819088,0.0002657830855644347,0.0002657830855644347,0.0,15,0.0,-0.014802852645516396,0.0,0.0,0.19042834639549255,0.014436434023082256,0.014802852645516396,0.0,0.0,0.0,-7.68375763016138e-09,0.0,0.0,6.963368548440485e-08,7.493558662474697e-09,7.68375763016138e-09,0.0,0.0
2021-07-30_02h22m33s_C24H40O5_-H_+H2_25,2021-07-30_02h22m33s,Cholic acid,C24H40O5,-H,+H2,25,0.9598660606127092,7.665468239961652,0.011299435028248588,0.011299435028248588,0.002191567471353877,0.002854910445967063,0.001771887237096231,0.001771887237096231,0.9606439665659597,51,0.789099395275116,0.6875832676887512,139.67059326171875,7.627509117126465,0.19467024505138397,0.10194209963083267,0.10151612013578415,7.697320131018828,4.032802202848443,2.5972229877879727e-07,2.1119383575296524e-07,4.597084625856951e-05,2.524118826841004e-06,7.837181215109013e-08,4.874771519780552e-08,4.8528459473118346e-08,0.000259709695467366,0.00025970194546671185
2021-07-30_02h22m33s_C24H40O5_-H_-H2O_25,2021-07-30_02h22m33s,Cholic acid,C24H40O5,-H,-H2O,25,7.722034664529264,110.00871255877658,0.0847457627118644,0.0847457627118644,0.0015574591166981867,0.002103618223344152,0.0009745379804029272,0.0009745379804029272,7.717416908770709,32,5.931007385253906,5.877841472625732,1049.788330078125,19.972196578979492,0.14437679946422577,0.052913978695869446,0.053166043013334274,109.49678166067707,40.797482178120205,2.297744913448696e-06,2.272956180604524e-06,0.00040670085581950843,7.708584234933369e-06,6.26461797992306e-08,2.4549677846152917e-08,2.4788647579043754e-08,0.0022976879568716866,0.002297600977524751
2021-07-30_02h22m33s_C24H40O5_[M]-_-H2_25,2021-07-30_02h22m33s,Cholic acid,C24H40O5,[M]-,-H2,25,1.7756784038006939,2.008618900281719,0.07344632768361582,0.07344632768361582,0.03172766714873734,0.03212525543935569,0.03136240409660329,0.03136240409660329,1.7820868787278323,188,4.867730617523193,2.4568755626678467,861.5883178710938,18.230560302734375,2.5574536323547363,2.42242169380188,2.4108550548553467,2.0182517219365574,1.902606541687862,2.123810418197536e-06,9.664968274591956e-07,0.0003759144456125796,8.023642294574529e-06,1.1735253337974427e-06,1.1610862884481321e-06,1.1573135907383403e-06,0.002121355344826183,0.002121320994269644
2021-07-30_02h22m33s_C24H40O5_+Cl_-H2_25,2021-07-30_02h22m33s,Cholic acid,C24H40O5,+Cl,-H2,25,8.7336894508512,26.36680832877165,0.24858757062146894,0.24858757062146894,0.02148181110245856,0.025393677124654405,0.01846306501054273,0.01846306501054273,8.718146990573244,179,35.734222412109375,34.36798858642578,6324.95703125,94.6387939453125,1.9060819149017334,1.3542729616165161,1.366233229637146,26.136157048781637,18.737644215954226,1.3918426702730358e-05,1.3271755051391665e-05,0.0024635614827275276,3.276541247032583e-05,8.986279453893076e-07,6.404796408787661e-07,6.466719355557871e-07,0.013909431863504703,0.013905930445025817
2021-07-30_02h22m33s_C24H40O5_-H_+C12H14N2_25,2021-07-30_02h22m33s,Cholic acid,C24H40O5,-H,+C12H14N2,25,0.0,0.0,0.0,0.0,0.0008677272221604183,0.001322274311816324,0.0006024416606127186,0.0006024416606127186,0.0,21,0.0,-0.03500968962907791,0.0,0.0,0.08645270764827728,0.035116441547870636,0.03500968962907791,0.0,0.0,0.0,-1.557567586019104e-08,0.0,0.0,3.5726596792073906e-08,1.554366413358821e-08,1.557567586019104e-08,0.0,0.0
2021-07-30_02h22m33s_C24H40O5_-H_-H2_25,2021-07-30_02h22m33s,Cholic acid,C24H40O5,-H,-H2,25,15.519281789629195,97.64968502240498,0.23163841807909605,0.23163841807909605,0.005517855156302147,0.005319148936170213,0.0049258465191275224,0.0049258465191275224,15.540441895506396,97,27.679096221923828,27.397409439086914,4899.2001953125,62.5255126953125,0.3307609260082245,0.2824530005455017,0.28168603777885437,97.91462089676045,83.43085050720425,1.188836722576525e-05,1.1769413504225668e-05,0.0021042409352958202,2.5153374735964462e-05,1.3297683665314253e-07,1.1931420829114359e-07,1.1895410523266037e-07,0.01188695322388056,0.011886786558490731
2021-07-30_02h22m33s_C24H40O5_+Cl_-H2O_25,2021-07-30_02h22m33s,Cholic acid,C24H40O5,+Cl,-H2O,25,3.3555316913081183,6.3914620973331475,0.0903954802259887,0.0903954802259887,0.019712982534208476,0.024041351123933165,0.016939241986639972,0.016939241986639972,3.3271146393195252,182,6.939713954925537,5.838410377502441,1228.329345703125,24.1379451751709,1.5422248840332031,1.0847787857055664,1.1013034582138062,6.295647449179543,4.4968909111863615,2.4653759282955434e-06,1.958860593731515e-06,0.00043637154158204794,8.359073945030104e-06,6.706532644784602e-07,4.985897703591036e-07,5.065152208771906e-07,0.0024641278100535646,0.0024637236240043323
2021-07-30_02h22m33s_C24H40O5_+Cl_+H2_25,2021-07-30_02h22m33s,Cholic acid,C24H40O5,+Cl,+H2,25,0.3853815189632604,1.1895618118830018,0.005649717514124294,0.005649717514124294,0.004616753810212482,0.004537805024642385,0.004660063433563088,0.004660063433563088,0.3885063118158435,78,0.3429268002510071,0.06250530481338501,60.69804382324219,4.549437999725342,0.27777379751205444,0.2872799336910248,0.28042149543762207,1.2185522634571382,1.2301256549628865,1.9688782515459025e-07,7.111924560376792e-08,3.484914486762136e-05,2.6120121674466645e-06,1.1577606073842617e-07,1.2840065721775318e-07,1.2576857955082232e-07,0.00019686306596641763,0.00019686503289658433
2021-07-30_02h22m33s_C24H40O5_+Cl_-CH2O2_25,2021-07-30_02h22m33s,Cholic acid,C24H40O5,+Cl,-CH2O2,25,0.4029128060763395,1.20406012822755,0.005649717514124294,0.005649717514124294,0.004194014907108689,0.004477701646832552,0.004022184028208445,0.004022184028208445,0.4020693715766759,85,0.2833499610424042,0.047441110014915466,50.1529426574707,3.7590625286102295,0.28210264444351196,0.2343287467956543,0.2359088510274887,1.1960294426041806,1.0008735933900523,1.8342805674365081e-07,7.446320893222946e-08,3.246676715207286e-05,2.4334483441634802e-06,1.2500994728270598e-07,1.078642597462931e-07,1.0896484781142135e-07,0.00018340807171102942,0.00018340512927810838
2021-07-30_02h22m33s_C24H40O5_[M]-_+HCl_25,2021-07-30_02h22m33s,Cholic acid,C24H40O5,[M]-,+HCl,25,10.874774187651516,232.6706874605874,0.12994350282485875,0.12994350282485875,0.0027033040382689953,0.00330568577954081,0.0019490759608058543,0.0019490759608058543,10.929233489425773,63,24.61787986755371,24.517288208007812,4357.36474609375,130.88809204101562,0.19310297071933746,0.10480567812919617,0.10059166699647903,242.3218418928682,126.82897008902482,1.0051321623905096e-05,1.000657539407257e-05,0.0017790839774534106,4.938379061059095e-05,9.010806678588779e-08,4.656913077383251e-08,4.4746293781372515e-08,0.010050871884638986,0.010050416000348911
2021-07-30_02h22m33s_C24H40O5_-H_-CO2_25,2021-07-30_02h22m33s,Cholic acid,C24H40O5,-H,-CO2,25,0.5328694743129382,10.057451889383136,0.005649717514124294,0.005649717514124294,0.0005784848147736122,0.0005108787113835797,0.0006024416606127186,0.0006024416606127186,0.5330141446304443,17,0.35085853934288025,0.31709372997283936,62.10196304321289,4.654664516448975,0.029537629336118698,0.03388543054461479,0.03376482054591179,10.092344324905191,11.489383654542518,2.3910675395200087e-07,2.2244424258133222e-07,4.232189530739561e-05,3.172109472870943e-06,1.370744406870017e-08,1.6690611559511126e-08,1.666251847609601e-08,0.00023910276989767975,0.00023910347645447074
2021-07-30_02h22m33s_C24H40O5_+Cl_-CH2O3_25,2021-07-30_02h22m33s,Cholic acid,C24H40O5,+Cl,-CH2O3,25,0.24825642715466165,0.36807037455022795,0.005649717514124294,0.005649717514124294,0.011825564578929804,0.010277677605481428,0.012757588107092864,0.012757588107092864,0.2496872105166221,154,0.2811565399169922,-0.4735342264175415,49.764705657958984,3.7299630641937256,0.6039965748786926,0.7628662586212158,0.7546907663345337,0.3720523690936937,0.46472418455156816,1.4751159937986813e-07,-2.0075091811122547e-07,2.6109553800779395e-05,1.9569627056625905e-06,2.7892065190826543e-07,3.5062376468886214e-07,3.482625174910936e-07,0.00014746024450388735,0.00014747046682112515
2021-07-30_02h22m33s_C24H40O5_[M]-_-CH2O2_25,2021-07-30_02h22m33s,Cholic acid,C24H40O5,[M]-,-CH2O2,25,0.0,0.0,0.0,0.0,0.00022249415952831238,0.000330568577954081,0.0001594698513386608,0.0001594698513386608,0.0,7,0.0,-0.008755771443247795,0.0,0.0,0.018605178222060204,0.00853903777897358,0.008755771443247795,0.0,0.0,0.0,-4.396636832382228e-09,0.0,0.0,7.369185706096459e-09,4.2878056660811126e-09,4.396636832382228e-09,0.0,0.0
2021-07-30_02h22m33s_C24H40O5_[M]-_-CO2_25,2021-07-30_02h22m33s,Cholic acid,C24H40O5,[M]-,-CO2,25,0.0,0.0,0.0,0.0,0.000233618867504728,0.00012020675561966583,0.0003012208303063593,0.0003012208303063593,0.0,4,0.0,-0.01758008450269699,0.0,0.0,0.00673617422580719,0.01714492030441761,0.01758008450269699,0.0,0.0,0.0,-8.380999005908052e-09,0.0,0.0,2.8918716310499804e-09,8.173541843348175e-09,8.380999005908052e-09,0.0,0.0
2021-07-30_02h22m33s_C24H40O5_[M]-_+H2_25,2021-07-30_02h22m33s,Cholic acid,C24H40O5,[M]-,+H2,25,0.5284536973078422,7.80360243841717,0.005649717514124294,0.005649717514124294,0.0008454778062075871,0.0010818608005769925,0.0006910360224675301,0.0006910360224675301,0.5284847926196484,26,0.31031352281570435,0.2717496156692505,54.92549133300781,4.11677360534668,0.0635870099067688,0.03876541927456856,0.03856389597058296,7.8433509947158,4.8045810336109565,1.0055981647383305e-07,8.237914528308465e-08,1.7799087800085545e-05,1.334076728198852e-06,2.706568480448368e-08,1.8150405622918697e-08,1.818066763803472e-08,0.0001005579882624701,0.0001005570948271996
2021-07-30_02h22m33s_C24H40O5_+Cl_+HCl_25,2021-07-30_02h22m33s,Cholic acid,C24H40O5,+Cl,+HCl,25,0.7721068549262838,0.7651381918633328,0.1016949152542373,0.1016949152542373,0.10903326287684949,0.08757062146892655,0.12171093431614012,0.12171093431614012,0.7674456543715169,189,8.512795448303223,-2.680964469909668,1506.7647705078125,25.976837158203125,7.717873573303223,11.12482738494873,11.19375991821289,0.7604267988323405,1.102854628652798,4.2233418753312435e-06,-1.4372358236869331e-06,0.0007475314778275788,1.2983153283130378e-05,3.7448353396030143e-06,5.618067461909959e-06,5.660577699018177e-06,0.004199569883702091,0.004207585161723233
2021-07-30_02h22m33s_C24H40O5_+Cl_-CO2_25,2021-07-30_02h22m33s,Cholic acid,C24H40O5,+Cl,-CO2,25,0.0,0.0,0.0,0.0,0.0022026921793302924,0.0022538766678687344,0.002179421301628364,0.002179421301628364,0.0,54,0.0,-0.12164544314146042,0.0,0.0,0.13429075479507446,0.12195504456758499,0.12164544314146042,0.0,0.0,0.0,-5.555735071993695e-08,0.0,0.0,6.041776146048505e-08,5.5759237227448466e-08,5.555735071993695e-08,0.0,0.0
2021-07-30_02h22m33s_C24H40O5_-H_-CH2O3_25,2021-07-30_02h22m33s,Cholic acid,C24H40O5,-H,-CH2O3,25,0.0,0.0,0.0,0.0,0.00014462120369340304,0.00015025844452458227,0.0001417509789676985,0.0001417509789676985,0.0,5,0.0,-0.008025821298360825,0.0,0.0,0.008397148922085762,0.00782715529203415,0.008025821298360825,0.0,0.0,0.0,-3.8853493755652835e-09,0.0,0.0,3.1028783986641884e-09,3.789174307655685e-09,3.8853493755652835e-09,0.0,0.0
2021-07-30_02h22m33s_C24H40O5_[M]-_+C12H14N2_25,2021-07-30_02h22m33s,Cholic acid,C24H40O5,[M]-,+C12H14N2,25,0.0,0.0,0.0,0.0,0.00044498831905662476,0.0004808270224786633,0.0004252529369030955,0.0004252529369030955,0.0,13,0.0,-0.026288190856575966,0.0,0.0,0.029339876025915146,0.025637472048401833,0.026288190856575966,0.0,0.0,0.0,-1.2778239799615676e-08,0.0,0.0,1.1893068752044655e-08,1.246193637172155e-08,1.2778239799615676e-08,0.0,0.0
2021-07-30_02h22m33s_C24H40O5_+Cl_+C12H14N2_25,2021-07-30_02h22m33s,Cholic acid,C24H40O5,+Cl,+C12H14N2,25,0.5570751565327197,33.29165247761229,0.005649717514124294,0.005649717514124294,0.0004894871509622872,0.001051809111672076,0.0001417509789676985,0.0001417509789676985,0.5568776002460621,11,0.32316386699676514,0.3142358064651489,57.20000457763672,4.287253379821777,0.09993389248847961,0.00870705395936966,0.008928053081035614,32.550578080013175,3.201737880401773,1.0727826804668439e-07,1.0316443876945414e-07,1.8988253941643052e-05,1.4232072089725989e-06,3.9575827059934454e-08,4.011998289144003e-09,4.113829277230252e-09,0.00010727782672402001,0.0001072740225885184
2021-07-30_02h22m33s_C4H5N3O_[M]-_-H2_126,2021-07-30_02h22m33s,Cytosine,C4H5N3O,[M]-,-H2,126,1.0017274995712417,1.406613972100858,0.9943502824858758,0.9943502824858758,0.9874513294026032,0.9955824017309772,0.9826355050764569,0.9826355050764569,1.0009942486982606,189,3028.601318359375,895.939453125,536062.4375,783.86572265625,1912.177978515625,2153.11376953125,2132.661865234375,1.4201031807371665,1.583848244535352,0.0013455499429255724,0.00032257172279059887,0.2381623387336731,0.0005077255773358047,0.0009051564265973866,0.0010298123816028237,0.0010229782201349735,0.6651331831124692,0.7062674351253809
2021-07-30_02h22m33s_C4H5N3O_[M]-_+H2_126,2021-07-30_02h22m33s,Cytosine,C4H5N3O,[M]-,+H2,126,0.0,0.0,0.0,0.0,0.003737901880075648,0.00865488640461594,0.000850505873806191,0.000850505873806191,0.0,137,0.0,-0.04712243378162384,0.0,0.0,0.5576684474945068,0.04697607085108757,0.04712243378162384,0.0,0.0,0.0,-2.173954527506794e-08,0.0,0.0,2.3870001086834236e-07,2.155493028510591e-08,2.173954527506794e-08,0.0,0.0
2021-07-30_02h22m33s_C4H5N3O_+Cl_-H2_126,2021-07-30_02h22m33s,Cytosine,C4H5N3O,+Cl,-H2,126,0.5223931506211523,5.764292539390337,0.005649717514124294,0.005649717514124294,0.0011458449215708088,0.0016828945786753215,0.0008150681290642664,0.0008150681290642664,0.5232463253887174,39,0.30408775806427,0.2531942129135132,53.82353210449219,4.034180164337158,0.10740119963884354,0.0517536997795105,0.050893545150756836,5.859837811829186,2.8052065759178726,1.3740793747274438e-07,1.1474494954200054e-07,2.4321205273736268e-05,1.8229221723231603e-06,4.410749454564211e-08,2.3164474782788602e-08,2.266298793074384e-08,0.00013740482346888847,0.00013740187702020315
2021-07-30_02h22m33s_C4H5N3O_[M]-__126,2021-07-30_02h22m33s,Cytosine,C4H5N3O,[M]-,,126,2.2818087360157495,4.025724914427848,0.05649717514124294,0.05649717514124294,0.025130715318722883,0.0425531914893617,0.014759820685011606,0.014759820685011606,2.2891858630814026,188,3.5863077640533447,2.70540189743042,634.7764892578125,14.805397987365723,2.714223861694336,0.8898476958274841,0.8809058666229248,4.066542586666721,1.3208147639861418,1.4371402130564093e-06,1.0193660955337691e-06,0.00025437382282689214,6.016745828674175e-06,1.1788254141720245e-06,4.2086389839823823e-07,4.177740891009307e-07,0.0014365400638397816,0.001435448070390309
2021-07-30_02h22m33s_C4H5N3O_[M]-_+HCl_126,2021-07-30_02h22m33s,Cytosine,C4H5N3O,[M]-,+HCl,126,1.299613597497753,1.4664322996344905,0.1864406779661017,0.1864406779661017,0.12053621092446323,0.09826902271907681,0.13345854669808813,0.13345854669808813,1.3125209451330664,189,15.983427047729492,5.216302871704102,2829.066650390625,35.37519073486328,8.005210876464844,10.89853286743164,10.76712417602539,1.4843278909539022,1.9963784734567225,6.374700660671806e-06,1.849371983553283e-06,0.0011283219791948795,1.416249870089814e-05,3.3547053135407623e-06,4.5728938857791945e-06,4.525328677118523e-06,0.006345983001809212,0.006353386919812929
2021-07-30_02h22m33s_C4H5N3O_+Cl_-H2O_126,2021-07-30_02h22m33s,Cytosine,C4H5N3O,+Cl,-H2O,126,0.0,0.0,0.0,0.0,0.0008899766381132495,0.0017730496453900709,0.00037209631979020857,0.00037209631979020857,0.0,30,0.0,-0.021355872973799706,0.0,0.0,0.12722116708755493,0.02087908610701561,0.021355872973799706,0.0,0.0,0.0,-9.672466383392475e-09,0.0,0.0,5.234644717688752e-08,9.456520899675525e-09,9.672466383392475e-09,0.0,0.0
2021-07-30_02h22m33s_C4H5N3O_+Cl_+H2_126,2021-07-30_02h22m33s,Cytosine,C4H5N3O,+Cl,+H2,126,0.8309728388277827,0.9204949976424521,0.0903954802259887,0.0903954802259887,0.08829680720881077,0.07050126217093401,0.09878271346811489,0.09878271346811489,0.8378874729629028,188,6.177468299865723,-0.4671039581298828,1093.411865234375,20.639320373535156,4.70681619644165,6.710028648376465,6.6445722579956055,0.9295615275920467,1.312172787148082,2.9015357085881988e-06,-3.2429397833766416e-07,0.0005135718383826315,9.648059858591296e-06,2.3087607132765697e-06,3.2500472570973216e-06,3.225829686925863e-06,0.002892205944790789,0.002894852187586756
2021-07-30_02h22m33s_C4H5N3O_-H_-H2_126,2021-07-30_02h22m33s,Cytosine,C4H5N3O,-H,-H2,126,1.004335564854003,1.4000489424400866,1.0,1.0,0.9909778618311269,0.9999098449332853,0.9856831511242624,0.9856831511242624,1.003696853972358,189,4245.26904296875,1243.37158203125,751412.625,1086.3424072265625,2675.419677734375,3032.22802734375,3001.8974609375,1.4141947498260625,1.586766925403211,0.0018870786298066378,0.0004438067553564906,0.3340129256248474,0.0007074206951074302,0.0012682181550189853,0.001453559147194028,0.0014432718744501472,0.7723572024629148,0.8319652259334124
2021-07-30_02h22m33s_C4H5N3O_+Cl_+HCl_126,2021-07-30_02h22m33s,Cytosine,C4H5N3O,+Cl,+HCl,126,0.9203260841027722,1.995610434893358,0.01694915254237288,0.01694915254237288,0.008655022805651351,0.009015506671474938,0.008416464376207099,0.008416464376207099,0.923411425921491,142,1.003389835357666,0.5058201551437378,177.60000610351562,7.6661553382873535,0.5429739356040955,0.5017984509468079,0.49756965041160583,2.012536933464149,1.844554986340253,4.0794634514895733e-07,1.5339821857196512e-07,7.220650149974972e-05,3.11630219584913e-06,2.62008740037345e-07,2.562913152814872e-07,2.545481265769922e-07,0.00040784252959711,0.0004078394876386636
2021-07-30_02h22m33s_C4H5N3O_+Cl__126,2021-07-30_02h22m33s,Cytosine,C4H5N3O,+Cl,,126,0.9040733440453457,5.13487092620114,0.011299435028248588,0.011299435028248588,0.0032484147291133606,0.004477701646832552,0.002498361004305686,0.002498361004305686,0.8999652504491712,99,0.745829164981842,0.5982872843742371,132.0117645263672,7.088787078857422,0.2734060287475586,0.1442478895187378,0.14754188060760498,5.021002574701868,2.7179765998070393,2.7826294513033645e-07,2.1321646670457994e-07,4.92525432491675e-05,2.612609478092054e-06,1.1649785136569335e-07,6.359426407698265e-08,6.50464784257565e-08,0.0002782448462829456,0.0002782305318711891
2021-07-30_02h22m33s_C4H5N3O_[M]-_-H2O_126,2021-07-30_02h22m33s,Cytosine,C4H5N3O,[M]-,-H2O,126,0.0,0.0,0.0,0.0,0.00014462120369340304,0.00018031013342949875,0.00012403210659673618,0.00012403210659673618,0.0,5,0.0,-0.005765403155237436,0.0,0.0,0.010226413607597351,0.006576133891940117,0.005765403155237436,0.0,0.0,0.0,-2.231707485478296e-09,0.0,0.0,5.160824212424586e-09,2.5505935141723057e-09,2.231707485478296e-09,0.0,0.0
2021-07-30_02h22m33s_C4H5N3O_-H_+HCl_126,2021-07-30_02h22m33s,Cytosine,C4H5N3O,-H,+HCl,126,0.9040733440453457,5.13487092620114,0.011299435028248588,0.011299435028248588,0.0032484147291133606,0.004477701646832552,0.002498361004305686,0.002498361004305686,0.8999652504491712,99,0.745829164981842,0.5982872843742371,132.0117645263672,7.088787078857422,0.2734060287475586,0.1442478895187378,0.14754188060760498,5.021002574701868,2.7179765998070393,2.7826294513033645e-07,2.1321646670457994e-07,4.92525432491675e-05,2.612609478092054e-06,1.1649785136569335e-07,6.359426407698265e-08,6.50464784257565e-08,0.0002782448462829456,0.0002782305318711891
2021-07-30_02h22m33s_C4H5N3O_-H_+C12H14N2_126,2021-07-30_02h22m33s,Cytosine,C4H5N3O,-H,+C12H14N2,126,1.4203335463794577,1.6192441090537995,0.4293785310734463,0.4293785310734463,0.28964289687395706,0.28437913210722443,0.2923082375037653,0.2923082375037653,1.425949273389854,189,37.1893424987793,14.367361068725586,6582.513671875,45.99331283569336,22.302791595458984,22.966100692749023,22.82198143005371,1.6294690775942051,1.6674000175983972,1.6387073628720827e-05,5.325932761479635e-06,0.002900511957705021,2.0973559003323317e-05,1.08722106233472e-05,1.1104552868346218e-05,1.1061140867241193e-05,0.01620779690401785,0.016210826112843534
2021-07-30_02h22m33s_C4H5N3O_-H_-NH3_126,2021-07-30_02h22m33s,Cytosine,C4H5N3O,-H,-NH3,126,0.0,0.0,0.0,0.0,0.00013349649571698743,0.0002103618223344152,8.859436185481156e-05,8.859436185481156e-05,0.0,7,0.0,-0.005223830230534077,0.0,0.0,0.01143378484994173,0.005107204429805279,0.005223830230534077,0.0,0.0,0.0,-2.203851101612031e-09,0.0,0.0,4.381473406311898e-09,2.1546482376066933e-09,2.203851101612031e-09,0.0,0.0
2021-07-30_02h22m33s_C4H5N3O_[M]-_+C12H14N2_126,2021-07-30_02h22m33s,Cytosine,C4H5N3O,[M]-,+C12H14N2,126,0.812269844422846,1.034564572784164,0.10734463276836158,0.10734463276836158,0.12054733563243965,0.11789277557398725,0.12215390612541419,0.12215390612541419,0.8063082293973112,189,14.639281272888184,0.39948368072509766,2591.15283203125,45.76401901245117,14.114204406738281,14.149186134338379,14.239797592163086,1.0279818372634122,1.0371285353756352,6.722559191985056e-06,-5.674064595950767e-07,0.001189892995171249,2.083000072161667e-05,7.111116701707942e-06,7.232149528135778e-06,7.2899656515801325e-06,0.006673906641804448,0.006675091834952094
2021-07-30_02h22m33s_C4H5N3O_[M]-_-NH3_126,2021-07-30_02h22m33s,Cytosine,C4H5N3O,[M]-,-NH3,126,0.0,0.0,0.0,0.0,0.00015574591166981868,0.00024041351123933166,0.00010631323422577388,0.00010631323422577388,0.0,8,0.0,-0.006293471436947584,0.0,0.0,0.013380661606788635,0.0061529651284217834,0.006293471436947584,0.0,0.0,0.0,-2.6295294830447347e-09,0.0,0.0,5.819123849448715e-09,2.5708233319932106e-09,2.6295294830447347e-09,0.0,0.0
2021-07-30_02h22m33s_C4H5N3O_+Cl_+C12H14N2_126,2021-07-30_02h22m33s,Cytosine,C4H5N3O,+Cl,+C12H14N2,126,1.4282163438643483,1.9083998692494115,0.2542372881355932,0.2542372881355932,0.18206697074201802,0.20552350042072365,0.16801034782146465,0.16801034782146465,1.423767209369307,189,33.08456802368164,15.699804306030273,5855.96875,61.47465896606445,21.796724319458008,17.33528709411621,17.384763717651367,1.9029689210656668,1.517799176593324,1.4455146811087616e-05,6.158592441352084e-06,0.0025585610419511795,2.9506734790629707e-05,1.0340260814700741e-05,8.25564802653389e-06,8.296554369735532e-06,0.014336205701033281,0.01430720656368927
2021-07-30_02h22m33s_C4H5N3O_-H_-H2O_126,2021-07-30_02h22m33s,Cytosine,C4H5N3O,-H,-H2O,126,0.0,0.0,0.0,0.0,5.5623539882078096e-05,9.015506671474937e-05,3.5437744741924624e-05,3.5437744741924624e-05,0.0,3,0.0,-0.0019580479711294174,0.0,0.0,0.00481887673959136,0.0019143330864608288,0.0019580479711294174,0.0,0.0,0.0,-7.71642749697321e-10,0.0,0.0,1.8599438655897416e-09,7.544152524907588e-10,7.71642749697321e-10,0.0,0.0
2021-07-30_02h22m33s_C4H5N3O_-H__126,2021-07-30_02h22m33s,Cytosine,C4H5N3O,-H,,126,0.0,0.0,0.0,0.0,0.007876293247302258,0.010187522538766678,0.006538263904885093,0.006538263904885093,0.0,153,0.0,-0.900637149810791,0.0,0.0,1.3513685464859009,0.8838476538658142,0.900637149810791,0.0,0.0,0.0,-4.5991140495971194e-07,0.0,0.0,6.386487143572595e-07,4.5101688783688587e-07,4.5991140495971194e-07,0.0,0.0
2021-07-30_02h22m33s_C4H5N3O_+Cl_-NH3_126,2021-07-30_02h22m33s,Cytosine,C4H5N3O,+Cl,-NH3,126,0.0,0.0,0.0,0.0,0.000467237735009456,0.000721240533717995,0.0003189397026773216,0.0003189397026773216,0.0,24,0.0,-0.018461799249053,0.0,0.0,0.040028851479291916,0.01804962567985058,0.018461799249053,0.0,0.0,0.0,-7.7823276711797e-09,0.0,0.0,1.7996987011770216e-08,7.608581320539543e-09,7.7823276711797e-09,0.0,0.0
2021-07-30_02h22m33s_C6H12O6_-H__91,2021-07-30_02h22m33s,Glucose,C6H12O6,-H,,91,2.994747610561578,9.727899807592424,0.5084745762711864,0.1694915254237288,0.1613861386138614,0.16224906839764394,0.15978879104133814,0.15978879104133814,2.9736714816134753,17,128.30789184570312,114.97991943359375,22710.49609375,332.0016784667969,53.76283645629883,13.188680648803711,13.327973365783691,9.626239645363649,2.3865092281871734,5.8225024986313656e-05,5.169598443899304e-05,0.010305829346179962,0.0001295803813263774,2.3975608200998977e-05,6.475581812992459e-06,6.529040092573268e-06,0.05784733740117278,0.05686173041622346
2021-07-30_02h22m33s_C6H12O6_-H__124,2021-07-30_02h22m33s,myo-Inositol,C6H12O6,-H,,124,2.495623008801315,3.332706072786804,0.423728813559322,0.04519774011299435,0.1613861386138614,0.1626998437312177,0.15978879104133814,0.15978879104133814,2.495082599542847,17,43.95732879638672,30.725605010986328,7780.447265625,63.089073181152344,54.21150588989258,13.188680648803711,13.231722831726074,3.3218657532066613,0.8108337379877907,2.0024337572976947e-05,1.351854189124424e-05,0.00354430777952075,2.921515260823071e-05,2.4178803869290277e-05,6.475581812992459e-06,6.505796136480058e-06,0.019894905374456172,0.019551603194018583
2021-07-30_02h22m33s_C6H12O6_-H_-H2_91,2021-07-30_02h22m33s,Glucose,C6H12O6,-H,-H2,91,1.7934136265769294,2.7290115957513876,0.5310734463276836,0.07909604519774012,0.3351095783735677,0.41714749368914533,0.2861243510462994,0.2861243510462994,1.7921684521168098,120,79.82147216796875,50.47718048095703,14128.400390625,117.83323669433594,61.44384002685547,29.24822425842285,29.34429168701172,2.7200776540005522,1.2990752703250832,3.9192444091895595e-05,2.445925201755017e-05,0.006937062367796898,5.103291914565489e-05,2.882690569094848e-05,1.4709337847307324e-05,1.4733191164850723e-05,0.03862339818302888,0.038094303206013445
2021-07-30_02h22m33s_C6H12O6_-H_-H2_124,2021-07-30_02h22m33s,myo-Inositol,C6H12O6,-H,-H2,124,1.4881517326914946,1.647095893381558,0.4406779661016949,0.022598870056497175,0.3351095783735677,0.417628320711624,0.2861243510462994,0.2861243510462994,1.491249457486113,120,48.17627716064453,19.010835647583008,8527.201171875,63.84138488769531,61.61216735839844,29.24822425842285,29.165441513061523,1.651770825010308,0.7819152824980952,2.0897312424494885e-05,6.19501770415809e-06,0.003698824206367135,2.7921547371079214e-05,2.8924223443027586e-05,1.4709337847307324e-05,1.4702294720336795e-05,0.020594525638925863,0.020309865341266296
2021-07-30_02h22m33s_C6H12O6_-H_-CH2O2_91,2021-07-30_02h22m33s,Glucose,C6H12O6,-H,-CH2O2,91,0.5354765933339108,0.829206318854848,0.01694915254237288,0.0,0.025008343530982313,0.030742877749729534,0.021652462037315946,0.021652462037315946,0.5313156768985792,20,0.9719729423522949,-0.21899044513702393,172.03921508789062,7.697634220123291,6.363321781158447,1.1711726188659668,1.1909633874893188,0.8154385885959142,0.15272215575740017,5.002458465241943e-07,-7.755818387522595e-08,8.854351472109556e-05,4.015595095552271e-06,2.683572574824211e-06,5.688528972314089e-07,5.778040303994203e-07,0.0004999569693722647,0.00049890699339932
2021-07-30_02h22m33s_C6H12O6_-H_-CH2O2_124,2021-07-30_02h22m33s,myo-Inositol,C6H12O6,-H,-CH2O2,124,0.5354765933339108,0.49752384216262474,0.01694915254237288,0.0,0.025008343530982313,0.030742877749729534,0.021652462037315946,0.021652462037315946,0.5329200503724921,20,0.5831838250160217,-0.599693238735199,103.2235336303711,4.441395282745361,6.365389347076416,1.1711726188659668,1.1828770637512207,0.4926050540823483,0.09160354373925188,2.813099797549512e-07,-2.9343831897676864e-07,4.9791866331361234e-05,2.170378593291389e-06,2.684737410163507e-06,5.688528972314089e-07,5.747482987317198e-07,0.00028114839019599487,0.00028055675852965245
2021-07-30_02h22m33s_C6H12O6_+Cl_-H2_91,2021-07-30_02h22m33s,Glucose,C6H12O6,+Cl,-H2,91,7.60308958515041,13.682717417518063,0.14689265536723164,0.005649717514124294,0.017632662142618757,0.0310433946387787,0.009320126867126176,0.009320126867126176,8.329617491864356,10,34.54990768432617,32.55574035644531,6115.33349609375,100.68840789794922,71.16999816894531,2.524076461791992,1.9941675662994385,17.316794973972055,0.4854492500205181,1.5553274351987056e-05,1.4521115190291312e-05,0.0027529296930879354,4.2125793697778136e-05,3.1876639695838094e-05,1.2929407375850133e-06,1.0321591616957448e-06,0.01553723745000559,0.01507280400937425
2021-07-30_02h22m33s_C6H12O6_+Cl_-H2_124,2021-07-30_02h22m33s,myo-Inositol,C6H12O6,+Cl,-H2,124,4.0939713150809895,6.036493289348502,0.07909604519774012,0.0,0.017632662142618757,0.0314040149056377,0.009320126867126176,0.009320126867126176,4.044270773872465,10,15.242607116699219,12.654230117797852,2697.94140625,53.61701202392578,71.27269744873047,2.524076461791992,2.588376522064209,5.88659354358711,0.2138601989557751,5.922687250858871e-06,4.596809048962314e-06,0.0010483156656846404,2.09556474146666e-05,3.192786971339956e-05,1.2929407375850133e-06,1.3258779745228821e-06,0.005914844888298756,0.005739439184352872
2021-07-30_02h22m33s_C6H12O6_+Cl_-H2O_91,2021-07-30_02h22m33s,Glucose,C6H12O6,+Cl,-H2O,91,4.273597471446626,10.896376232019131,0.096045197740113,0.011299435028248588,0.018956502391812215,0.029540810193532878,0.012474086149157468,0.012474086149157468,4.208376673396698,13,16.036823272705078,14.523834228515625,2838.517578125,74.51911926269531,22.046754837036133,1.4707574844360352,1.512988805770874,10.592431867116513,0.727367634085181,6.8470899350359105e-06,6.149025466584135e-06,0.001211934955790639,2.8411826860974543e-05,9.14925567485625e-06,6.788617383790552e-07,6.980646958254511e-07,0.006842313557503649,0.006785012124353203
2021-07-30_02h22m33s_C6H12O6_+Cl_-H2O_124,2021-07-30_02h22m33s,myo-Inositol,C6H12O6,+Cl,-H2O,124,0.2513880865556839,0.33019323019726526,0.005649717514124294,0.0,0.018956502391812215,0.03002163721601154,0.012474086149157468,0.012474086149157468,0.24887517780432267,13,0.4859643578529358,-1.0144457817077637,86.01569366455078,6.447046279907227,22.129472732543945,1.4707574844360352,1.5004100799560547,0.32367196966411715,0.021959059064215167,2.201775259891292e-07,-4.732868887913355e-07,3.8971422327449545e-05,2.9209850254119374e-06,9.184504051518161e-06,6.788617383790552e-07,6.934644147804647e-07,0.00022002494651835475,0.0002181737086778428
2021-07-30_02h22m33s_C6H12O6_-H_+C12H14N2_91,2021-07-30_02h22m33s,Glucose,C6H12O6,-H,+C12H14N2,91,1.0235893295115366,1.0997488045238346,1.0,1.0,0.9729669596173101,0.9830207957687223,0.9669543030281553,0.9669543030281553,1.0236431885135373,189,450.91888427734375,41.077545166015625,79812.640625,98.65673828125,450.4433288574219,410.0188903808594,409.8413391113281,1.1002252360141291,1.0010535273495964,0.00023135692754294723,3.3636955777183175e-05,0.04095017537474632,6.354170182021335e-05,0.00021540660236496478,0.00019815292034763843,0.00019771997176576406,0.19316445663159842,0.19035352209932696
2021-07-30_02h22m33s_C6H12O6_-H_+C12H14N2_124,2021-07-30_02h22m33s,myo-Inositol,C6H12O6,-H,+C12H14N2,124,1.0062403578249002,1.1161752477648565,0.9830508474576272,0.9830508474576272,0.9729669596173101,0.983110950835437,0.9669543030281553,0.9669543030281553,1.0064898911385154,189,457.654052734375,47.6378173828125,81004.765625,125.9371337890625,450.407470703125,410.0188903808594,410.0162353515625,1.116182475456104,1.0160866913092,0.00020477802900131792,6.16328907199204e-06,0.03624571114778519,7.526821718784049e-05,0.00021554797422140837,0.00019815292034763843,0.00019861473992932588,0.17084557879990053,0.16846560838743022
2021-07-30_02h22m33s_C6H12O6_[M]-_+H2_91,2021-07-30_02h22m33s,Glucose,C6H12O6,[M]-,+H2,91,0.9462126498479232,1.00310325680689,0.1638418079096045,0.1638418079096045,0.17880743130492824,0.2054333453540089,0.16315537679182096,0.16315537679182096,0.9447606714043345,189,10.932536125183105,-0.0018291473388671875,1935.058837890625,25.558338165283203,15.137879371643066,10.897714614868164,10.934365272521973,0.9997412846056477,0.722149629229562,5.913624590903055e-06,4.261441972630564e-07,0.001046711578965187,1.404834802087862e-05,7.538662885053782e-06,5.482383130583912e-06,5.4874803936399985e-06,0.005881350793734318,0.005869377333838074
2021-07-30_02h22m33s_C6H12O6_[M]-_+H2_124,2021-07-30_02h22m33s,myo-Inositol,C6H12O6,[M]-,+H2,124,1.3051208963419634,1.4670385404248816,0.22598870056497175,0.22598870056497175,0.17880743130492824,0.20510277677605482,0.16315537679182096,0.16315537679182096,1.31107202829257,189,15.988834381103516,5.150458335876465,2830.023681640625,31.425891876220703,15.110984802246094,10.897714614868164,10.83837604522705,1.4750696271068064,1.0580234555772645,7.5704542723542545e-06,2.101606696669478e-06,0.001339970389381051,1.5244482710841112e-05,7.529850336140953e-06,5.482383130583912e-06,5.4688475756847765e-06,0.007529277799712639,0.007513875911297847
2021-07-30_02h22m33s_C6H12O6_-H_-CO2_91,2021-07-30_02h22m33s,Glucose,C6H12O6,-H,-CO2,91,0.4598599699217341,2.396200560341259,0.005649717514124294,0.005649717514124294,0.0032484147291133606,0.004868373602596466,0.002285734535854138,0.002285734535854138,0.4585914103654324,78,0.3161183297634125,0.1832219362258911,55.95294189453125,4.193783283233643,0.32442912459373474,0.13092482089996338,0.13289639353752136,2.3609174333349587,0.9713891777758188,1.4573346618362848e-07,8.182403377077208e-08,2.5794823159230873e-05,1.9333729142090306e-06,1.4605747367113509e-07,6.283413966912121e-08,6.39094324128564e-08,0.00014572415303571912,0.00014571218383017514
2021-07-30_02h22m33s_C6H12O6_-H_-CO2_124,2021-07-30_02h22m33s,myo-Inositol,C6H12O6,-H,-CO2,124,0.0,0.0,0.0,0.0,0.0032484147291133606,0.004898425291501383,0.002285734535854138,0.002285734535854138,0.0,78,0.0,-0.12873263657093048,0.0,0.0,0.3261106014251709,0.13092482089996338,0.12873263657093048,0.0,0.0,0.0,-6.195156743160624e-08,0.0,0.0,1.4683264737413992e-07,6.283413966912121e-08,6.195156743160624e-08,0.0,0.0
2021-07-30_02h22m33s_C6H12O6_-H_-H2O_91,2021-07-30_02h22m33s,Glucose,C6H12O6,-H,-H2O,91,0.904973994404834,1.4408794936918288,0.3107344632768362,0.3107344632768362,0.3544888196684837,0.39055174900829426,0.33336286478728494,0.33336286478728494,0.8986613332298086,189,38.78622055053711,11.654207229614258,6865.1611328125,67.25665283203125,41.304771423339844,26.917434692382812,27.13201332092285,1.4294844472960995,0.939002449633974,2.069762376777362e-05,7.897844625404105e-06,0.0036634793505072594,3.7021418393123895e-05,1.9219520254409872e-05,1.2723411600745749e-05,1.2799779142369516e-05,0.02043604688115177,0.020307326691120706
2021-07-30_02h22m33s_C6H12O6_-H_-H2O_124,2021-07-30_02h22m33s,myo-Inositol,C6H12O6,-H,-H2O,124,1.5631368994265313,2.3420277206237774,0.536723163841808,0.536723163841808,0.3544888196684837,0.3893496814520976,0.33336286478728494,0.33336286478728494,1.5694176731230174,189,63.04372024536133,36.24341583251953,11158.73828125,71.24510955810547,41.17574691772461,26.917434692382812,26.80030632019043,2.352262964058141,1.53105150271655,2.779743226710707e-05,1.5098235962796025e-05,0.004920145496726036,3.110882607870735e-05,1.9181754396413453e-05,1.2723411600745749e-05,1.2699196304311045e-05,0.027448853883314507,0.027274264033081565
2021-07-30_02h22m33s_C6H12O6_[M]-_-H2O_91,2021-07-30_02h22m33s,Glucose,C6H12O6,[M]-,-H2O,91,0.4940416094373107,0.49888869823953813,0.062146892655367235,0.062146892655367235,0.1123261764378685,0.10671354730135833,0.11579283094423871,0.11579283094423871,0.494359312209559,189,4.019585609436035,-4.047246932983398,711.4666748046875,16.11541748046875,7.532484531402588,8.056078910827637,8.066832542419434,0.4982237284055745,0.5335626020974475,2.1426137664093403e-06,-1.8956345684273401e-06,0.0003792426432482898,9.084000339498743e-06,3.7352901927079074e-06,4.043655735586071e-06,4.0382483348366804e-06,0.0021339961599697943,0.002134640265560433
2021-07-30_02h22m33s_C6H12O6_[M]-_-H2O_124,2021-07-30_02h22m33s,myo-Inositol,C6H12O6,[M]-,-H2O,124,0.9880832188746214,0.9784239275384798,0.12429378531073447,0.12429378531073447,0.1123261764378685,0.10638297872340426,0.11579283094423871,0.11579283094423871,0.987463961626924,189,7.883238792419434,-0.16036033630371094,1395.333251953125,21.365402221679688,7.511932849884033,8.056078910827637,8.043599128723145,0.9799417803520407,1.0492891324778866,3.8831381061754655e-06,-1.611388142919168e-07,0.000687315477989614,1.0774995644169394e-05,3.72603199139121e-06,4.043655735586071e-06,4.044276920467382e-06,0.0038674968778125486,0.003868723120064271
2021-07-30_02h22m33s_C6H12O6_+Cl_+HCl_91,2021-07-30_02h22m33s,Glucose,C6H12O6,+Cl,+HCl,91,1.9070650746451379,3.8486111239496203,0.03954802259887006,0.03954802259887006,0.0157414617866281,0.024101454501743,0.01073763665680316,0.01073763665680316,1.9186650549792093,181,2.4683284759521484,1.8352108001708984,436.8941345214844,12.398036003112793,1.7110997438430786,0.64035564661026,0.6331176161766052,3.89254045777007,1.4416966563008735,1.1040294793929206e-06,8.273906360045657e-07,0.00019541321671567857,5.500459337781649e-06,7.441940965691174e-07,2.8136628316133283e-07,2.766388718100643e-07,0.0011037241463902738,0.0011032084781561918
2021-07-30_02h22m33s_C6H12O6_+Cl_+HCl_124,2021-07-30_02h22m33s,myo-Inositol,C6H12O6,+Cl,+HCl,124,1.6346272068386893,3.73198648811151,0.03389830508474576,0.03389830508474576,0.0157414617866281,0.024131506190647915,0.01073763665680316,0.01073763665680316,1.638857311318121,181,2.3935306072235107,1.756197214126587,423.6549072265625,13.240230560302734,1.7114976644515991,0.64035564661026,0.6373333930969238,3.7496559526850253,1.397684012602728,9.441342854188406e-07,6.630648385907989e-07,0.0001671117643127218,5.376114586397307e-06,7.450445878021128e-07,2.8136628316133283e-07,2.8106941840633226e-07,0.0009438689927100078,0.0009434313869700159
2021-07-30_02h22m33s_C6H12O6_+Cl_+H2_91,2021-07-30_02h22m33s,Glucose,C6H12O6,+Cl,+H2,91,0.9226297958186275,1.0221487070993691,0.423728813559322,0.423728813559322,0.4695739236845033,0.5042673398244981,0.4492620089657494,0.4492620089657494,0.9171291556397192,189,36.13461685180664,0.4478645324707031,6395.8271484375,46.79766845703125,41.976375579833984,35.350624084472656,35.68675231933594,1.0125215095776314,0.860811719472186,1.8378563254373148e-05,2.2039530449546874e-06,0.003253005677834153,2.3865559342084453e-05,1.8687827832764015e-05,1.6053356375778094e-05,1.617461020941846e-05,0.018086028788483113,0.01804140851812585
2021-07-30_02h22m33s_C6H12O6_+Cl_+H2_124,2021-07-30_02h22m33s,myo-Inositol,C6H12O6,+Cl,+H2,124,1.131759216204183,1.2787551100415988,0.519774011299435,0.519774011299435,0.4695739236845033,0.5037564611131146,0.4492620089657494,0.4492620089657494,1.135133548219148,189,45.20606994628906,9.974803924560547,8001.474609375,50.24271011352539,41.928123474121094,35.350624084472656,35.231266021728516,1.2830872109789784,1.0781544234806273,1.8886663383455016e-05,2.8548038244480267e-06,0.003342939307913184,2.0938427041983232e-05,1.8685124814510345e-05,1.6053356375778094e-05,1.603185955900699e-05,0.018588652713756912,0.018540236745769736
2021-07-30_02h22m33s_C6H12O6_[M]-_-CH2O2_91,2021-07-30_02h22m33s,Glucose,C6H12O6,[M]-,-CH2O2,91,0.6528590737919773,0.8270831008189081,0.03389830508474576,0.03389830508474576,0.04133941484036044,0.04038946988820772,0.04192285202969683,0.04192285202969683,0.6524441749562876,189,2.1956353187561035,-0.46231889724731445,388.6274719238281,11.842191696166992,2.7653326988220215,2.6536731719970703,2.657954216003418,0.8257514572989854,0.7936989356670887,1.27785074255371e-06,-5.7691863730724435e-08,0.00022617957438342273,6.941581887076609e-06,1.3544522516895086e-06,1.3352860150916968e-06,1.3355426062844344e-06,0.0012761463946717696,0.0012761222958366828
2021-07-30_02h22m33s_C6H12O6_[M]-_-CH2O2_124,2021-07-30_02h22m33s,myo-Inositol,C6H12O6,[M]-,-CH2O2,124,0.6528590737919773,0.8518956962278981,0.03389830508474576,0.03389830508474576,0.04133941484036044,0.04038946988820772,0.04192285202969683,0.04192285202969683,0.654513733520088,189,2.261504650115967,-0.38506007194519043,400.28631591796875,12.52012825012207,2.7649824619293213,2.6536731719970703,2.6465647220611572,0.8541829520810964,0.8176135175269794,1.0970520634145942e-06,-2.373809593336773e-07,0.00019417822477407753,6.45223599349265e-06,1.3554139286497957e-06,1.3352860150916968e-06,1.3344330227482715e-06,0.0010955900718433312,0.0010955671164851394
2021-07-30_02h22m33s_C6H12O6_[M]-_-H2_91,2021-07-30_02h22m33s,Glucose,C6H12O6,[M]-,-H2,91,1.6608117356483882,1.8024619749359547,0.2598870056497175,0.2598870056497175,0.14511069084436534,0.14217454020915976,0.14648191789074544,0.14648191789074544,1.6702855186970837,189,23.246549606323242,10.415236473083496,4114.63916015625,41.682254791259766,12.132697105407715,12.896109580993652,12.831313133239746,1.8115634620937775,1.915866978083933,1.1919789358216804e-05,5.4137021834321786e-06,0.002109802793711424,2.2118008928373456e-05,6.062710326659726e-06,6.555307663802523e-06,6.506087174784625e-06,0.011842739462883025,0.011847958617158719
2021-07-30_02h22m33s_C6H12O6_[M]-_-H2_124,2021-07-30_02h22m33s,myo-Inositol,C6H12O6,[M]-,-H2,124,1.0109288825685843,1.1118788984764896,0.15819209039548024,0.15819209039548024,0.14511069084436534,0.14271547060944825,0.14648191789074544,0.14648191789074544,1.005282892136606,189,14.3400239944458,1.373147964477539,2538.184326171875,34.725006103515625,12.180071830749512,12.896109580993652,12.966876029968262,1.1058113110664043,1.177238275391029,6.611750904994551e-06,6.383288564393297e-09,0.001170279923826456,1.659211739024613e-05,6.0909455896762665e-06,6.555307663802523e-06,6.605367616430158e-06,0.00656836444320847,0.006571722898390028
2021-07-30_02h22m33s_C6H12O6_[M]-_-CO2_91,2021-07-30_02h22m33s,Glucose,C6H12O6,[M]-,-CO2,91,0.8308639566754301,1.2038963115270638,0.062146892655367235,0.062146892655367235,0.06512404049393704,0.06569299194614737,0.06479791626060917,0.06479791626060917,0.8297609253297286,189,5.091924667358398,0.854332447052002,901.2706298828125,21.004423141479492,4.312128067016602,4.228537559509277,4.2375922203063965,1.2013244970733035,1.1805642188780385,2.6668446935218526e-06,5.965296168142231e-07,0.0004720315046142787,1.1569344678719062e-05,2.0840484467044007e-06,2.0697323179774685e-06,2.0703150767076295e-06,0.0026613348917712506,0.002661298418686173
2021-07-30_02h22m33s_C6H12O6_[M]-_-CO2_124,2021-07-30_02h22m33s,myo-Inositol,C6H12O6,[M]-,-CO2,124,0.3776654348524683,0.41244590742825793,0.02824858757062147,0.02824858757062147,0.06512404049393704,0.06587330207957687,0.06479791626060917,0.06479791626060917,0.37576250908169545,189,1.7444554567337036,-2.5133438110351562,308.76861572265625,10.292059898376465,4.329934120178223,4.228537559509277,4.25779914855957,0.40961205163284603,0.40278965422404467,9.125427027356636e-07,-1.1748388715204783e-06,0.00016152005991898477,5.534313913813094e-06,2.093379862344591e-06,2.0697323179774685e-06,2.087381517412723e-06,0.0009106418457778044,0.0009106363948447775
2021-07-30_02h22m33s_C6H12O6_-H_+HCl_91,2021-07-30_02h22m33s,Glucose,C6H12O6,-H,+HCl,91,7.078147360778215,100.40465167989315,0.7570621468926554,0.4576271186440678,0.12337301145844921,0.16480346195456186,0.09695766961390577,0.09695766961390577,7.067572643794352,9,1317.645263671875,1304.5037841796875,233223.21875,3059.916015625,28.415788650512695,13.12234878540039,13.141446113586426,100.25875337694684,46.36854923605529,0.0006180126219987869,0.0006123174680396914,0.10938823223114014,0.0011947931488975883,1.2229017556819599e-05,5.711300673283404e-06,5.695179879694479e-06,0.6145128607186088,0.6105462412947433
2021-07-30_02h22m33s_C6H12O6_-H_+HCl_124,2021-07-30_02h22m33s,myo-Inositol,C6H12O6,-H,+HCl,124,8.081765270142292,75.80068672748504,0.864406779661017,0.4689265536723164,0.12337301145844921,0.16423247986536843,0.09695766961390577,0.09695766961390577,8.162280425616869,9,994.7588500976562,981.7698974609375,176072.3125,1766.1890869140625,30.133270263671875,13.12234878540039,12.988975524902344,76.57896261549229,33.010882340724194,0.0004137390642426908,0.0004080845683347434,0.07323181629180908,0.0006651401636190712,1.3315579053596593e-05,5.711300673283404e-06,5.6545100051152986e-06,0.4114127268624155,0.40830228291674886
2021-07-30_02h22m33s_C6H12O6_[M]-_+HCl_91,2021-07-30_02h22m33s,Glucose,C6H12O6,[M]-,+HCl,91,0.6902742116266997,0.6631248176878601,0.11864406779661017,0.11864406779661017,0.1603960396039604,0.15810193532876549,0.1618796179811117,0.1618796179811117,0.681982157947606,189,7.633831977844238,-4.0502729415893555,1351.188232421875,22.054697036743164,10.677200317382812,11.510908126831055,11.684104919433594,0.6532959721352908,0.7148987423861386,4.076528966834303e-06,-1.401568624714855e-06,0.0007215455989353359,1.2328861885180231e-05,4.921434538118774e-06,5.405655429058243e-06,5.478097591549158e-06,0.004054319011621368,0.004056564848482861
2021-07-30_02h22m33s_C6H12O6_[M]-_+HCl_124,2021-07-30_02h22m33s,myo-Inositol,C6H12O6,[M]-,+HCl,124,0.8546252143949615,0.9050193792210358,0.14689265536723164,0.14689265536723164,0.1603960396039604,0.1579516768842409,0.1618796179811117,0.1618796179811117,0.8559866256688491,189,10.418499946594238,-1.0899467468261719,1844.074462890625,26.14173126220703,10.66238784790039,11.510908126831055,11.50844669342041,0.9052129284850998,0.9770346999659804,4.847272066399455e-06,-5.649944796459749e-07,0.000857967184856534,1.245732983079506e-05,4.917334990750533e-06,5.405655429058243e-06,5.41226654604543e-06,0.004821178562950686,0.004823553040254868
2021-07-30_02h22m33s_C6H12O6_+Cl_-CO2_91,2021-07-30_02h22m33s,Glucose,C6H12O6,+Cl,-CO2,91,1.0347782066765812,1.0092220463553574,0.9661016949152542,0.9661016949152542,0.9302035821559684,0.9411587931241736,0.9236316600811524,0.9236316600811524,1.0341305128568052,189,191.08761596679688,0.78662109375,33822.5078125,70.02566528320312,214.6410675048828,189.3404998779297,190.30099487304688,1.00412828617101,0.8902617189076875,9.656519978307188e-05,8.698465535417199e-06,0.017092039808630943,3.5913271858589724e-05,9.820178820518777e-05,8.759262709645554e-05,8.786673424765468e-05,0.08876565184232267,0.08793028824046101
2021-07-30_02h22m33s_C6H12O6_+Cl_-CO2_124,2021-07-30_02h22m33s,myo-Inositol,C6H12O6,+Cl,-CO2,124,1.0347782066765812,1.2336557477618513,0.9661016949152542,0.9661016949152542,0.9302035821559684,0.9411587931241736,0.9236316600811524,0.9236316600811524,1.0351422101060563,189,233.5822296142578,44.61668395996094,41344.0546875,88.1382064819336,214.41500854492188,189.3404998779297,188.96554565429688,1.2361036119143687,1.0893880135135547,9.967238293029368e-05,1.205934677273035e-05,0.017642011865973473,3.428261334192939e-05,9.818526450544596e-05,8.759262709645554e-05,8.761303615756333e-05,0.09164324039589211,0.09076099102019904
2021-07-30_02h22m33s_C6H12O6_-H_+H2_91,2021-07-30_02h22m33s,Glucose,C6H12O6,-H,+H2,91,0.922334049815054,1.0187115145832297,0.1638418079096045,0.1638418079096045,0.15970630770942262,0.14623151821132346,0.16763825150167444,0.16763825150167444,0.9342321495680903,189,18.711334228515625,0.5678901672363281,3311.906005859375,46.03141784667969,17.621477127075195,18.366647720336914,18.143444061279297,1.0312431819526553,1.061787970759656,1.0423989806440659e-05,1.5460054783034138e-06,0.001845046179369092,2.7488964406074956e-05,8.378353413718287e-06,9.009459063236136e-06,8.877984328137245e-06,0.010332260162642482,0.010337379586889938
2021-07-30_02h22m33s_C6H12O6_-H_+H2_124,2021-07-30_02h22m33s,myo-Inositol,C6H12O6,-H,+H2,124,0.5724832033334819,0.6438608907377134,0.1016949152542373,0.1016949152542373,0.15970630770942262,0.14656208678927757,0.16763825150167444,0.16763825150167444,0.5677773094205796,189,11.826210021972656,-6.650119781494141,2093.2392578125,37.440853118896484,17.658098220825195,18.366647720336914,18.476329803466797,0.6400389097213479,0.6696950135328046,4.803555384569336e-06,-4.28036400990095e-06,0.0008502292912453413,1.5742485629743896e-05,8.408248504565563e-06,9.009459063236136e-06,9.083919394470286e-06,0.004760313084219841,0.004763502670364747
2021-07-30_02h22m33s_C6H12O6_+Cl_-CH2O3_91,2021-07-30_02h22m33s,Glucose,C6H12O6,+Cl,-CH2O3,91,0.0,0.0,0.0,0.0,0.07436867282233842,0.055565572785190524,0.08568846678597374,0.08568846678597374,0.0,163,0.0,-170.86468505859375,0.0,0.0,96.53855895996094,166.1282501220703,170.86468505859375,0.0,0.0,0.0,-7.452683348674327e-05,0.0,0.0,4.0941704355645925e-05,7.246275345096365e-05,7.452683348674327e-05,0.0,0.0
2021-07-30_02h22m33s_C6H12O6_+Cl_-CH2O3_124,2021-07-30_02h22m33s,myo-Inositol,C6H12O6,+Cl,-CH2O3,124,0.41329978342454865,0.1447406992805278,0.03954802259887006,0.03389830508474576,0.07436867282233842,0.05535521096285611,0.08568846678597374,0.08568846678597374,0.4116476918926899,163,24.045663833618164,-143.33895874023438,4256.08251953125,122.84977722167969,96.41065979003906,166.1282501220703,167.38462829589844,0.14365429146109893,0.2494061806008082,1.1903460290341172e-05,-6.121142359916121e-05,0.0021069124341011047,6.245407712412998e-05,4.0878385334508494e-05,7.246275345096365e-05,7.311488298000768e-05,0.011092437985097757,0.011435976054508752
2021-07-30_02h22m33s_C6H12O6_[M]-_-CH2O3_91,2021-07-30_02h22m33s,Glucose,C6H12O6,[M]-,-CH2O3,91,0.0,0.0,0.0,0.0,0.0013572143731227055,0.002313980045678567,0.000797349256693304,0.000797349256693304,0.0,29,0.0,-0.04292580112814903,0.0,0.0,0.24370011687278748,0.04378576576709747,0.04292580112814903,0.0,0.0,0.0,-1.9843037435407496e-08,0.0,0.0,1.1913162012433531e-07,2.0343380313647685e-08,1.9843037435407496e-08,0.0,0.0
2021-07-30_02h22m33s_C6H12O6_[M]-_-CH2O3_124,2021-07-30_02h22m33s,myo-Inositol,C6H12O6,[M]-,-CH2O3,124,0.0,0.0,0.0,0.0,0.0013572143731227055,0.002313980045678567,0.000797349256693304,0.000797349256693304,0.0,29,0.0,-0.04352666810154915,0.0,0.0,0.24370011687278748,0.04378576576709747,0.04352666810154915,0.0,0.0,0.0,-2.019142542053487e-08,0.0,0.0,1.1913162012433531e-07,2.0343380313647685e-08,2.019142542053487e-08,0.0,0.0
2021-07-30_02h22m33s_C6H12O6_[M]-_+C12H14N2_91,2021-07-30_02h22m33s,Glucose,C6H12O6,[M]-,+C12H14N2,91,1.0555611824347064,1.0981638199244999,0.9209039548022598,0.9209039548022598,0.8666926243186116,0.8736326481548263,0.8624306749118487,0.8624306749118487,1.0564537564635714,189,211.69886779785156,19.461532592773438,37470.69921875,83.59213256835938,194.6954345703125,192.77430725097656,192.23733520507812,1.1012312792451782,1.0873279126300528,0.00011124617594759911,1.6278332623187453e-05,0.01969057321548462,5.153326492290944e-05,9.489541116636246e-05,9.537483128951862e-05,9.496784332441166e-05,0.101597664831733,0.1016043859651321
2021-07-30_02h22m33s_C6H12O6_[M]-_+C12H14N2_124,2021-07-30_02h22m33s,myo-Inositol,C6H12O6,[M]-,+C12H14N2,124,0.9713753212589322,0.9109793227771739,0.847457627118644,0.847457627118644,0.8666926243186116,0.8740233201105903,0.8624306749118487,0.8624306749118487,0.9718585196497749,189,175.61431884765625,-17.49322509765625,31083.734375,89.34806060791016,194.8873748779297,192.77430725097656,193.1075439453125,0.9094072963306556,0.9011020742394412,7.720999565208331e-05,-1.8567552615422755e-05,0.013666168786585331,4.32126980740577e-05,9.507645881967619e-05,9.537483128951862e-05,9.577754826750606e-05,0.0704613776529344,0.07050648841022826
2021-07-30_02h22m33s_C6H12O6_-H_-CH2O3_91,2021-07-30_02h22m33s,Glucose,C6H12O6,-H,-CH2O3,91,0.0,0.0,0.0,0.0,0.0016687061964623428,0.002824858757062147,0.0009922568527738894,0.0009922568527738894,0.0,70,0.0,-0.05971144512295723,0.0,0.0,0.1658938080072403,0.057924456894397736,0.05971144512295723,0.0,0.0,0.0,-2.782400265743945e-08,0.0,0.0,7.69764554320318e-08,2.6991305190904313e-08,2.782400265743945e-08,0.0,0.0
2021-07-30_02h22m33s_C6H12O6_-H_-CH2O3_124,2021-07-30_02h22m33s,myo-Inositol,C6H12O6,-H,-CH2O3,124,0.0,0.0,0.0,0.0,0.0016687061964623428,0.002824858757062147,0.0009922568527738894,0.0009922568527738894,0.0,70,0.0,-0.0553598515689373,0.0,0.0,0.1658938080072403,0.057924456894397736,0.0553598515689373,0.0,0.0,0.0,-2.5915051438119008e-08,0.0,0.0,7.69764554320318e-08,2.6991305190904313e-08,2.5915051438119008e-08,0.0,0.0
2021-07-30_02h22m33s_C6H12O6_+Cl__91,2021-07-30_02h22m33s,Glucose,C6H12O6,+Cl,,91,7.078147360778215,100.40465167989315,0.7570621468926554,0.4576271186440678,0.12337301145844921,0.16480346195456186,0.09695766961390577,0.09695766961390577,7.067572643794352,9,1317.645263671875,1304.5037841796875,233223.21875,3059.916015625,28.415788650512695,13.12234878540039,13.141446113586426,100.25875337694684,46.36854923605529,0.0006180126219987869,0.0006123174680396914,0.10938823223114014,0.0011947931488975883,1.2229017556819599e-05,5.711300673283404e-06,5.695179879694479e-06,0.6145128607186088,0.6105462412947433
2021-07-30_02h22m33s_C6H12O6_+Cl__124,2021-07-30_02h22m33s,myo-Inositol,C6H12O6,+Cl,,124,8.081765270142292,75.80068672748504,0.864406779661017,0.4689265536723164,0.12337301145844921,0.16423247986536843,0.09695766961390577,0.09695766961390577,8.162280425616869,9,994.7588500976562,981.7698974609375,176072.3125,1766.1890869140625,30.133270263671875,13.12234878540039,12.988975524902344,76.57896261549229,33.010882340724194,0.0004137390642426908,0.0004080845683347434,0.07323181629180908,0.0006651401636190712,1.3315579053596593e-05,5.711300673283404e-06,5.6545100051152986e-06,0.4114127268624155,0.40830228291674886
2021-07-30_02h22m33s_C9H20N2O2_+Cl_+C12H14N2_83,2021-07-30_02h22m33s,"N6,N6,N6-Trimethyllysine",C9H20N2O2,+Cl,+C12H14N2,83,0.0,0.0,0.0,0.0,0.007687173211703193,0.014484914052169732,0.0037032443255311234,0.0037032443255311234,0.0,5,0.0,-0.66237872838974,0.0,0.0,31.632810592651367,0.645959198474884,0.66237872838974,0.0,0.0,0.0,-3.7450189438459347e-07,0.0,0.0,1.2396711099427193e-05,3.652184830116312e-07,3.7450189438459347e-07,0.0,0.0
2021-07-30_02h22m33s_C9H20N2O2_-H_+HCl_83,2021-07-30_02h22m33s,"N6,N6,N6-Trimethyllysine",C9H20N2O2,-H,+HCl,83,26.81099197968238,847.1987524872278,0.559322033898305,0.4406779661016949,0.015318722883524307,0.019984373121769445,0.010861668763399897,0.010861668763399897,27.402985723170175,26,406.8130798339844,406.3539733886719,72005.9140625,984.7499389648438,1.0236011743545532,0.47918611764907837,0.45911261439323425,884.1598058998279,397.0452992016684,0.00017093983478844166,0.00017071838374249637,0.030256349593400955,0.00037185935070738196,4.6753490323681035e-07,2.310911355607459e-07,2.2144833167203615e-07,0.17090198882813623,0.170859951797411
2021-07-30_02h22m33s_C9H20N2O2_+Cl__83,2021-07-30_02h22m33s,"N6,N6,N6-Trimethyllysine",C9H20N2O2,+Cl,,83,26.81099197968238,847.1987524872278,0.559322033898305,0.4406779661016949,0.015318722883524307,0.019984373121769445,0.010861668763399897,0.010861668763399897,27.402985723170175,26,406.8130798339844,406.3539733886719,72005.9140625,984.7499389648438,1.0236011743545532,0.47918611764907837,0.45911261439323425,884.1598058998279,397.0452992016684,0.00017093983478844166,0.00017071838374249637,0.030256349593400955,0.00037185935070738196,4.6753490323681035e-07,2.310911355607459e-07,2.2144833167203615e-07,0.17090198882813623,0.170859951797411
2021-07-30_02h22m33s_C9H20N2O2_[M]-__83,2021-07-30_02h22m33s,"N6,N6,N6-Trimethyllysine",C9H20N2O2,[M]-,,83,0.0,0.0,0.0,0.0,0.0009122260540660807,0.0012020675561966582,0.0007441926395804171,0.0007441926395804171,0.0,18,0.0,-0.28712356090545654,0.0,0.0,0.4127454161643982,0.3040066361427307,0.28712356090545654,0.0,0.0,0.0,-9.837389569611332e-08,0.0,0.0,1.252268333473694e-07,1.0402143146848175e-07,9.837389569611332e-08,0.0,0.0
2021-07-30_02h22m33s_C9H20N2O2_[M]-_-NH3_83,2021-07-30_02h22m33s,"N6,N6,N6-Trimethyllysine",C9H20N2O2,[M]-,-NH3,83,0.45461469316428244,2.2923481763240057,0.005649717514124294,0.005649717514124294,0.0030259205695850485,0.004026926313258805,0.0024274855148218367,0.0024274855148218367,0.4543516066255193,75,0.32143568992614746,0.18143229186534882,56.89411926269531,4.264326572418213,0.29140523076057434,0.13922114670276642,0.14000339806079865,2.279630805688449,1.099281600024945,9.832995573333392e-08,4.1167190545365884e-08,1.740440166031476e-05,1.304494389842148e-06,1.154807378611622e-07,5.6829826178272924e-08,5.7162765187968034e-08,9.832433524244619e-05,9.831860182864927e-05
2021-07-30_02h22m33s_C9H20N2O2_+Cl_-H2_83,2021-07-30_02h22m33s,"N6,N6,N6-Trimethyllysine",C9H20N2O2,+Cl,-H2,83,0.9147681395773088,1.2690126677500948,0.03389830508474576,0.03389830508474576,0.03052619868728446,0.03639259526385383,0.02705671811045945,0.02705671811045945,0.91259693171242,186,1.908585548400879,0.40133917331695557,337.81964111328125,10.473471641540527,3.0389528274536133,1.5029925107955933,1.5072463750839233,1.2654335391952656,0.627833935831033,9.509031997367856e-07,2.2537477661899175e-07,0.00016830986714921892,5.318202056514565e-06,1.4419773606277886e-06,7.230977416838869e-07,7.255284231177939e-07,0.0009502137926221996,0.0009495339932154225
2021-07-30_02h22m33s_C9H20N2O2_+Cl_-NH3_83,2021-07-30_02h22m33s,"N6,N6,N6-Trimethyllysine",C9H20N2O2,+Cl,-NH3,83,0.5630040255580904,0.7219585051326851,0.022598870056497175,0.022598870056497175,0.03242852375125153,0.03636254357494891,0.030139801903006892,0.030139801903006892,0.5606778866422758,189,1.3255789279937744,-0.5204825401306152,234.62747192382812,8.745987892150879,2.233536720275879,1.8350874185562134,1.8460614681243896,0.7176690927020648,0.5932231571607902,6.998549793024722e-07,-1.9051555000260123e-07,0.00012387432798277587,4.63480955659179e-06,1.0768834499685909e-06,8.851191068970365e-07,8.903705293050734e-07,0.0006992324033773699,0.000699102127791216
2021-07-30_02h22m33s_C9H20N2O2_[M]-_+HCl_83,2021-07-30_02h22m33s,"N6,N6,N6-Trimethyllysine",C9H20N2O2,[M]-,+HCl,83,1.9697610940894323,6.718724218164282,0.02824858757062147,0.02824858757062147,0.005150739793080432,0.006401009736747205,0.0043411237308857665,0.0043411237308857665,1.9770921980618335,121,1.6889331340789795,1.4417232275009155,298.941162109375,10.082721710205078,0.37238994240760803,0.2503770589828491,0.24720995128154755,6.804453751184223,4.523242171947068,8.846739092405187e-07,7.679243481106823e-07,0.00015658728079870343,5.307936589815654e-06,1.7437359645100514e-07,1.1846633185541577e-07,1.1674955402440901e-07,0.000884570636013261,0.0008845196723641169
2021-07-30_02h22m33s_C9H20N2O2_-H_-NH3_83,2021-07-30_02h22m33s,"N6,N6,N6-Trimethyllysine",C9H20N2O2,-H,-NH3,83,0.0,0.0,0.0,0.0,0.0019690733118255645,0.002644548623632648,0.0015769796410156458,0.0015769796410156458,0.0,44,0.0,-0.08957447856664658,0.0,0.0,0.16654646396636963,0.08829668909311295,0.08957447856664658,0.0,0.0,0.0,-4.5193115028041575e-08,0.0,0.0,6.821413478519389e-08,4.4717946678929366e-08,4.5193115028041575e-08,0.0,0.0
2021-07-30_02h22m33s_C9H20N2O2_-H_-CH2O2_83,2021-07-30_02h22m33s,"N6,N6,N6-Trimethyllysine",C9H20N2O2,-H,-CH2O2,83,0.0,0.0,0.0,0.0,0.00036711536322171545,0.0003906719557639139,0.00035437744741924625,0.00035437744741924625,0.0,12,0.0,-0.01929718628525734,0.0,0.0,0.0217208880931139,0.019796496257185936,0.01929718628525734,0.0,0.0,0.0,-8.148838936961056e-09,0.0,0.0,1.0107698678041288e-08,8.419236863232982e-09,8.148838936961056e-09,0.0,0.0
2021-07-30_02h22m33s_C9H20N2O2_[M]-_+C12H14N2_83,2021-07-30_02h22m33s,"N6,N6,N6-Trimethyllysine",C9H20N2O2,[M]-,+C12H14N2,83,0.0,0.0,0.0,0.0,0.000233618867504728,0.000330568577954081,0.00017718872370962313,0.00017718872370962313,0.0,8,0.0,-0.010135742835700512,0.0,0.0,0.01956258900463581,0.009884490631520748,0.010135742835700512,0.0,0.0,0.0,-4.507436646150609e-09,0.0,0.0,8.393143957619031e-09,4.395702912773913e-09,4.507436646150609e-09,0.0,0.0
2021-07-30_02h22m33s_C9H20N2O2_-H_+H2_83,2021-07-30_02h22m33s,"N6,N6,N6-Trimethyllysine",C9H20N2O2,-H,+H2,83,0.0,0.0,0.0,0.0,0.00038936477917454667,0.00030051688904916455,0.00044297180927405777,0.00044297180927405777,0.0,10,0.0,-0.029839562252163887,0.0,0.0,0.015885205939412117,0.029099877923727036,0.029839562252163887,0.0,0.0,0.0,-1.2727040754612062e-08,0.0,0.0,6.77829792294915e-09,1.241155445086406e-08,1.2727040754612062e-08,0.0,0.0
2021-07-30_02h22m33s_C9H20N2O2_[M]-_-CH2O2_83,2021-07-30_02h22m33s,"N6,N6,N6-Trimethyllysine",C9H20N2O2,[M]-,-CH2O2,83,0.0,0.0,0.0,0.0,0.000467237735009456,0.0003906719557639139,0.0005138472987579071,0.0005138472987579071,0.0,12,0.0,-0.02863476052880287,0.0,0.0,0.022238248959183693,0.02916526421904564,0.02863476052880287,0.0,0.0,0.0,-1.2546329308804616e-08,0.0,0.0,9.64780966228318e-09,1.2685309691562452e-08,1.2546329308804616e-08,0.0,0.0
2021-07-30_02h22m33s_C9H20N2O2_-H_-H2O_83,2021-07-30_02h22m33s,"N6,N6,N6-Trimethyllysine",C9H20N2O2,-H,-H2O,83,0.0,0.0,0.0,0.0,0.0017132050283680054,0.0022538766678687344,0.0013997909173060227,0.0013997909173060227,0.0,58,0.0,-0.09146279841661453,0.0,0.0,0.14886358380317688,0.09113935381174088,0.09146279841661453,0.0,0.0,0.0,-3.786037439112988e-08,0.0,0.0,6.271243080391287e-08,3.76637778742861e-08,3.786037439112988e-08,0.0,0.0
2021-07-30_02h22m33s_C9H20N2O2_[M]-_-CO2_83,2021-07-30_02h22m33s,"N6,N6,N6-Trimethyllysine",C9H20N2O2,[M]-,-CO2,83,0.0,0.0,0.0,0.0,0.0006007342307264434,0.000661137155908162,0.000567003915870794,0.000567003915870794,0.0,18,0.0,-0.035764385014772415,0.0,0.0,0.043923549354076385,0.03590316325426102,0.035764385014772415,0.0,0.0,0.0,-1.503356905629971e-08,0.0,0.0,1.6867398144881918e-08,1.5105946715721075e-08,1.503356905629971e-08,0.0,0.0
2021-07-30_02h22m33s_C9H20N2O2_-H_+C12H14N2_83,2021-07-30_02h22m33s,"N6,N6,N6-Trimethyllysine",C9H20N2O2,-H,+C12H14N2,83,0.0,0.0,0.0,0.0,0.0013349649571698743,0.0012922226229114076,0.001364353172564098,0.001364353172564098,0.0,37,0.0,-0.07562283426523209,0.0,0.0,0.07357925921678543,0.07617969065904617,0.07562283426523209,0.0,0.0,0.0,-3.531960501845788e-08,0.0,0.0,3.255789593481495e-08,3.5965264544302045e-08,3.531960501845788e-08,0.0,0.0
2021-07-30_02h22m33s_C9H20N2O2_-H_-H2_83,2021-07-30_02h22m33s,"N6,N6,N6-Trimethyllysine",C9H20N2O2,-H,-H2,83,0.847361057983869,0.8571950351791209,0.12429378531073447,0.12429378531073447,0.1391144732450773,0.1433165043875466,0.13668338146960327,0.13668338146960327,0.8469183517343748,189,11.527816772460938,-1.9363489151000977,2040.423583984375,33.78733444213867,14.023881912231445,13.447300910949707,13.464165687561035,0.8561214202592548,0.8219546406595584,5.78048593524727e-06,-7.018179530859925e-07,0.0010231459746137261,1.837523996073287e-05,6.684957043034956e-06,6.47590013613808e-06,6.482303888333263e-06,0.0057432564019412715,0.005742100241794076
2021-07-30_02h22m33s_C9H20N2O2_+Cl_-H2O_83,2021-07-30_02h22m33s,"N6,N6,N6-Trimethyllysine",C9H20N2O2,+Cl,-H2O,83,1.458664443403286,3.724310427878934,0.022598870056497175,0.022598870056497175,0.005484481032372901,0.005379252313980045,0.0054928504349983165,0.0054928504349983165,1.4592043574104172,110,1.2017282247543335,0.8799244165420532,212.7058868408203,7.9322967529296875,0.3120284378528595,0.32167133688926697,0.3218038082122803,3.7227820557930356,3.839038500774206,6.227040216799651e-07,4.591107085616386e-07,0.00011021860700566322,4.181825261184713e-06,1.502699831235077e-07,1.6328145591160137e-07,1.635933273291812e-07,0.0006226021681196801,0.0006226104620163453
2021-07-30_02h22m33s_C9H20N2O2_-H_-CO2_83,2021-07-30_02h22m33s,"N6,N6,N6-Trimethyllysine",C9H20N2O2,-H,-CO2,83,0.0,0.0,0.0,0.0,0.0002781176994103905,0.000330568577954081,0.00024806421319347236,0.00024806421319347236,0.0,11,0.0,-0.014390057884156704,0.0,0.0,0.019117116928100586,0.014033347368240356,0.014390057884156704,0.0,0.0,0.0,-6.284789133559343e-09,0.0,0.0,7.449127092939989e-09,6.128997309673423e-09,6.284789133559343e-09,0.0,0.0
2021-07-30_02h22m33s_C9H20N2O2_+Cl_-CO2_83,2021-07-30_02h22m33s,"N6,N6,N6-Trimethyllysine",C9H20N2O2,+Cl,-CO2,83,0.0,0.0,0.0,0.0,0.0004116141951273779,0.0004207236446688304,0.0004075340645321332,0.0004075340645321332,0.0,14,0.0,-0.024604178965091705,0.0,0.0,0.023334255442023277,0.02399427257478237,0.024604178965091705,0.0,0.0,0.0,-1.0912704517807015e-08,0.0,0.0,1.1116412679257337e-08,1.0642193792875787e-08,1.0912704517807015e-08,0.0,0.0
2021-07-30_02h22m33s_C6H12O7_-H_-H2O_183,2021-07-30_02h22m33s,Gluconic acid,C6H12O7,-H,-H2O,183,3.357880832739783,81.91878916126332,0.9943502824858758,0.96045197740113,0.3351095783735677,0.41468325519894217,0.2861243510462994,0.2861243510462994,3.4292090303604135,120,2396.06103515625,2367.95458984375,424102.8125,3555.5849609375,49.12342071533203,29.24822425842285,28.10655403137207,85.24615953710882,48.775354503232336,0.0010962338419631124,0.0010821485193446279,0.19403338432312012,0.001482430030591786,2.3204347598948516e-05,1.4709337847307324e-05,1.4085333532420918e-05,1.0810074909027023,1.071373322968706
2021-07-30_02h22m33s_C6H12O7_-H_-CH2O3_183,2021-07-30_02h22m33s,Gluconic acid,C6H12O7,-H,-CH2O3,183,1.249445384445792,1.4925714756381583,0.03954802259887006,0.0,0.025008343530982313,0.03062267099410987,0.021652462037315946,0.021652462037315946,1.2399180057041708,20,1.7495514154434204,0.5591057538986206,309.67059326171875,9.159266471862793,6.359185218811035,1.1711726188659668,1.1904456615447998,1.4684273667797776,0.27507868957477927,8.351178735210851e-07,2.5750063059604145e-07,0.00014781586651224643,4.255206476955209e-06,2.6817915568244644e-06,5.688528972314089e-07,5.776172429250437e-07,0.0008346357735067455,0.0008328842515674196
2021-07-30_02h22m33s_C6H12O7_+Cl_-H2O_183,2021-07-30_02h22m33s,Gluconic acid,C6H12O7,+Cl,-H2O,183,50.5897883935008,1309.516444521439,0.9774011299435028,0.7457627118644068,0.017632662142618757,0.02662579636975598,0.009320126867126176,0.009320126867126176,55.697633078226936,10,3306.629150390625,3304.48583984375,585273.375,4519.048828125,53.76531982421875,2.524076461791992,2.143336534500122,1542.029013259083,61.50000894986255,0.0015466746408492327,0.0015455891843885183,0.27376142144203186,0.002006661845371127,2.373238021391444e-05,1.2929407375850133e-06,1.0854251968339668e-06,1.5449976614584362,1.5108193027225012
2021-07-30_02h22m33s_C6H12O7_+Cl_-H2_183,2021-07-30_02h22m33s,Gluconic acid,C6H12O7,+Cl,-H2,183,0.0,0.0,0.0,0.0,0.005973968183335188,0.013102536362543575,0.0017896061094671936,0.0017896061094671936,0.0,4,0.0,-2.6040048599243164,0.0,0.0,254.3771514892578,2.524505376815796,2.6040048599243164,0.0,0.0,0.0,-1.3141111594450194e-06,0.0,0.0,0.000109499589598272,1.2739918702209252e-06,1.3141111594450194e-06,0.0,0.0
2021-07-30_02h22m33s_C6H12O7_-H_+C12H14N2_183,2021-07-30_02h22m33s,Gluconic acid,C6H12O7,-H,+C12H14N2,183,0.9797518803537987,1.0549786906340486,0.6045197740112994,0.6045197740112994,0.6157303370786517,0.630574588291862,0.6070131296844269,0.6070131296844269,0.9777279267298619,189,90.98225402832031,4.655570983886719,16103.859375,79.19585418701172,85.10418701171875,86.2398452758789,86.3266830444336,1.0539174783770227,1.0690565078694005,4.507806443143636e-05,3.2919342629611492e-06,0.007978817448019981,4.12707231589593e-05,4.096346674486995e-05,4.177524533588439e-05,4.178613016847521e-05,0.043269979438242706,0.043304175287147285
2021-07-30_02h22m33s_C6H12O7_+Cl__183,2021-07-30_02h22m33s,Gluconic acid,C6H12O7,+Cl,,183,1.068615550893037,1.1487529690983962,0.4519774011299435,0.4519774011299435,0.4247191011235955,0.4445245822815242,0.41295603947764764,0.41295603947764764,1.0668856361980528,189,36.38351821899414,4.655668258666992,6439.8828125,43.54698181152344,36.715370178222656,31.671186447143555,31.72784996032715,1.1467014488229814,0.9909345080242726,1.6120744476211257e-05,1.8004120647674426e-06,0.0028533716686069965,1.9337556295795366e-05,1.617015186639037e-05,1.430120573786553e-05,1.4320332411443815e-05,0.015893149295238735,0.01586421766728971
2021-07-30_02h22m33s_C6H12O7_-H_+HCl_183,2021-07-30_02h22m33s,Gluconic acid,C6H12O7,-H,+HCl,183,1.068615550893037,1.1487529690983962,0.4519774011299435,0.4519774011299435,0.4247191011235955,0.4445245822815242,0.41295603947764764,0.41295603947764764,1.0668856361980528,189,36.38351821899414,4.655668258666992,6439.8828125,43.54698181152344,36.715370178222656,31.671186447143555,31.72784996032715,1.1467014488229814,0.9909345080242726,1.6120744476211257e-05,1.8004120647674426e-06,0.0028533716686069965,1.9337556295795366e-05,1.617015186639037e-05,1.430120573786553e-05,1.4320332411443815e-05,0.015893149295238735,0.01586421766728971
2021-07-30_02h22m33s_C6H12O7_+Cl_+HCl_183,2021-07-30_02h22m33s,Gluconic acid,C6H12O7,+Cl,+HCl,183,0.6967728068106126,0.4512392957892503,0.06779661016949153,0.06779661016949153,0.0772054733563244,0.06013342949873783,0.0873008841717313,0.0873008841717313,0.7256107479086172,189,3.5728373527526855,-3.7041687965393066,632.3922119140625,13.441993713378906,4.36964225769043,7.91683292388916,7.277006149291992,0.4909088120377932,0.8174627759721229,1.9016965779883321e-06,-1.550565002617077e-06,0.00033660029293969274,7.241239927679999e-06,2.01076477424067e-06,3.7970137327647535e-06,3.452261580605409e-06,0.0018951540106081793,0.0018978803869605097
2021-07-30_02h22m33s_C6H12O7_+Cl_-CH2O2_183,2021-07-30_02h22m33s,Gluconic acid,C6H12O7,+Cl,-CH2O2,183,2.086877779471442,3.375057574066237,0.12429378531073447,0.12429378531073447,0.058426966292134834,0.07311575910566173,0.04955968602158159,0.04955968602158159,2.0847082496433402,189,9.783095359802246,6.88040018081665,1731.60791015625,27.81903648376465,5.850822448730469,2.8976454734802246,2.9026951789855957,3.3691881402027763,1.671803176790617,4.582850579026854e-06,3.265949089836795e-06,0.0008111645583994687,1.3192987353249919e-05,2.5975959943025373e-06,1.315224153586314e-06,1.3169016028768965e-06,0.00457682335301718,0.004570977027410403
2021-07-30_02h22m33s_C6H12O7_[M]-_+C12H14N2_183,2021-07-30_02h22m33s,Gluconic acid,C6H12O7,[M]-,+C12H14N2,183,1.0615051205547905,1.1049411486767633,0.632768361581921,0.632768361581921,0.575670263655579,0.5576691910085346,0.5861048602866914,0.5861048602866914,1.0643815636909124,189,67.52032470703125,6.6544647216796875,11951.09765625,57.287967681884766,56.43850326538086,61.10662078857422,60.86585998535156,1.1093117785816606,1.1963309526228096,3.3464020816609263e-05,3.4868808143073693e-06,0.005923131480813026,2.9288439691299573e-05,2.7403924832469784e-05,3.0111894375295378e-05,2.9977140002301894e-05,0.03249006168868415,0.032571435642574524
2021-07-30_02h22m33s_C6H12O7_+Cl_+H2_183,2021-07-30_02h22m33s,Gluconic acid,C6H12O7,+Cl,+H2,183,0.9629018826656413,1.1169352562657948,0.22033898305084745,0.22033898305084745,0.23191678718433642,0.2541771847577834,0.21882807378138455,0.21882807378138455,0.965520738886803,189,17.239614486694336,1.8672418594360352,3051.411865234375,34.421146392822266,18.975505828857422,15.433748245239258,15.3723726272583,1.1213944333936867,0.9084714879637215,7.880957127781585e-06,9.796217455004808e-07,0.001394929364323616,1.6138492355821654e-05,8.294628059957176e-06,6.937658781680511e-06,6.901335382281104e-06,0.00782694078441111,0.007816125275749215
2021-07-30_02h22m33s_C6H12O7_[M]-_-H2_183,2021-07-30_02h22m33s,Gluconic acid,C6H12O7,[M]-,-H2,183,0.5337615001500456,4.612108540097232,0.005649717514124294,0.005649717514124294,0.0014350873289576149,0.002854910445967063,0.0005847227882417563,0.0005847227882417563,0.5356042625148085,63,3.501938581466675,2.806027412414551,619.8431396484375,46.458465576171875,2.4175617694854736,0.7582923173904419,0.6959110498428345,5.024943401681496,1.4479425854034234,1.2656478247663472e-06,1.0103511840497958e-06,0.0002240196627099067,1.6790714653325267e-05,8.849303867464187e-07,2.770902938209474e-07,2.5529664071655134e-07,0.001265324791597637,0.0012645288048020616
2021-07-30_02h22m33s_C6H12O7_[M]-_-CH2O3_183,2021-07-30_02h22m33s,Gluconic acid,C6H12O7,[M]-,-CH2O3,183,0.8704787650559698,1.0669372916635065,0.04519774011299435,0.04519774011299435,0.04133941484036044,0.04032936651039788,0.04192285202969683,0.04192285202969683,0.8731733433171993,189,2.832369804382324,0.19108963012695312,501.3294372558594,13.092873573303223,2.7619457244873047,2.6536731719970703,2.641280174255371,1.071941511721225,1.0251268344794946,1.3896055861550849e-06,6.213701908563962e-08,0.000245960196480155,6.521234354295302e-06,1.3538578969019e-06,1.3352860150916968e-06,1.3274685670694453e-06,0.0013877633738977055,0.0013877268012664479
2021-07-30_02h22m33s_C6H12O7_[M]-_-H2O_183,2021-07-30_02h22m33s,Gluconic acid,C6H12O7,[M]-,-H2O,183,1.4441841179551205,2.142216784606164,0.22598870056497175,0.22598870056497175,0.14511069084436534,0.14235485034258924,0.14648191789074544,0.14648191789074544,1.4611842586759218,189,27.62840461730957,14.911591529846191,4890.2275390625,56.66318893432617,12.109387397766113,12.896109580993652,12.716813087463379,2.1724178856303804,2.2813807444678376,1.5266927221091464e-05,8.813793101580814e-06,0.0027022461872547865,3.342254785820842e-05,6.04490651312517e-06,6.555307663802523e-06,6.4531345742580015e-06,0.015169039368683133,0.015175194588485586
2021-07-30_02h22m33s_C6H12O7_[M]-_+HCl_183,2021-07-30_02h22m33s,Gluconic acid,C6H12O7,[M]-,+HCl,183,0.9784740659059853,1.058304036273688,0.1977401129943503,0.1977401129943503,0.20223606630325955,0.21946748407260488,0.19209029537360242,0.19209029537360242,0.9793623093735466,189,13.539382934570312,0.7627897262573242,2396.470703125,28.105636596679688,15.001748085021973,12.792471885681152,12.776593208312988,1.0596191875760852,0.9024601931487063,6.375283646775642e-06,6.434570423152763e-07,0.00112842523958534,1.3469410077959765e-05,6.6177449298265856e-06,5.747724117100006e-06,5.731826604460366e-06,0.00633894988517943,0.006333371012866534
2021-07-30_02h22m33s_C6H12O7_+Cl_+C12H14N2_183,2021-07-30_02h22m33s,Gluconic acid,C6H12O7,+Cl,+C12H14N2,183,0.9237978698521939,0.8553119037255668,0.4519774011299435,0.4519774011299435,0.4994882634330849,0.5340485635292703,0.4792600598897886,0.4792600598897886,0.919102164986272,189,42.722103118896484,-7.6966094970703125,7561.81201171875,51.01515197753906,61.810176849365234,49.948150634765625,50.4187126159668,0.8473293658831239,0.691171165095447,2.0243409380782396e-05,-2.8968333936063573e-06,0.0035830833949148655,2.3874557882663794e-05,2.842993853846565e-05,2.294987643836066e-05,2.3140242774388753e-05,0.01978556656699334,0.019683800152250474
2021-07-30_02h22m33s_C6H12O7_[M]-_+H2_183,2021-07-30_02h22m33s,Gluconic acid,C6H12O7,[M]-,+H2,183,1.1896984204772925,1.2697625425890007,0.6610169491525424,0.6610169491525424,0.5490265880520636,0.5542132467844693,0.5456172369190425,0.5456172369190425,1.1912620085392298,189,66.54118347167969,14.21316146850586,11777.7890625,54.42921829223633,54.0611572265625,52.4034309387207,52.32802200317383,1.271592338714908,1.230827382503816,3.515046046231873e-05,9.399316695635207e-06,0.006221631541848183,3.1109124392969534e-05,2.661350299604237e-05,2.5833067411440425e-05,2.5751143766683526e-05,0.03426801975890755,0.03423923449256856
2021-07-30_02h22m33s_C6H12O7_-H_-CH2O2_183,2021-07-30_02h22m33s,Gluconic acid,C6H12O7,-H,-CH2O2,183,2.327796330773175,2.259037627400412,0.3898305084745763,0.3898305084745763,0.16405606852820112,0.1740293304483712,0.15746761876074206,0.15746761876074206,2.3656671747197766,189,215.02859497070312,122.10652923583984,38060.0625,323.1142272949219,80.375244140625,95.18492889404297,92.92206573486328,2.31404972780647,2.6752754780939068,0.00010216535883955657,5.706270530936308e-05,0.018083268776535988,0.0001716643018880859,3.809742702287622e-05,4.624959183274768e-05,4.510265353019349e-05,0.0977562907284351,0.09841596383930272
2021-07-30_02h22m33s_C6H12O7_[M]-__183,2021-07-30_02h22m33s,Gluconic acid,C6H12O7,[M]-,,183,0.2060907339863046,0.30666803853888525,0.2033898305084746,0.14689265536723164,0.978774057180999,0.9860860680370237,0.9768945904282651,0.9768945904282651,0.20614727734840965,189,140.4251251220703,-315.32708740234375,24855.248046875,290.5430908203125,455.3165283203125,457.90496826171875,455.752197265625,0.30811659899387794,0.3084114192574688,7.049053238006309e-05,-0.00014909327728673816,0.012476824223995209,0.00015403173165395856,0.00021953975374344736,0.00022107927361503243,0.00021958380239084363,0.05779884272148834,0.05780093036220291
2021-07-30_02h22m33s_C6H12O7_-H_+H2_183,2021-07-30_02h22m33s,Gluconic acid,C6H12O7,-H,+H2,183,0.9116180705206797,1.0216238707679308,0.3050847457627119,0.3050847457627119,0.3191678718433641,0.30992306767640343,0.32466289845314245,0.32466289845314245,0.9224291356975033,189,58.808109283447266,1.84912109375,10409.03515625,97.35687255859375,56.008270263671875,57.5623664855957,56.958988189697266,1.032445952895831,1.0499709959904753,3.244844265282154e-05,4.679011908592656e-06,0.005743374116718769,5.7049343013204634e-05,2.6805373636307195e-05,2.811260856105946e-05,2.7769430744228885e-05,0.03157171412397911,0.03160135648483149
2021-07-30_02h22m33s_C6H12O7_[M]-_-CH2O2_183,2021-07-30_02h22m33s,Gluconic acid,C6H12O7,[M]-,-CH2O2,183,0.9974780965036651,0.7557128459724411,0.9887005649717514,0.847457627118644,0.9823117143174992,0.984162759947109,0.981200276414409,0.981200276414409,0.9980742247504233,189,1429.1781005859375,-458.18017578125,252964.53125,816.0333251953125,1444.4287109375,1891.16455078125,1887.3582763671875,0.7572369068685413,0.9894410851313329,0.0007588308653794229,-0.00019043718930333853,0.13431306183338165,0.0005019619129598141,0.0007268100744113326,0.0009529144736006856,0.0009492680546827614,0.38929015614680085,0.43944083754439955
2021-07-30_02h22m33s_C6H12O7_-H_-H2_183,2021-07-30_02h22m33s,Gluconic acid,C6H12O7,-H,-H2,183,1.602471794784254,1.627854681749928,0.847457627118644,0.847457627118644,0.5213260651907887,0.5238009376126939,0.5188440207665184,0.5188440207665184,1.6275604181161483,189,1173.836669921875,467.8173828125,207769.09375,724.3759155273438,560.814697265625,721.09326171875,706.019287109375,1.6626103971145902,2.093088113697892,0.0006028754287399352,0.00022531975992023945,0.10670895129442215,0.00042641288018785417,0.0002920718106906861,0.00038566088187508285,0.0003775556688196957,0.4376414270477252,0.4665959149883967
2021-07-30_02h22m33s_C8H11NO3_-H_-H2_142,2021-07-30_02h22m33s,Pyridoxine,C8H11NO3,-H,-H2,142,3.433924416749487,28.889804665131468,0.8361581920903954,0.536723163841808,0.23387473578818557,0.23130784950114197,0.23349930010454134,0.23349930010454134,3.4729623067839657,37,492.6587219238281,475.8359680175781,87200.59375,1584.171142578125,16.943424224853516,17.052030563354492,16.8227481842041,29.28352924269205,29.07497566079659,0.00020419397333171219,0.000195829474250786,0.03614233434200287,0.0005142934387549758,8.245513527072035e-06,8.46080820338102e-06,8.364501809410285e-06,0.20250016037385915,0.2025240584680563
2021-07-30_02h22m33s_C8H11NO3_[M]-_+H2_142,2021-07-30_02h22m33s,Pyridoxine,C8H11NO3,[M]-,+H2,142,1.5516620685282723,2.1031545633244826,0.0847457627118644,0.0,0.04967182111469574,0.058059862964298596,0.0446161206300831,0.0446161206300831,1.5691231015349663,13,3.9481780529022217,2.099634885787964,698.8275146484375,13.811981201171875,8.615915298461914,1.8762648105621338,1.8485431671142578,2.134677429055279,0.4581892610232523,1.7397519513906445e-06,9.128164037974784e-07,0.00030793610494583845,6.130263955128612e-06,3.1470387966692215e-06,8.383163390135451e-07,8.269355475931661e-07,0.0017383144773564225,0.0017342940606967987
2021-07-30_02h22m33s_C8H11NO3_+Cl_-H2O_142,2021-07-30_02h22m33s,Pyridoxine,C8H11NO3,+Cl,-H2O,142,1.5865955995746934,1.7553244847910958,0.10734463276836158,0.10734463276836158,0.06622538658360218,0.0805385262651761,0.057657210695111365,0.057657210695111365,1.5790321312913198,188,9.111332893371582,3.897808074951172,1612.7059326171875,28.12412452697754,7.023942947387695,5.189682960510254,5.21352481842041,1.7472987876451602,1.296997422129917,3.7003842408012133e-06,1.2719808637484675e-06,0.0006549680256284773,1.1865243322972674e-05,3.263305188738741e-06,2.411825107628829e-06,2.4284033770527458e-06,0.003691419984045836,0.0036883480355190297
2021-07-30_02h22m33s_C8H11NO3_[M]-__142,2021-07-30_02h22m33s,Pyridoxine,C8H11NO3,[M]-,,142,1.0388212482938337,1.3864549337281218,0.327683615819209,0.327683615819209,0.31896762709978865,0.3418680129823296,0.30543792193064834,0.30543792193064834,1.0454926009739594,189,40.316650390625,11.550497055053711,7136.046875,62.74370193481445,33.74976348876953,29.07794761657715,28.76615333557129,1.401482097318697,1.1945403962206738,1.891567444545217e-05,5.31163823325187e-06,0.0033480743877589703,3.24898210237734e-05,1.615579276403878e-05,1.3728331396123394e-05,1.3604036212200299e-05,0.018661798660687387,0.018614935406705467
2021-07-30_02h22m33s_C8H11NO3_[M]-_+C12H14N2_142,2021-07-30_02h22m33s,Pyridoxine,C8H11NO3,[M]-,+C12H14N2,142,1.207607530788857,1.205185665076881,0.3615819209039548,0.3615819209039548,0.29259094448770717,0.29760187522538767,0.2894200613072984,0.2894200613072984,1.2110051828831028,189,28.26994514465332,4.861091613769531,5003.7802734375,39.414798736572266,24.483213424682617,23.455921173095703,23.40885353088379,1.2076088006000458,1.1546192909817676,1.1987600373686291e-05,1.0337980711483397e-06,0.002121805213391781,1.7286763977608643e-05,1.1434430234658066e-05,1.0954987374134362e-05,1.0953802302537952e-05,0.011857713326151459,0.01185207860771074
2021-07-30_02h22m33s_C8H11NO3_[M]-_-NH3_142,2021-07-30_02h22m33s,Pyridoxine,C8H11NO3,[M]-,-NH3,142,1.1016082528073288,1.2134725593144366,0.3615819209039548,0.3615819209039548,0.331049059962176,0.3526265176102897,0.3182309477824831,0.3182309477824831,1.1018424901482613,189,30.89252281188965,5.447671890258789,5467.9765625,44.05339050292969,29.195981979370117,25.45694923400879,25.44485092163086,1.2140495087797876,1.0580724690557934,1.3417039554042276e-05,1.0665189620340243e-06,0.0023748159874230623,1.9913826690753922e-05,1.383465678372886e-05,1.233069815498311e-05,1.2350520592008252e-05,0.013253353735814924,0.013233952365177824
2021-07-30_02h22m33s_C8H11NO3_-H_-NH3_142,2021-07-30_02h22m33s,Pyridoxine,C8H11NO3,-H,-NH3,142,3.1237672298142862,3.5974877948776296,0.2598870056497175,0.0,0.13651129157859607,0.2432383699963938,0.07319666176444531,0.07319666176444531,3.1247078235075323,31,44.54264450073242,32.15704345703125,7884.0478515625,77.08311462402344,49.60700225830078,12.380597114562988,12.385601997375488,3.596034207781138,0.8978923252907088,1.92155330296373e-05,1.324457389273448e-05,0.003401149297133088,3.337316957185976e-05,2.2092246581451036e-05,5.959569080005167e-06,5.97095913690282e-06,0.01910147887979165,0.01880019449702968
2021-07-30_02h22m33s_C8H11NO3_+Cl_-H2_142,2021-07-30_02h22m33s,Pyridoxine,C8H11NO3,+Cl,-H2,142,1.322816285881014,2.2145452207195224,0.05084745762711865,0.05084745762711865,0.0318389142285015,0.03750450775333574,0.028438790155394512,0.028438790155394512,1.3241487829789078,188,3.815154552459717,2.094569206237793,675.2823486328125,17.106361389160156,2.307781934738159,1.7217711210250854,1.7205854654312134,2.216070377606329,1.6524533976364453,1.8594261064208695e-06,1.0493647550902097e-06,0.0003291184257250279,8.43984707898926e-06,1.0768459333121427e-06,8.101067692223296e-07,8.100613513306598e-07,0.0018579210763630851,0.0018574259448457338
2021-07-30_02h22m33s_C8H11NO3_+Cl_+H2_142,2021-07-30_02h22m33s,Pyridoxine,C8H11NO3,+Cl,+H2,142,1.6460185055172867,1.8686474949560345,0.12994350282485875,0.12994350282485875,0.07337857381243743,0.08059862964298593,0.06894413239541436,0.06894413239541436,1.664926182491788,189,8.3627347946167,3.946171283721924,1480.2039794921875,22.216705322265625,5.296032905578613,4.474287509918213,4.416563510894775,1.8930649834444215,1.57875832445923,3.80937763111433e-06,1.6872802461875835e-06,0.0006742598488926888,1.0443566679896321e-05,2.5170349999825703e-06,2.145875669157249e-06,2.1220973849267466e-06,0.0038013108792382053,0.0037998133678739895
2021-07-30_02h22m33s_C8H11NO3_+Cl_+C12H14N2_142,2021-07-30_02h22m33s,Pyridoxine,C8H11NO3,+Cl,+C12H14N2,142,1.2882352005055633,1.3424073376733343,0.1807909604519774,0.1807909604519774,0.1383357436867282,0.15167087390311335,0.13034002516079876,0.13034002516079876,1.2901165673853723,189,12.019519805908203,3.0804595947265625,2127.455078125,26.422204971313477,10.528453826904297,8.952705383300781,8.93906021118164,1.3444562477191124,1.1415140807395507,5.059997874923283e-06,7.79422862251522e-07,0.0008956196252256632,1.1821941370726563e-05,4.9656878218229394e-06,4.281941528461175e-06,4.280575012671761e-06,0.005038430495242266,0.0050349956582999315
2021-07-30_02h22m33s_C8H11NO3_+Cl_+HCl_142,2021-07-30_02h22m33s,Pyridoxine,C8H11NO3,+Cl,+HCl,142,0.4659074876815652,2.47485679262879,0.005649717514124294,0.005649717514124294,0.0052063633329625094,0.01042793605000601,0.0021262646845154774,0.0021262646845154774,0.4645285775600665,116,0.2724493145942688,0.16145968437194824,48.22352981567383,3.6144487857818604,1.38784921169281,0.10908690094947815,0.11098962277173996,2.432808575037187,0.19616911058486455,1.0684052398346466e-07,5.5580819946499105e-08,1.8910772269009613e-05,1.4173996305544279e-06,5.795242259409861e-07,5.0400934981098544e-08,5.125970403696556e-08,0.00010683504765054133,0.00010677864317293284
2021-07-30_02h22m33s_C8H11NO3_[M]-_-H2_142,2021-07-30_02h22m33s,Pyridoxine,C8H11NO3,[M]-,-H2,142,0.8615274824400746,1.4372629052963708,0.4632768361581921,0.4632768361581921,0.5315941706530204,0.538496213487198,0.5277388946967415,0.5277388946967415,0.856379851706906,189,517.3861694335938,158.38870239257812,91577.3515625,607.96142578125,443.06561279296875,359.97918701171875,358.9974670410156,1.4411932554978915,1.1677390137165498,0.0002379654033575207,6.447259511332959e-05,0.04211987555027008,0.0003105192445218563,0.00021647497487720102,0.00017360039055347443,0.0001734928082441911,0.20278386172095114,0.19561882346288503
2021-07-30_02h22m33s_C8H11NO3_-H_+C12H14N2_142,2021-07-30_02h22m33s,Pyridoxine,C8H11NO3,-H,+C12H14N2,142,1.2236961273509537,1.3206876018875473,0.3333333333333333,0.3333333333333333,0.26608076537990877,0.27196778458949394,0.26239878094158087,0.26239878094158087,1.2254222513167694,189,27.046329498291016,6.598064422607422,4787.2001953125,40.88889694213867,21.38707733154297,20.477975845336914,20.448265075683594,1.3226064309984444,1.2645516976134783,1.1996407010883559e-05,2.023347406066023e-06,0.0021233640145510435,1.881571370176971e-05,1.0449774890730623e-05,9.967118785425555e-06,9.973059604817536e-06,0.011877947532162408,0.011872343691878047
2021-07-30_02h22m33s_C8H11NO3_+Cl_-NH3_142,2021-07-30_02h22m33s,Pyridoxine,C8H11NO3,+Cl,-NH3,142,0.7672253646171016,1.1442779280419957,0.022598870056497175,0.022598870056497175,0.02097007453554344,0.023530472412549585,0.019455321863316617,0.019455321863316617,0.7718551609267521,188,1.3452975749969482,0.18118178844451904,238.11766052246094,8.962576866149902,1.46756911277771,1.1746737957000732,1.1641157865524292,1.1546471093466821,0.9160601045546976,6.473406415352656e-07,8.442503940386814e-08,0.00011457929213065654,4.448550953384256e-06,7.128340371309605e-07,5.666780111823755e-07,5.629156021313975e-07,0.0006469764483982507,0.0006468795237927831
2021-07-30_02h22m33s_C8H11NO3_+Cl_-CH2O3_142,2021-07-30_02h22m33s,Pyridoxine,C8H11NO3,+Cl,-CH2O3,142,0.3993801211776905,1.4869864213930164,0.005649717514124294,0.005649717514124294,0.004594504394259651,0.005349200625075129,0.004146216134805181,0.004146216134805181,0.4015396182473436,118,0.3750747740268707,0.12797555327415466,66.38823699951172,4.975929260253906,0.3040919899940491,0.2512381970882416,0.24709922075271606,1.5117934384836822,1.22938256764521,1.316020075137203e-07,1.8430128534419055e-08,2.3293554477277212e-05,1.745897861837875e-06,1.4191498109994427e-07,1.1514659803424365e-07,1.1317187897930125e-07,0.00013158711555260374,0.00013158333386738144
2021-07-30_02h22m33s_C8H11NO3_[M]-_-H2O_142,2021-07-30_02h22m33s,Pyridoxine,C8H11NO3,[M]-,-H2O,142,2.292468100360589,4.62151595564692,0.4124293785310734,0.3672316384180791,0.19777505840471687,0.24389950715230196,0.1699062671651576,0.1699062671651576,2.2986881007314532,189,116.24540710449219,91.28607940673828,20575.4375,176.52554321289062,31.60795783996582,25.152090072631836,24.959327697753906,4.657206768761802,3.677609609688349,5.601425436907448e-05,4.417382297106087e-05,0.009914522990584373,9.235329343937337e-05,1.5096295101102442e-05,1.191040973935742e-05,1.1840431398013607e-05,0.05535878250257518,0.05518122235240305
2021-07-30_02h22m33s_C8H11NO3_-H_-CH2O3_142,2021-07-30_02h22m33s,Pyridoxine,C8H11NO3,-H,-CH2O3,142,0.0,0.0,0.0,0.0,0.00021136945155189677,0.00018031013342949875,0.00023034534082251004,0.00023034534082251004,0.0,6,0.0,-0.013092701323330402,0.0,0.0,0.010386571288108826,0.012767454609274864,0.013092701323330402,0.0,0.0,0.0,-5.546722192661946e-09,0.0,0.0,4.402862074925906e-09,5.408931080808088e-09,5.546722192661946e-09,0.0,0.0
2021-07-30_02h22m33s_C8H11NO3_[M]-_-CO2_142,2021-07-30_02h22m33s,Pyridoxine,C8H11NO3,[M]-,-CO2,142,0.0,0.0,0.0,0.0,0.0005228612748915341,0.0006310854670032456,0.0004606906816450201,0.0004606906816450201,0.0,19,0.0,-0.02830370143055916,0.0,0.0,0.036309514194726944,0.02760058455169201,0.02830370143055916,0.0,0.0,0.0,-1.2794366455182171e-08,0.0,0.0,1.4228599631849193e-08,1.2476531807692481e-08,1.2794366455182171e-08,0.0,0.0
2021-07-30_02h22m33s_C8H11NO3_[M]-_-CH2O2_142,2021-07-30_02h22m33s,Pyridoxine,C8H11NO3,[M]-,-CH2O2,142,1.4891095817580182,12.120740239439492,0.01694915254237288,0.01694915254237288,0.001601957948603849,0.0018932564010097368,0.0013820720449350603,0.0013820720449350603,1.491639258286546,54,0.9729477763175964,0.8945360779762268,172.21176147460938,7.437118053436279,0.10656611621379852,0.07927131652832031,0.07841171324253082,12.251942900993996,9.045113931451837,4.502531112393626e-07,4.124193537791143e-07,7.969480066094548e-05,3.4348436201980803e-06,5.0731919998270314e-08,3.8159857496111727e-08,3.783375746024831e-08,0.00045023607711682114,0.00045023027019331437
2021-07-30_02h22m33s_C8H11NO3_-H_-CH2O2_142,2021-07-30_02h22m33s,Pyridoxine,C8H11NO3,-H,-CH2O2,142,16.156807871566336,219.3196461798002,0.6101694915254238,0.5084745762711864,0.029135610190232506,0.028368794326241134,0.02776547300529794,0.02776547300529794,16.62121808899532,22,268.0277099609375,266.8624267578125,47440.90234375,786.8386840820312,1.2375822067260742,1.221087098121643,1.1652928590774536,229.81167026346148,216.39880542883878,0.0001141212196671404,0.00011353415175108239,0.020199455320835114,0.00026232723030261695,6.06318167228892e-07,6.145001520962978e-07,5.870675749974907e-07,0.11405426210806648,0.11405206782640721
2021-07-30_02h22m33s_C8H11NO3_[M]-_-CH2O3_142,2021-07-30_02h22m33s,Pyridoxine,C8H11NO3,[M]-,-CH2O3,142,0.0,0.0,0.0,0.0,0.00025586828345755926,0.00024041351123933166,0.0002657830855644347,0.0002657830855644347,0.0,8,0.0,-0.01554005779325962,0.0,0.0,0.013558614067733288,0.01515401341021061,0.01554005779325962,0.0,0.0,0.0,-7.183261541143793e-09,0.0,0.0,5.664552826800673e-09,7.004816282574211e-09,7.183261541143793e-09,0.0,0.0
2021-07-30_02h22m33s_C8H11NO3_-H_-CO2_142,2021-07-30_02h22m33s,Pyridoxine,C8H11NO3,-H,-CO2,142,0.0,0.0,0.0,0.0,0.0015018355768161085,0.002043514845534319,0.001187164448854475,0.001187164448854475,0.0,53,0.0,-0.06919817626476288,0.0,0.0,0.1199597418308258,0.06944213807582855,0.06919817626476288,0.0,0.0,0.0,-3.310601925932133e-08,0.0,0.0,5.378371881192834e-08,3.30569882578402e-08,3.310601925932133e-08,0.0,0.0
2021-07-30_02h22m33s_C6H6N2O2_-H_+C12H14N2_128,2021-07-30_02h22m33s,Urocanic acid,C6H6N2O2,-H,+C12H14N2,128,36.71336268303338,10393.307509752864,0.423728813559322,0.423728813559322,0.002636555790410502,0.0022538766678687344,0.001541541896273721,0.001541541896273721,36.81977451977668,4,3524.849609375,3524.533203125,623898.375,7573.24609375,1.09028959274292,0.3381460905075073,0.3162873089313507,11109.33059770647,3229.985544456086,0.001624309690669179,0.001624152297154069,0.28750282526016235,0.0033523105084896088,4.398844737352192e-07,1.6933350366343802e-07,1.5734245550902415e-07,1.6240541580000796,1.6235954962187658
2021-07-30_02h22m33s_C6H6N2O2_-H_-NH3_128,2021-07-30_02h22m33s,Urocanic acid,C6H6N2O2,-H,-NH3,128,0.7513673976000923,0.5461793224051813,0.2542372881355932,0.1977401129943503,0.31465124040493936,0.29171174420002405,0.32836614277867354,0.32836614277867354,0.7466350546132707,189,20.844932556152344,-17.73004150390625,3689.55322265625,39.12760543823242,31.427932739257812,38.163997650146484,38.574974060058594,0.5403604980576525,0.6632402292844957,1.1209067452000454e-05,-7.47707235859707e-06,0.0019840048626065254,2.1558464140980504e-05,1.5308894944610074e-05,1.8502953025745228e-05,1.8686139810597524e-05,0.011003455346986988,0.011040056388565336
2021-07-30_02h22m33s_C6H6N2O2_+Cl_-H2_128,2021-07-30_02h22m33s,Urocanic acid,C6H6N2O2,+Cl,-H2,128,2.3098416462903124,5.418139730067873,0.05084745762711865,0.05084745762711865,0.01577483591055735,0.02196778458949393,0.012013395467512447,0.012013395467512447,2.3062877663893753,174,4.082419395446777,3.3249871730804443,722.5882568359375,20.444135665893555,1.4980733394622803,0.7524725198745728,0.7574322819709778,5.382707846819995,2.7232953104957143,1.627250071578601e-06,1.3176332913644728e-06,0.00028802326414734125,8.012871148821432e-06,5.987244549032766e-07,3.0755523994230316e-07,3.0961675179241865e-07,0.0016267464036411154,0.00162627638013938
2021-07-30_02h22m33s_C6H6N2O2_+Cl_+H2_128,2021-07-30_02h22m33s,Urocanic acid,C6H6N2O2,+Cl,+H2,128,0.834685114057574,0.7557308281013667,0.5141242937853108,0.5141242937853108,0.5703526532428523,0.5102776776054815,0.6059499973421691,0.6059499973421691,0.8337319403685376,187,73.74961853027344,-24.205520629882812,13053.6826171875,79.9734115600586,81.98240661621094,97.58615112304688,97.95513916015625,0.7528840883540167,0.899567626843291,3.8759895687690005e-05,-8.95062112249434e-06,0.0068605015985667706,4.482204531086609e-05,4.021143104182556e-05,4.758731301990338e-05,4.7710516810184345e-05,0.03699485217128178,0.037261555229084496
2021-07-30_02h22m33s_C6H6N2O2_+Cl_+HCl_128,2021-07-30_02h22m33s,Urocanic acid,C6H6N2O2,+Cl,+HCl,128,0.3285892055037077,0.6083243169292692,0.005649717514124294,0.005649717514124294,0.012515296473467571,0.021577112633730015,0.007193862182610699,0.007193862182610699,0.3285544196578385,136,0.3543148636817932,-0.23227673768997192,62.71372985839844,4.700517177581787,7.694568634033203,0.5814440250396729,0.5865916013717651,0.6029951123443996,0.04604141429066806,1.9388792793506582e-07,-8.18089631593466e-08,3.431816367083229e-05,2.5722142709128093e-06,3.4479130590625573e-06,2.734211932420294e-07,2.756968910944124e-07,0.00019383448836923553,0.00019322171625629127
2021-07-30_02h22m33s_C6H6N2O2_[M]-_+HCl_128,2021-07-30_02h22m33s,Urocanic acid,C6H6N2O2,[M]-,+HCl,128,0.7250745318108838,0.6363380654155527,0.3107344632768362,0.3107344632768362,0.3903771276004005,0.3430099771607164,0.4185552031468717,0.4185552031468717,0.7222677550749684,189,35.279319763183594,-20.542064666748047,6244.439453125,58.54541015625,42.85643005371094,55.44015884399414,55.82138442993164,0.6319923472180996,0.8231786114792674,1.812299706216436e-05,-9.172537829726934e-06,0.0032077704090625048,3.0766026611672714e-05,2.1255485989968292e-05,2.7139956728206016e-05,2.7295534891891293e-05,0.01764146386956851,0.017745801428519697
2021-07-30_02h22m33s_C6H6N2O2_+Cl_+C12H14N2_128,2021-07-30_02h22m33s,Urocanic acid,C6H6N2O2,+Cl,+C12H14N2,128,1.066181659883951,1.241242468200156,0.22033898305084745,0.005649717514124294,0.19254644565580153,0.18541892054333453,0.1966617644453107,0.1966617644453107,1.0702173064895097,6,32.3038444519043,6.34941291809082,5717.78076171875,66.26808166503906,64.08854675292969,26.024410247802734,25.954431533813477,1.2445889951712192,0.5040423296553834,1.5369872926385142e-05,2.6215066100121476e-06,0.0027204675134271383,3.1362844310933724e-05,2.8134290914749727e-05,1.2796950613847002e-05,1.2748366316372994e-05,0.015176398637194877,0.014949285382467195
2021-07-30_02h22m33s_C6H6N2O2_-H__128,2021-07-30_02h22m33s,Urocanic acid,C6H6N2O2,-H,,128,4.6118563796662455,45.58108876992658,0.22033898305084745,0.10734463276836158,0.03391923462009122,0.02638538285851665,0.03777663589489165,0.03777663589489165,4.715814482869677,7,209.27052307128906,204.833740234375,37040.8828125,818.5621948242188,20.7231502532959,4.590169906616211,4.436789035797119,47.15648296555398,10.097906090890621,0.0001121021414292045,0.00010989442671416327,0.019842078909277916,0.000453582702903077,8.461217475996818e-06,2.290722022735281e-06,2.2077138055465184e-06,0.11185519716619854,0.11116157913318339
2021-07-30_02h22m33s_C6H6N2O2_-H_+HCl_128,2021-07-30_02h22m33s,Urocanic acid,C6H6N2O2,-H,+HCl,128,3.2315101585551105,8.393851948979856,0.062146892655367235,0.062146892655367235,0.013138280120146846,0.01950354609929078,0.009231532505271365,0.009231532505271365,3.19838585235879,184,5.334795951843262,4.6865925788879395,944.2589111328125,22.370361328125,1.422414779663086,0.6345599293708801,0.648203432559967,8.21744877535053,3.7478857379196087,2.740336867645965e-06,2.4477726583427284e-06,0.00048503963625989854,1.178802085632924e-05,6.110141725912399e-07,2.8643469818234735e-07,2.9256426614665543e-07,0.002739535377488667,0.0027386635054301887
2021-07-30_02h22m33s_C6H6N2O2_+Cl__128,2021-07-30_02h22m33s,Urocanic acid,C6H6N2O2,+Cl,,128,3.2315101585551105,8.393851948979856,0.062146892655367235,0.062146892655367235,0.013138280120146846,0.01950354609929078,0.009231532505271365,0.009231532505271365,3.19838585235879,184,5.334795951843262,4.6865925788879395,944.2589111328125,22.370361328125,1.422414779663086,0.6345599293708801,0.648203432559967,8.21744877535053,3.7478857379196087,2.740336867645965e-06,2.4477726583427284e-06,0.00048503963625989854,1.178802085632924e-05,6.110141725912399e-07,2.8643469818234735e-07,2.9256426614665543e-07,0.002739535377488667,0.0027386635054301887
2021-07-30_02h22m33s_C6H6N2O2_-H_+H2_128,2021-07-30_02h22m33s,Urocanic acid,C6H6N2O2,-H,+H2,128,36.732091680089646,2196.2248881794803,0.559322033898305,0.4576271186440678,0.008321281566358883,0.010638297872340425,0.005227067349433882,0.005227067349433882,42.85101484209962,8,1371.5125732421875,1371.201416015625,242757.734375,3159.55078125,4.792273044586182,0.6234863996505737,0.3111938238143921,4393.144478276386,286.13278661253366,0.0006701307720504701,0.0006699812365695834,0.11861314624547958,0.001458601444028318,1.9792419152508955e-06,3.10209173903786e-07,1.4952132687540143e-07,0.6700305881878772,0.6688070411214676
2021-07-30_02h22m33s_C6H6N2O2_+Cl_-NH3_128,2021-07-30_02h22m33s,Urocanic acid,C6H6N2O2,+Cl,-NH3,128,0.4482240006531521,2.023196826637231,0.005649717514124294,0.005649717514124294,0.0027923017020803206,0.003095323957206395,0.0026046742385314597,0.0026046742385314597,0.4497431095928171,58,0.3056829273700714,0.15771052241325378,54.10588073730469,4.055342674255371,0.21468007564544678,0.1500890702009201,0.14797240495681763,2.0519432941871294,1.4172979421269258,1.5104285466804868e-07,7.868001716815343e-08,2.67345840256894e-05,2.0038098682562122e-06,9.35542772140252e-08,7.363890830447417e-08,7.236283749989525e-08,0.0001510319255693614,0.00015102872528481608
2021-07-30_02h22m33s_C6H6N2O2_[M]-__128,2021-07-30_02h22m33s,Urocanic acid,C6H6N2O2,[M]-,,128,0.6717307190716845,0.8155302689769234,0.02824858757062147,0.02824858757062147,0.03017020803203916,0.02698641663661498,0.032053440119070825,0.032053440119070825,0.6699928543672716,187,1.6707876920700073,-0.3845745325088501,295.72943115234375,9.870932579040527,1.7204899787902832,2.047713279724121,2.0553622245788574,0.8124967829596191,0.9705474400984285,9.157527074421523e-07,-9.725772542878985e-08,0.00016208822489716113,5.5717141549394e-06,8.470249213132774e-07,1.011323092825478e-06,1.0130104328709422e-06,0.0009148259791809806,0.0009149776985290523
2021-07-30_02h22m33s_C6H6N2O2_-H_-CH2O2_128,2021-07-30_02h22m33s,Urocanic acid,C6H6N2O2,-H,-CH2O2,128,0.0,0.0,0.0,0.0,0.00013349649571698743,0.00015025844452458227,0.00012403210659673618,0.00012403210659673618,0.0,5,0.0,-0.007239720318466425,0.0,0.0,0.007953209802508354,0.007059616036713123,0.007239720318466425,0.0,0.0,0.0,-3.370916434874971e-09,0.0,0.0,2.9447011495875586e-09,3.2870570709775393e-09,3.370916434874971e-09,0.0,0.0
2021-07-30_02h22m33s_C6H6N2O2_-H_-H2_128,2021-07-30_02h22m33s,Urocanic acid,C6H6N2O2,-H,-H2,128,1.0018222787256474,1.092039460538751,0.0903954802259887,0.0903954802259887,0.07178774057180999,0.05736867411948551,0.08023105409571735,0.08023105409571735,0.9990770772928961,188,6.22346305847168,0.5005941390991211,1101.552978515625,20.526811599731445,3.9211840629577637,5.697936058044434,5.722868919372559,1.0872825961140085,1.5867340641271424,3.1395147743751295e-06,3.915133675036486e-07,0.0005556941032409668,1.0625709364830982e-05,1.8740531686489703e-06,2.7393291475164006e-06,2.748001406871481e-06,0.0031309110264696014,0.0031336421623513627
2021-07-30_02h22m33s_C6H6N2O2_+Cl_-CH2O2_128,2021-07-30_02h22m33s,Urocanic acid,C6H6N2O2,+Cl,-CH2O2,128,1.4205552995142317,9.782012394344331,0.01694915254237288,0.01694915254237288,0.0033151629769718545,0.005589614136314461,0.001931357088434892,0.001931357088434892,1.4168619261835351,117,1.0748642683029175,0.9641575217247009,190.2509765625,8.235849380493164,0.3742397129535675,0.10888171195983887,0.11070676147937775,9.622195237495529,2.8644736449735055,4.6211630433390383e-07,4.1062932609747804e-07,8.17945838207379e-05,3.5537698295229347e-06,1.6206445252464619e-07,5.058437224647605e-08,5.148698534185314e-08,0.00046209251258348184,0.0004620414238435049
2021-07-30_02h22m33s_C6H6N2O2_[M]-_-CH2O2_128,2021-07-30_02h22m33s,Urocanic acid,C6H6N2O2,[M]-,-CH2O2,128,0.0,0.0,0.0,0.0,8.899766381132495e-05,0.00018031013342949875,3.5437744741924624e-05,3.5437744741924624e-05,0.0,6,0.0,-0.001998515799641609,0.0,0.0,0.01012494508177042,0.0019487980753183365,0.001998515799641609,0.0,0.0,0.0,-9.098046205302524e-10,0.0,0.0,4.349454130192498e-09,8.871711143498828e-10,9.098046205302524e-10,0.0,0.0
2021-07-30_02h22m33s_C6H6N2O2_-H_-CO2_128,2021-07-30_02h22m33s,Urocanic acid,C6H6N2O2,-H,-CO2,128,0.5541705465085646,25.622499319441047,0.005649717514124294,0.005649717514124294,0.00018912003559906553,0.00015025844452458227,0.00019490759608058544,0.00019490759608058544,0.5539003865013491,6,0.2995457947254181,0.28858232498168945,53.01960754394531,3.9739251136779785,0.008487539365887642,0.01069073285907507,0.01096347440034151,25.038361323936734,31.572548283955705,1.1035238145495896e-07,1.0546016682155823e-07,1.953237187990453e-05,1.4639898608947988e-06,4.205628734155198e-09,4.770509764995268e-09,4.892214633400727e-09,0.0001103518415900647,0.00011035191735576446
2021-07-30_02h22m33s_C6H6N2O2_[M]-_-NH3_128,2021-07-30_02h22m33s,Urocanic acid,C6H6N2O2,[M]-,-NH3,128,0.2962809436524694,0.397633212769306,0.011299435028248588,0.011299435028248588,0.02607631549671821,0.02265897343430701,0.028137569325088152,0.028137569325088152,0.2949451973408359,176,0.6783649325370789,-1.0374128818511963,120.07059478759766,6.4546332359313965,1.62508225440979,1.705006718635559,1.7157777547836304,0.3951384683584596,0.4171775017514727,3.83075843046754e-07,-4.652479503874929e-07,6.78044234518893e-05,3.625802492024377e-06,8.185669457816402e-07,8.437228302682342e-07,8.483237934342469e-07,0.0003827511461425171,0.0003827625262946453
2021-07-30_02h22m33s_C6H6N2O2_[M]-_-CO2_128,2021-07-30_02h22m33s,Urocanic acid,C6H6N2O2,[M]-,-CO2,128,0.0,0.0,0.0,0.0,8.899766381132495e-05,0.00012020675561966583,7.087548948384925e-05,7.087548948384925e-05,0.0,4,0.0,-0.004056389443576336,0.0,0.0,0.006928151473402977,0.003955477848649025,0.004056389443576336,0.0,0.0,0.0,-1.5161176758482497e-09,0.0,0.0,2.903687290611856e-09,1.4784008461887765e-09,1.5161176758482497e-09,0.0,0.0
2021-07-30_02h22m33s_C6H6N2O2_[M]-_+H2_128,2021-07-30_02h22m33s,Urocanic acid,C6H6N2O2,[M]-,+H2,128,0.0,0.0,0.0,0.0,0.006396707086438981,0.0051989421805505465,0.00712298669312685,0.00712298669312685,0.0,81,0.0,-0.8551310896873474,0.0,0.0,0.7162668704986572,0.8591623902320862,0.8551310896873474,0.0,0.0,0.0,-4.433677247561718e-07,0.0,0.0,3.4778656754497206e-07,4.4449390657064214e-07,4.433677247561718e-07,0.0,0.0
2021-07-30_02h22m33s_C6H6N2O2_[M]-_-H2O_128,2021-07-30_02h22m33s,Urocanic acid,C6H6N2O2,[M]-,-H2O,128,0.5198381194786715,5.880043498371771,0.005649717514124294,0.005649717514124294,0.0013238402491934586,0.0020735665344392357,0.0008682247461771533,0.0008682247461771533,0.5187808118312153,46,0.29314279556274414,0.24304258823394775,51.88627624511719,3.8889787197113037,0.12694931030273438,0.04885384812951088,0.05010020360350609,5.736626762532723,2.2910853905281225,1.3825221856222925e-07,1.1480471329150532e-07,2.4470642529195175e-05,1.8341227132623317e-06,5.6924577052086534e-08,2.2864194093585866e-08,2.3447507047080762e-08,0.00013824897696836753,0.0001382443490611291
2021-07-30_02h22m33s_C7H15NO3_+Cl_-CH2O3_110,2021-07-30_02h22m33s,Carnitine,C7H15NO3,+Cl,-CH2O3,110,0.0,0.0,0.0,0.0,0.003215040605184114,0.006851785070320952,0.001080851214628701,0.001080851214628701,0.0,47,0.0,-0.05226440355181694,0.0,0.0,1.1743543148040771,0.057254891842603683,0.05226440355181694,0.0,0.0,0.0,-2.4537747833619505e-08,0.0,0.0,4.960942874276952e-07,2.6961089361066115e-08,2.4537747833619505e-08,0.0,0.0
2021-07-30_02h22m33s_C7H15NO3_+Cl__110,2021-07-30_02h22m33s,Carnitine,C7H15NO3,+Cl,,110,3.8927656512606776,74.97914175592518,0.6610169491525424,0.4011299435028249,0.1697964178440316,0.18412669792042313,0.1598065099137091,0.1598065099137091,3.924909574627089,29,816.1734008789062,805.3970336914062,144462.6875,2125.61865234375,13.947615623474121,10.884339332580566,10.77638053894043,75.73022015228459,58.51286055265358,0.00034376882831566036,0.00033858162350952625,0.06084708496928215,0.0007937208283692598,6.583442427654518e-06,5.246453383733751e-06,5.187195711187087e-06,0.3419948341785612,0.3415204481076767
2021-07-30_02h22m33s_C7H15NO3_-H_+HCl_110,2021-07-30_02h22m33s,Carnitine,C7H15NO3,-H,+HCl,110,3.8927656512606776,74.97914175592518,0.6610169491525424,0.4011299435028249,0.1697964178440316,0.18412669792042313,0.1598065099137091,0.1598065099137091,3.924909574627089,29,816.1734008789062,805.3970336914062,144462.6875,2125.61865234375,13.947615623474121,10.884339332580566,10.77638053894043,75.73022015228459,58.51286055265358,0.00034376882831566036,0.00033858162350952625,0.06084708496928215,0.0007937208283692598,6.583442427654518e-06,5.246453383733751e-06,5.187195711187087e-06,0.3419948341785612,0.3415204481076767
2021-07-30_02h22m33s_C7H15NO3_-H_+C12H14N2_110,2021-07-30_02h22m33s,Carnitine,C7H15NO3,-H,+C12H14N2,110,0.45853733601483065,2.569047341436964,0.005649717514124294,0.0,0.003626654800311492,0.0058300276475537925,0.0023211722805960627,0.0023211722805960627,0.4577065281698017,11,0.28638532757759094,0.17449761927127838,50.69020080566406,3.799330472946167,1.999365210533142,0.11047530174255371,0.11188770830631256,2.5369044325047794,0.1431665208280956,1.7392238760294276e-07,1.1795944487857923e-07,3.0784263799432665e-05,2.307341446794453e-06,7.158250241445785e-07,5.532011115860769e-08,5.596293917164985e-08,0.0001739126549396132,0.0001737979786606717
2021-07-30_02h22m33s_C7H15NO3_[M]-_+C12H14N2_110,2021-07-30_02h22m33s,Carnitine,C7H15NO3,[M]-,+C12H14N2,110,0.8027823491436805,2.7902971942265253,0.011299435028248588,0.011299435028248588,0.004716876182000222,0.00576992426974396,0.004075340645321332,0.004075340645321332,0.8010527414900425,96,0.6385288834571838,0.4088946580886841,113.01960754394531,5.979128360748291,0.42185208201408386,0.22783902287483215,0.22963422536849976,2.7685781780087644,1.5100525943157506,3.0025546493561706e-07,1.9014061081179534e-07,5.3145216952543706e-05,2.8145000214863103e-06,1.8356604414293543e-07,1.0917285919731512e-07,1.1011484701839436e-07,0.0003002224059913098,0.00030020035834338565
2021-07-30_02h22m33s_C7H15NO3_+Cl_-H2O_110,2021-07-30_02h22m33s,Carnitine,C7H15NO3,+Cl,-H2O,110,0.7077987371901665,0.8208493150630507,0.05084745762711865,0.05084745762711865,0.06969629547224386,0.08312297151099891,0.06183886457465847,0.06183886457465847,0.7079635015201271,189,3.09737491607666,-0.6735913753509521,548.2353515625,13.589253425598145,6.672865390777588,3.7723782062530518,3.7709662914276123,0.8211565737254686,0.4641050927333399,1.6242056517512538e-06,-1.8850880678655813e-07,0.0002874844067264348,7.202655069704633e-06,3.0500411867251387e-06,1.815362338675186e-06,1.8127144585378119e-06,0.0016212667580577757,0.0016192668212541312
2021-07-30_02h22m33s_C7H15NO3_[M]-_+HCl_110,2021-07-30_02h22m33s,Carnitine,C7H15NO3,[M]-,+HCl,110,0.5669433000786135,0.5039386873733664,0.2824858757062147,0.2824858757062147,0.45325397708310156,0.39478903714388747,0.48826124705423746,0.48826124705423746,0.5650138361926709,189,34.534664154052734,-34.265140533447266,6112.63525390625,59.674163818359375,46.38587188720703,68.52849578857422,68.7998046875,0.5019514569765944,0.7444921968014188,1.5958694348228164e-05,-1.5553616321994923e-05,0.002824688795953989,2.7719665013137273e-05,2.1150277461856604e-05,3.1412066164193675e-05,3.151231067022309e-05,0.015471162276152608,0.015628154543418097
2021-07-30_02h22m33s_C7H15NO3_+Cl_+H2_110,2021-07-30_02h22m33s,Carnitine,C7H15NO3,+Cl,+H2,110,1.0928684298104343,1.200661886103373,0.0847457627118644,0.0847457627118644,0.07198798531538547,0.0794566654645991,0.06754434147810834,0.06754434147810834,1.095943922394149,189,4.947025775909424,0.8429131507873535,875.62353515625,16.534347534179688,7.083319664001465,4.119248867034912,4.10411262512207,1.2050889287750828,0.6983064021020157,2.560657549111056e-06,6.400373422366101e-07,0.0004532363673206419,8.674962373333983e-06,3.1827064503886504e-06,1.9296721802675165e-06,1.920620206874446e-06,0.0025557489260799294,0.002552533584008399
2021-07-30_02h22m33s_C7H15NO3_+Cl_+C12H14N2_110,2021-07-30_02h22m33s,Carnitine,C7H15NO3,+Cl,+C12H14N2,110,1.5865599037361544,1.861748389624388,0.12429378531073447,0.12429378531073447,0.07373456446768273,0.08261209279961534,0.06834169073480163,0.06834169073480163,1.5898294188219637,189,8.597452163696289,3.995791435241699,1521.7490234375,23.975488662719727,5.694531440734863,4.616945266723633,4.60166072845459,1.8679308927866616,1.5095083317786069,4.228403668093961e-06,2.027704340434866e-06,0.0007484274683520198,1.26662907860009e-05,2.6935658752336167e-06,2.2093170173320686e-06,2.2006993276590947e-06,0.00421911865650328,0.0042170447801797364
2021-07-30_02h22m33s_C7H15NO3_+Cl_-CH2O2_110,2021-07-30_02h22m33s,Carnitine,C7H15NO3,+Cl,-CH2O2,110,0.7206745985182812,0.7821180652002863,0.05649717514124294,0.05649717514124294,0.06593614417621538,0.06181632407741315,0.06839484735191452,0.06839484735191452,0.7213088417237166,189,4.197363376617432,-1.1608128547668457,742.933349609375,17.558916091918945,4.569676399230957,5.365662097930908,5.358176231384277,0.7832105524048517,0.9183243375802457,2.0931724975525867e-06,-5.604363195743645e-07,0.0003704915288835764,9.057930583367124e-06,2.2369051748682978e-06,2.6598827389534563e-06,2.653608817126951e-06,0.0020876327369149864,0.0020885007194854535
2021-07-30_02h22m33s_C7H15NO3_-H_-H2O_110,2021-07-30_02h22m33s,Carnitine,C7H15NO3,-H,-H2O,110,0.743167216458908,0.814287939553626,0.04519774011299435,0.04519774011299435,0.051985760373790185,0.05400288496213487,0.05081772595991991,0.05081772595991991,0.7383726140823499,187,2.7527639865875244,-0.6547791957855225,487.2392272949219,12.79531192779541,3.5887036323547363,3.379578113555908,3.407543182373047,0.8076071914896601,0.7668499320602117,1.2960412050233572e-06,-3.215330934835947e-07,0.00022939930204302073,6.075708824937465e-06,1.7134905192506267e-06,1.6063253269749111e-06,1.6175742985069519e-06,0.0012939481477559464,0.001293824249438368
2021-07-30_02h22m33s_C7H15NO3_+Cl_-H2_110,2021-07-30_02h22m33s,Carnitine,C7H15NO3,+Cl,-H2,110,1.0321237977651485,0.8903541848171503,0.12994350282485875,0.12994350282485875,0.13071531872288353,0.15584805866089674,0.11589914417846449,0.11589914417846449,1.0295489874694097,189,13.955999374389648,-1.7603693008422852,2470.2119140625,37.55105972290039,20.09760093688965,15.673660278320312,15.716368675231934,0.8879348485591025,0.6943766592616074,6.443582606152631e-06,-8.911870281735901e-07,0.0011405141558498144,1.8409664335194975e-05,9.100820534513332e-06,7.320757049456006e-06,7.334769634326221e-06,0.006396664545284905,0.006385469593354916
2021-07-30_02h22m33s_C7H15NO3_+Cl_-NH3_110,2021-07-30_02h22m33s,Carnitine,C7H15NO3,+Cl,-NH3,110,0.7120985575846714,0.5975599992229639,0.13559322033898305,0.0,0.1685949493825787,0.14872580839043154,0.18041355848113827,0.18041355848113827,0.7137918522595451,78,5.9805474281311035,-4.012048244476318,1058.556884765625,15.658334732055664,13.939519882202148,10.007279396057129,9.992595672607422,0.5984380021020725,0.4290046195311887,3.147550614812644e-06,-1.7676366041996516e-06,0.0005571164656430483,8.532307219866198e-06,6.0823222156614065e-06,4.929685474053258e-06,4.915187219012296e-06,0.0031321554842087024,0.003128521936337077
2021-07-30_02h22m33s_C7H15NO3_-H_-H2_110,2021-07-30_02h22m33s,Carnitine,C7H15NO3,-H,-H2,110,0.38961974088081525,1.1991643033087203,0.005649717514124294,0.005649717514124294,0.005551229280231394,0.007332612092799616,0.004500593582224427,0.004500593582224427,0.389003315485611,118,0.3097374439239502,0.051181942224502563,54.82352828979492,4.109131336212158,0.4747660160064697,0.2572944164276123,0.25855550169944763,1.1933380024539444,0.6510289375518117,1.4498094458303967e-07,2.1572304831352085e-08,2.5661627660156228e-05,1.9233896182413446e-06,2.2503162711018376e-07,1.228344075343557e-07,1.234086397516876e-07,0.00014496305488962148,0.00014494832662525229
2021-07-30_02h22m33s_C7H15NO3_[M]-_-H2_110,2021-07-30_02h22m33s,Carnitine,C7H15NO3,[M]-,-H2,110,0.5018384678921459,4.134235840604257,0.005649717514124294,0.005649717514124294,0.002836800533985983,0.005499459069599711,0.0012580399383383242,0.0012580399383383242,0.5028518078502252,59,0.28341642022132874,0.21688860654830933,50.16470718383789,3.7599434852600098,0.853264331817627,0.06755352020263672,0.06652781367301941,4.197032375336137,0.3317666554312302,1.303547776387859e-07,9.874939621568046e-08,2.3072794647305273e-05,1.7293514247285202e-06,4.0274585444421973e-07,3.198311659957653e-08,3.1605384975819106e-08,0.00013035065785606248,0.00013030229892806806
2021-07-30_02h22m33s_C7H15NO3_[M]-_-CO2_110,2021-07-30_02h22m33s,Carnitine,C7H15NO3,[M]-,-CO2,110,0.0,0.0,0.0,0.0,0.00015574591166981868,0.00015025844452458227,0.0001594698513386608,0.0001594698513386608,0.0,5,0.0,-0.00884645152837038,0.0,0.0,0.0084268469363451,0.008628256618976593,0.00884645152837038,0.0,0.0,0.0,-3.6535083847155647e-09,0.0,0.0,3.561954731168271e-09,3.5633958006542343e-09,3.6535083847155647e-09,0.0,0.0
2021-07-30_02h22m33s_C7H15NO3_[M]-_-CH2O2_110,2021-07-30_02h22m33s,Carnitine,C7H15NO3,[M]-,-CH2O2,110,0.0,0.0,0.0,0.0,0.0002447435754811436,0.00027046520014424813,0.00023034534082251004,0.00023034534082251004,0.0,9,0.0,-0.013447821140289307,0.0,0.0,0.014249449595808983,0.013116134330630302,0.013447821140289307,0.0,0.0,0.0,-6.276243968983408e-09,0.0,0.0,7.034784754722523e-09,6.121442464035454e-09,6.276243968983408e-09,0.0,0.0
2021-07-30_02h22m33s_C7H15NO3_-H_+H2_110,2021-07-30_02h22m33s,Carnitine,C7H15NO3,-H,+H2,110,0.0,0.0,0.0,0.0,0.0004116141951273779,0.0005709820891934127,0.0003189397026773216,0.0003189397026773216,0.0,19,0.0,-0.015511373057961464,0.0,0.0,0.03161614388227463,0.0170622318983078,0.015511373057961464,0.0,0.0,0.0,-6.648323669367073e-09,0.0,0.0,1.3955233413298629e-08,7.137381796695763e-09,6.648323669367073e-09,0.0,0.0
2021-07-30_02h22m33s_C7H15NO3_+Cl_-CO2_110,2021-07-30_02h22m33s,Carnitine,C7H15NO3,+Cl,-CO2,110,0.49689973638877766,0.29183781637458234,0.011299435028248588,0.0,0.012548670597396819,0.012231037384300997,0.012739869234721903,0.012739869234721903,0.4958168130494986,52,0.5598316788673401,-1.3919994831085205,99.09020233154297,5.236745357513428,1.6043047904968262,1.9172972440719604,1.9518312215805054,0.2866769399632221,0.3487385586721371,2.7862040496984264e-07,-4.025603743684769e-07,4.9315811338601634e-05,2.6079687813762575e-06,5.721508387068752e-07,6.712293156851956e-07,6.811807793383196e-07,0.0002784307432991304,0.0002784610832275268
2021-07-30_02h22m33s_C7H15NO3_-H_-CO2_110,2021-07-30_02h22m33s,Carnitine,C7H15NO3,-H,-CO2,110,0.0,0.0,0.0,0.0,0.00018912003559906553,0.00012020675561966583,0.00023034534082251004,0.00023034534082251004,0.0,4,0.0,-0.013070518150925636,0.0,0.0,0.0069399368949234486,0.012748138047754765,0.013070518150925636,0.0,0.0,0.0,-5.395564439680811e-09,0.0,0.0,2.8846556254791267e-09,5.262484670254253e-09,5.395564439680811e-09,0.0,0.0
2021-07-30_02h22m33s_C7H15NO3_[M]-_-NH3_110,2021-07-30_02h22m33s,Carnitine,C7H15NO3,[M]-,-NH3,110,0.3981731881574854,0.4485876749642098,0.01694915254237288,0.01694915254237288,0.033930359328067636,0.036332491886044,0.03256728741782873,0.03256728741782873,0.39930925193987254,181,0.9040434956550598,-1.1032674312591553,160.0157012939453,6.887221336364746,2.288318395614624,2.014310598373413,2.0073108673095703,0.4501511744873242,0.39489635753018404,5.104531055621919e-07,-4.5640945245395415e-07,9.035020048031583e-05,4.034085122839315e-06,1.1085477353844908e-06,9.732556236485834e-07,9.66862558016146e-07,0.0005099600442892843,0.0005098878705180292
2021-07-30_02h22m33s_C7H15NO3_[M]-_+H2_110,2021-07-30_02h22m33s,Carnitine,C7H15NO3,[M]-,+H2,110,0.0,0.0,0.0,0.0,0.001112470797641562,0.0011720158672917419,0.001080851214628701,0.001080851214628701,0.0,32,0.0,-0.06338557600975037,0.0,0.0,0.06666666269302368,0.06182218715548515,0.06338557600975037,0.0,0.0,0.0,-2.7354946752211617e-08,0.0,0.0,2.6498634397853493e-08,2.6680247344756935e-08,2.7354946752211617e-08,0.0,0.0
2021-07-30_02h22m33s_C7H15NO3_-H_-NH3_110,2021-07-30_02h22m33s,Carnitine,C7H15NO3,-H,-NH3,110,0.4347163053422927,0.5675250846974472,0.02824858757062147,0.02824858757062147,0.0581154744687952,0.06358937372280322,0.05498166096709605,0.05498166096709605,0.43163499918801335,189,6.818544864654541,-5.328253269195557,1206.8824462890625,42.89738845825195,15.364753723144531,12.01352596282959,12.146798133850098,0.5612988287691842,0.4437494565843632,4.066993824380916e-06,-1.8065538824885152e-06,0.0007198578678071499,2.6921052267425694e-05,7.1390772973245475e-06,5.807440174976364e-06,5.873547706869431e-06,0.004043245628292548,0.004038165051935791
2021-07-30_02h22m33s_C20H28O2_-H__14,2021-07-30_02h22m33s,Retinoic acid,C20H28O2,-H,,14,4.375809317557778,30.735693279598863,0.3672316384180791,0.3672316384180791,0.06344420958949827,0.04405577593460752,0.07392313553165476,0.07392313553165476,4.3432063800120355,187,149.52688598632812,144.60752868652344,26466.259765625,476.5771484375,2.5224609375,4.863926410675049,4.919355392456055,30.38944833448097,59.254686198735,7.327878847718239e-05,7.080841169226915e-05,0.01297034602612257,0.0002228951343568042,1.2656892067752779e-06,2.446158532620757e-06,2.47037587541854e-06,0.07309820842654913,0.07318615754748918
2021-07-30_02h22m33s_C20H28O2_+Cl_+HCl_14,2021-07-30_02h22m33s,Retinoic acid,C20H28O2,+Cl,+HCl,14,1.0124295751354282,1.1369679903603278,0.9774011299435028,0.9774011299435028,0.9579374791411726,0.9621348719798053,0.9554015982422879,0.9554015982422879,1.012752536985886,189,298.34906005859375,36.069732666015625,52807.78125,115.87238311767578,285.55743408203125,262.4066162109375,262.2793273925781,1.1375197790264628,1.044791623884897,0.00013865593064110726,1.8719329091254622e-05,0.024542098864912987,4.4437711039790884e-05,0.00012858778063673526,0.00012005501776002347,0.00011993660154985264,0.12380694625858708,0.12285790526890102
2021-07-30_02h22m33s_C20H28O2_[M]-__14,2021-07-30_02h22m33s,Retinoic acid,C20H28O2,[M]-,,14,10.989927010659821,109.23408143026495,0.15819209039548024,0.15819209039548024,0.004027144287462454,0.002584445245822815,0.004394280347998654,0.004394280347998654,10.933304278940332,57,29.08348274230957,28.8133487701416,5147.7763671875,102.37500762939453,0.1537024974822998,0.2652491629123688,0.27013424038887024,107.26599008888371,187.9962070142865,1.4468275367107708e-05,1.4333405488287099e-05,0.002560884691774845,4.994072878616862e-05,7.511784616553996e-08,1.3250115671326057e-07,1.34869594603515e-07,0.014466324299813989,0.014467188623058272
2021-07-30_02h22m33s_C20H28O2_-H_+C12H14N2_14,2021-07-30_02h22m33s,Retinoic acid,C20H28O2,-H,+C12H14N2,14,7.797571792180072,133.8380283314123,0.0847457627118644,0.0847457627118644,0.0011792190455000556,0.0012621709340064912,0.0008682247461771533,0.0008682247461771533,7.807934568123973,24,6.782851219177246,6.733877658843994,1200.564697265625,23.658245086669922,0.08032073825597763,0.049679551273584366,0.04897373169660568,135.7283314433361,83.4086281635381,3.0494099974021083e-06,3.0268047339632176e-06,0.0005397455533966422,1.0819868293765467e-05,3.4629422884790984e-08,2.287357503405474e-08,2.260523146446758e-08,0.0030493410663414893,0.0030493044017504754
2021-07-30_02h22m33s_C20H28O2_+Cl__14,2021-07-30_02h22m33s,Retinoic acid,C20H28O2,+Cl,,14,1.4568886832962202,1.712932582857287,0.2655367231638418,0.2655367231638418,0.17225497830681943,0.17174540209159755,0.1722628771904956,0.1722628771904956,1.4600504157949838,189,20.19242286682129,8.429197311401367,3574.058837890625,37.199371337890625,13.742560386657715,11.78721809387207,11.763225555419922,1.7164260215597784,1.4692279364831946,9.818765647651162e-06,4.047766196890734e-06,0.0017379214987158775,1.7954032955458388e-05,6.5919307417061646e-06,5.7877232393366285e-06,5.770999450760428e-06,0.009762426688593201,0.009754464890669464
2021-07-30_02h22m33s_C20H28O2_-H_+HCl_14,2021-07-30_02h22m33s,Retinoic acid,C20H28O2,-H,+HCl,14,1.4568886832962202,1.712932582857287,0.2655367231638418,0.2655367231638418,0.17225497830681943,0.17174540209159755,0.1722628771904956,0.1722628771904956,1.4600504157949838,189,20.19242286682129,8.429197311401367,3574.058837890625,37.199371337890625,13.742560386657715,11.78721809387207,11.763225555419922,1.7164260215597784,1.4692279364831946,9.818765647651162e-06,4.047766196890734e-06,0.0017379214987158775,1.7954032955458388e-05,6.5919307417061646e-06,5.7877232393366285e-06,5.770999450760428e-06,0.009762426688593201,0.009754464890669464
2021-07-30_02h22m33s_C20H28O2_+Cl_-CH2O2_14,2021-07-30_02h22m33s,Retinoic acid,C20H28O2,+Cl,-CH2O2,14,0.7553553243000848,1.3733541892256917,0.01694915254237288,0.01694915254237288,0.013505395483368562,0.015296309652602477,0.012438648404415543,0.012438648404415543,0.7551857975463322,173,1.0908608436584473,0.2982659935951233,193.08236694335938,8.469147682189941,1.3438827991485596,0.7933040857315063,0.792594850063324,1.3745815557792536,0.8111196338811586,5.261173328108271e-07,1.4299351391855453e-07,9.312276961281896e-05,4.212562998873182e-06,6.437996944441693e-07,3.828575643183285e-07,3.8312381889227254e-07,0.0005259158419250527,0.0005257788365565068
2021-07-30_02h22m33s_C20H28O2_[M]-_+HCl_14,2021-07-30_02h22m33s,Retinoic acid,C20H28O2,[M]-,+HCl,14,0.9567914904180017,0.9599196678594839,0.2768361581920904,0.2768361581920904,0.26361108020914453,0.23686741194855152,0.27933802292822085,0.27933802292822085,0.9569116181212869,189,19.858734130859375,-0.8246021270751953,3514.99609375,33.839839935302734,16.8583927154541,20.686912536621094,20.68333625793457,0.9600856359720755,1.1779032890464636,9.582820894138422e-06,-7.711914804531261e-07,0.001696159364655614,1.6864267308847047e-05,8.378235179407056e-06,1.0368314178776927e-05,1.0354012374591548e-05,0.00948461705181566,0.009503200842522628
2021-07-30_02h22m33s_C20H28O2_[M]-_-H2_14,2021-07-30_02h22m33s,Retinoic acid,C20H28O2,[M]-,-H2,14,6.268717807453828,108.69401366640398,0.06779661016949153,0.06779661016949153,0.0010679719657358995,0.0011419641783868254,0.0008150681290642664,0.0008150681290642664,6.277869392763709,35,5.041830062866211,4.997289180755615,892.4039306640625,19.764680862426758,0.06443589180707932,0.045385535806417465,0.044541019946336746,110.70964306041566,77.04991746319793,2.5528106561978348e-06,2.5310428100056015e-06,0.0004518475034274161,9.790946933208033e-06,2.9925587341494975e-08,2.2001287902639888e-08,2.176782487595119e-08,0.002552755088272122,0.002552734264125654
2021-07-30_02h22m33s_C20H28O2_-H_-CH2O2_14,2021-07-30_02h22m33s,Retinoic acid,C20H28O2,-H,-CH2O2,14,5.036667548560335,52.35253406045262,0.062146892655367235,0.062146892655367235,0.0025253087106463456,0.0025243418680129825,0.0023388911529670254,0.0023388911529670254,5.079678901960942,70,6.956796646118164,6.830295085906982,1231.35302734375,28.407001495361328,0.1429222971200943,0.1318836659193039,0.12650136649608612,54.56252616972317,48.33717071867707,3.1099204989004647e-06,3.0556752790289465e-06,0.000550455937627703,1.3385786587605253e-05,6.224304627266974e-08,5.663823898771625e-08,5.424519144980877e-08,0.0031097518098181795,0.0031097269400226415
2021-07-30_02h22m33s_C20H28O2_+Cl_-H2O_14,2021-07-30_02h22m33s,Retinoic acid,C20H28O2,+Cl,-H2O,14,1.9497306869065276,3.452168489723811,0.05649717514124294,0.05649717514124294,0.021670931138057625,0.02605481428056257,0.018976912309300636,0.018976912309300636,1.9505145860563577,183,3.879451036453247,2.755971670150757,686.662841796875,16.31386375427246,1.7784451246261597,1.122772216796875,1.1234793663024902,3.449997530154463,2.1801464865449414,1.6149818975463859e-06,1.0620898365232279e-06,0.0002858517982531339,6.81693109072512e-06,8.649382721159782e-07,5.531696274374553e-07,5.52892061023158e-07,0.0016140894802869543,0.0016135862450476842
2021-07-30_02h22m33s_C20H28O2_+Cl_-H2_14,2021-07-30_02h22m33s,Retinoic acid,C20H28O2,+Cl,-H2,14,1.4123890589586992,1.537086883406971,0.15254237288135594,0.15254237288135594,0.10223606630325954,0.10914773410265657,0.09800308308379255,0.09800308308379255,1.414976972265958,189,9.994728088378906,3.5040693283081055,1769.06689453125,24.185514450073242,7.361673831939697,6.501383304595947,6.490658760070801,1.539626227714702,1.357486195439109,4.843168426305056e-06,1.6842056993482402e-06,0.0008572408114559948,1.197787332785083e-05,3.5542207115213387e-06,3.1690110517956782e-06,3.1589627269568155e-06,0.0048279172157715995,0.004826015701345207
2021-07-30_02h22m33s_C20H28O2_[M]-_+C12H14N2_14,2021-07-30_02h22m33s,Retinoic acid,C20H28O2,[M]-,+C12H14N2,14,1.0950189994149175,33.564594436119215,0.011299435028248588,0.011299435028248588,0.00032261653131605296,0.00027046520014424813,0.0003189397026773216,0.0003189397026773216,1.0941656688626307,8,0.6040545105934143,0.5866288542747498,106.91764831542969,5.652679920196533,0.019391469657421112,0.016996776685118675,0.017425648868083954,32.783350801812425,29.6229021616193,2.618977816837287e-07,2.5352372290399217e-07,4.635590812540613e-05,2.5049471332749818e-06,7.627097176055031e-09,8.167948983839324e-09,8.37404634523864e-09,0.0002618955885579325,0.00026189578417913276
2021-07-30_02h22m33s_C20H28O2_[M]-_-CH2O2_14,2021-07-30_02h22m33s,Retinoic acid,C20H28O2,[M]-,-CH2O2,14,1.1216400632651342,1.9109402535658095,0.02824858757062147,0.02824858757062147,0.015841584158415842,0.016889049164563047,0.0151850736219147,0.0151850736219147,1.1135342064244176,177,1.706613540649414,0.8042917251586914,302.0705871582031,10.134699821472168,1.002725601196289,0.8920753002166748,0.9023218154907227,1.8892641707344457,1.7002789792502941,8.92446109901357e-07,5.146341663930798e-07,0.00015796296065673232,5.5045270528353285e-06,4.0911851328928606e-07,3.739680778380716e-07,3.778119719299866e-07,0.0008921090604180638,0.0008920811429904033
2021-07-30_02h22m33s_C20H28O2_-H_-CO2_14,2021-07-30_02h22m33s,Retinoic acid,C20H28O2,-H,-CO2,14,1.9684070789949721,6.524478198632187,0.24293785310734464,0.24293785310734464,0.11675381021248192,0.12173939175381657,0.11341850204652976,0.11341850204652976,1.9740619114460607,189,128.81346130371094,109.14492797851562,22799.982421875,424.6584167480469,20.42167091369629,19.74210548400879,19.668533325195312,6.548882435289392,6.307375849518453,6.574587314389646e-05,5.5023658205755055e-05,0.011637018993496895,0.00020055424829479307,1.0968000424327329e-05,1.0764058970380574e-05,1.0722215847636107e-05,0.06504841005078639,0.06503259560767635
2021-07-30_02h22m33s_C20H28O2_[M]-_+H2_14,2021-07-30_02h22m33s,Retinoic acid,C20H28O2,[M]-,+H2,14,0.5447035333970527,15.930567348879421,0.005649717514124294,0.005649717514124294,0.00037824007119813106,0.0003606202668589975,0.00037209631979020857,0.00037209631979020857,0.5442109080239276,9,0.35099148750305176,0.32942819595336914,62.125492095947266,4.656428337097168,0.021008724346756935,0.021032579243183136,0.02156328409910202,15.555868815968177,15.947834230327466,2.0973483572106488e-07,1.984412278943637e-07,3.7123067158972844e-05,2.782447154459078e-06,8.148699492949163e-09,1.1015663048397073e-08,1.1293614932128548e-08,0.0002097324670833429,0.00020973312666884193
2021-07-30_02h22m33s_C20H28O2_+Cl_+C12H14N2_14,2021-07-30_02h22m33s,Retinoic acid,C20H28O2,+Cl,+C12H14N2,14,1.613025017678768,3.543933934789356,0.02824858757062147,0.02824858757062147,0.006596951830014462,0.004928476980406299,0.00751280188528802,0.00751280188528802,1.6206989708879505,109,1.5475574731826782,1.1162643432617188,273.91766357421875,9.112960815429688,0.28772303462028503,0.4356778562068939,0.4312931299209595,3.5798798687030575,5.360006953438797,6.769115543647786e-07,4.819741548089951e-07,0.00011981334682786837,3.986079718742985e-06,1.254262258498784e-07,1.971333460915048e-07,1.9493738534492877e-07,0.000676779624714282,0.0006768266625509403
2021-07-30_02h22m33s_C20H28O2_[M]-_-H2O_14,2021-07-30_02h22m33s,Retinoic acid,C20H28O2,[M]-,-H2O,14,0.0,0.0,0.0,0.0,0.0028145511180331516,0.0035460992907801418,0.002392047770079912,0.002392047770079912,0.0,84,0.0,-0.1369696706533432,0.0,0.0,0.20592667162418365,0.136583611369133,0.1369696706533432,0.0,0.0,0.0,-6.54666649779756e-08,0.0,0.0,9.613351181769758e-08,6.506909500103575e-08,6.54666649779756e-08,0.0,0.0
2021-07-30_02h22m33s_C4H6O4_-H_+H2_113,2021-07-30_02h22m33s,Succinic acid,C4H6O4,-H,+H2,113,0.5612879789334361,0.5634726592942925,0.02824858757062147,0.0,0.05493380798754033,0.07984733742036303,0.04032815351631022,0.04032815351631022,0.5577559391354342,20,1.1744766235351562,-0.9287102222442627,207.88235473632812,6.888483047485352,23.37708282470703,2.0833542346954346,2.103186845779419,0.5581617554025315,0.05023836352799278,5.48910350062215e-07,-4.2569973857098375e-07,9.715712803881615e-05,3.2847833608684596e-06,9.798565770324785e-06,9.654040695750155e-07,9.746100886331988e-07,0.0005483758973802649,0.0005435840064235769
2021-07-30_02h22m33s_C4H6O4_+Cl_+H2_113,2021-07-30_02h22m33s,Succinic acid,C4H6O4,+Cl,+H2,113,0.0,0.0,0.0,0.0,0.0018022026921793303,0.004207236446688304,0.0003898151921611709,0.0003898151921611709,0.0,3,0.0,-0.1905328929424286,0.0,0.0,59.357398986816406,0.185799703001976,0.1905328929424286,0.0,0.0,0.0,-8.392368044951581e-08,0.0,0.0,2.294876321684569e-05,8.183886279766739e-08,8.392368044951581e-08,0.0,0.0
2021-07-30_02h22m33s_C4H6O4_+Cl_-H2O_113,2021-07-30_02h22m33s,Succinic acid,C4H6O4,+Cl,-H2O,113,0.3021244751552847,0.506005274296039,0.005649717514124294,0.005649717514124294,0.018422516408944264,0.03498016588532275,0.008699966334142495,0.008699966334142495,0.3003160316702859,174,0.2802259922027588,-0.2805735468864441,49.60000228881836,3.717618465423584,4.298040390014648,0.5528005361557007,0.5607995390892029,0.498800680144852,0.06518338205280363,1.7004572328005452e-07,-1.0366912306380982e-07,3.0098093702690676e-05,2.255911567772273e-06,1.8647243678060477e-06,2.6981140877069265e-07,2.7371484634386434e-07,0.00016999919197734385,0.00016972922505815972
2021-07-30_02h22m33s_C4H6O4_[M]-_+C12H14N2_113,2021-07-30_02h22m33s,Succinic acid,C4H6O4,[M]-,+C12H14N2,113,0.7926012659827925,0.7482363800729982,0.4011299435028249,0.4011299435028249,0.44426521303815775,0.35659334054573866,0.4960929886422028,0.4960929886422028,0.7939831875471992,189,32.735347747802734,-10.889263153076172,5794.15673828125,43.85468673706055,29.525390625,43.74900817871094,43.624610900878906,0.7503699563584387,1.108680981822604,1.537602292955853e-05,-6.1516384448623285e-06,0.00272155599668622,2.1774591004941612e-05,1.4502167687169276e-05,2.1572679543169215e-05,2.152766137442086e-05,0.01505198881141482,0.015156224815775714
2021-07-30_02h22m33s_C4H6O4_+Cl_-H2_113,2021-07-30_02h22m33s,Succinic acid,C4H6O4,+Cl,-H2,113,0.6990501998976142,0.916435604641834,0.01694915254237288,0.0,0.03783513182778952,0.07795408101935329,0.0142459733862537,0.0142459733862537,0.756925070125769,34,1.2226654291152954,0.11639034748077393,216.41177368164062,9.311542510986328,35.92771911621094,1.3331531286239624,1.1062750816345215,1.1042110938778094,0.03403030943465035,5.79428672153881e-07,5.4482427458424354e-08,0.00010255887173116207,4.445005743036745e-06,1.4744610780326184e-05,6.356059998324781e-07,5.249462446954567e-07,0.0005791246628369142,0.0005710093613685788
2021-07-30_02h22m33s_C4H6O4_[M]-_+H2_113,2021-07-30_02h22m33s,Succinic acid,C4H6O4,[M]-,+H2,113,0.7790819950240148,0.7823890722700922,0.1977401129943503,0.1977401129943503,0.2219379241294916,0.1849681452097608,0.2438116838244414,0.2438116838244414,0.7804327285706446,189,15.84898567199707,-4.36372184753418,2805.2705078125,34.11922836303711,14.80947208404541,20.256166458129883,20.21270751953125,0.7840711881619529,1.070120221830768,7.472235211025691e-06,-2.9402549444057513e-06,0.0013225856237113476,1.6192114344448783e-05,7.5053758337162435e-06,1.0421329534437973e-05,1.0412490155431442e-05,0.007395232426190851,0.007416571057839145
2021-07-30_02h22m33s_C4H6O4_+Cl_+C12H14N2_113,2021-07-30_02h22m33s,Succinic acid,C4H6O4,+Cl,+C12H14N2,113,1.5638820287003488,2.0003113356792244,0.12994350282485875,0.12994350282485875,0.10450550673044832,0.15765115999519172,0.07309034853021953,0.07309034853021953,1.56577461284248,188,15.464361190795898,7.7470598220825195,2737.19189453125,42.694580078125,20.858043670654297,7.729977130889893,7.717301368713379,2.0035964459073416,0.7413744098226349,6.72367468723678e-06,3.1419842798641184e-06,0.0011900904355570674,1.8669730707188137e-05,9.13659550860757e-06,3.5841362659994047e-06,3.581690407372662e-06,0.006699678512974379,0.006662799384307364
2021-07-30_02h22m33s_C4H6O4_+Cl_+HCl_113,2021-07-30_02h22m33s,Succinic acid,C4H6O4,+Cl,+HCl,113,0.3924973932378507,1.1265533908299403,0.005649717514124294,0.005649717514124294,0.0055734786961842255,0.007573025604038947,0.004394280347998654,0.004394280347998654,0.39341077167056426,127,0.30831947922706604,0.03655102849006653,54.572547912597656,4.090320110321045,0.46751633286476135,0.27268385887145996,0.2717684507369995,1.130334092502305,0.6580762667158999,9.633674125097968e-08,-2.5803437608828972e-08,1.705160320852883e-05,1.2780510587617755e-06,1.9360695091563684e-07,1.2264470683476247e-07,1.2214017885980866e-07,9.632497610117002e-05,9.631809339859877e-05
2021-07-30_02h22m33s_C4H6O4_[M]-__113,2021-07-30_02h22m33s,Succinic acid,C4H6O4,[M]-,,113,1.5035571847325688,1.7157108801237468,0.2033898305084746,0.2033898305084746,0.11803315162976973,0.10530111792282726,0.12527242766270355,0.12527242766270355,1.5142085158351404,189,14.631041526794434,6.167832374572754,2589.6943359375,31.066299438476562,7.060632705688477,8.526684761047363,8.46320915222168,1.7285775036589317,2.0719063333623176,6.736890100000892e-06,2.618645794427721e-06,0.001192429568618536,1.4411173651751596e-05,3.503430207274505e-06,4.151725988776889e-06,4.118244305573171e-06,0.006709259729325984,0.006713370275784091
2021-07-30_02h22m33s_C4H6O4_-H__113,2021-07-30_02h22m33s,Succinic acid,C4H6O4,-H,,113,1.0192729574459534,2.1765421748102707,0.1807909604519774,0.1807909604519774,0.1728668372455223,0.18214328645269864,0.16737246841611,0.16737246841611,1.024240480163323,189,30.141489028930664,16.423843383789062,5335.04345703125,73.7054672241211,15.226758003234863,13.847336769104004,13.717646598815918,2.1971182661365614,1.979377990018468,1.3368136933422647e-05,7.0498831519216765e-06,0.002366160275414586,3.4522105124779046e-05,6.919947281858185e-06,6.374008989951108e-06,6.318253781500971e-06,0.013284203961508615,0.013276265873478245
2021-07-30_02h22m33s_C4H6O4_+Cl_-CO2_113,2021-07-30_02h22m33s,Succinic acid,C4H6O4,+Cl,-CO2,113,1.4376351834827212,9.884903864892406,0.01694915254237288,0.01694915254237288,0.0016575814884859273,0.0013523260007212406,0.0017896061094671936,0.0017896061094671936,1.436508216169233,42,1.0178797245025635,0.9153299927711487,180.16470336914062,7.879848480224609,0.0775531530380249,0.10197315365076065,0.1025497168302536,9.829864877092302,12.957846822645587,3.3802155030571157e-07,2.9045548899375717e-07,5.982981383567676e-05,2.674905090316315e-06,3.4752094535406286e-08,4.724453006588192e-08,4.756605775924072e-08,0.0003380054727178733,0.0003380098037570575
2021-07-30_02h22m33s_C4H6O4_[M]-_-CH2O3_113,2021-07-30_02h22m33s,Succinic acid,C4H6O4,[M]-,-CH2O3,113,0.0,0.0,0.0,0.0,5.5623539882078096e-05,3.0051688904916458e-05,7.087548948384925e-05,7.087548948384925e-05,0.0,1,0.0,-0.0040222532115876675,0.0,0.0,0.0018932564416900277,0.003922333009541035,0.0040222532115876675,0.0,0.0,0.0,-1.8296277826124197e-09,0.0,0.0,7.633411680529889e-10,1.7841763622072904e-09,1.8296277826124197e-09,0.0,0.0
2021-07-30_02h22m33s_C4H6O4_+Cl_-CH2O2_113,2021-07-30_02h22m33s,Succinic acid,C4H6O4,+Cl,-CH2O2,113,0.0,0.0,0.0,0.0,0.00020024474357548114,0.00015025844452458227,0.00023034534082251004,0.00023034534082251004,0.0,5,0.0,-0.013009118847548962,0.0,0.0,0.009179789572954178,0.012685948051512241,0.013009118847548962,0.0,0.0,0.0,-5.560063076615052e-09,0.0,0.0,3.8908791744063365e-09,5.421941118299856e-09,5.560063076615052e-09,0.0,0.0
2021-07-30_02h22m33s_C4H6O4_[M]-_-CH2O2_113,2021-07-30_02h22m33s,Succinic acid,C4H6O4,[M]-,-CH2O2,113,0.0,0.0,0.0,0.0,7.787295583490934e-05,6.0103377809832915e-05,8.859436185481156e-05,8.859436185481156e-05,0.0,2,0.0,-0.005094796884804964,0.0,0.0,0.0036692521534860134,0.004968232940882444,0.005094796884804964,0.0,0.0,0.0,-3.2411604511395353e-09,0.0,0.0,1.2240650715256152e-09,3.16064396876925e-09,3.2411604511395353e-09,0.0,0.0
2021-07-30_02h22m33s_C4H6O4_-H_+C12H14N2_113,2021-07-30_02h22m33s,Succinic acid,C4H6O4,-H,+C12H14N2,113,0.1986381501688205,0.20154716947523166,0.03954802259887006,0.0,0.15443319612860162,0.09625555956244741,0.18909580594290978,0.18909580594290978,0.1977158632972983,6,11.749175071716309,-46.85296630859375,2079.60400390625,57.900577545166016,36.67599868774414,58.293914794921875,58.602142333984375,0.20048711730775023,0.32034178073688385,4.1260805119236466e-06,-2.0768855392816477e-05,0.0007303162710741162,2.050616967608221e-05,1.5118167539185379e-05,2.4727112759137526e-05,2.4894936359487474e-05,0.004025857056704592,0.0040646307433605975
2021-07-30_02h22m33s_C4H6O4_[M]-_-CO2_113,2021-07-30_02h22m33s,Succinic acid,C4H6O4,[M]-,-CO2,113,0.0,0.0,0.0,0.0,5.5623539882078096e-05,9.015506671474937e-05,3.5437744741924624e-05,3.5437744741924624e-05,0.0,3,0.0,-0.0018580688629299402,0.0,0.0,0.004665789660066366,0.0018119110027328134,0.0018580688629299402,0.0,0.0,0.0,-6.998406854030748e-10,0.0,0.0,1.881535816039559e-09,6.82455369993562e-10,6.998406854030748e-10,0.0,0.0
2021-07-30_02h22m33s_C4H6O4_[M]-_+HCl_113,2021-07-30_02h22m33s,Succinic acid,C4H6O4,[M]-,+HCl,113,0.6499347367614319,0.9740444751404149,0.022598870056497175,0.022598870056497175,0.024096117476916232,0.022959490323356174,0.02477098357460531,0.02477098357460531,0.6500268186998311,180,1.5115985870361328,-0.04000234603881836,267.5529479980469,10.005416870117188,1.4390782117843628,1.5508784055709839,1.5516009330749512,0.9735911880732853,1.0496642298081513,6.034074431227054e-07,-1.4242863244362525e-07,0.00010680311970645562,3.970931629737606e-06,6.797153560000879e-07,7.446863037330331e-07,7.458360755663307e-07,0.0006029577354915341,0.0006029975764103885
2021-07-30_02h22m33s_C4H6O4_[M]-_-H2_113,2021-07-30_02h22m33s,Succinic acid,C4H6O4,[M]-,-H2,113,0.0,0.0,0.0,0.0,0.0009233507620424964,0.0013523260007212406,0.0006733171500965679,0.0006733171500965679,0.0,34,0.0,-0.03728900104761124,0.0,0.0,0.08066580444574356,0.038172077387571335,0.03728900104761124,0.0,0.0,0.0,-1.6832194305038684e-08,0.0,0.0,3.513414981171081e-08,1.742388811010187e-08,1.6832194305038684e-08,0.0,0.0
2021-07-30_02h22m33s_C4H6O4_-H_-CH2O3_113,2021-07-30_02h22m33s,Succinic acid,C4H6O4,-H,-CH2O3,113,0.0,0.0,0.0,0.0,5.5623539882078096e-05,3.0051688904916458e-05,7.087548948384925e-05,7.087548948384925e-05,0.0,1,0.0,-0.003981281071901321,0.0,0.0,0.0015366431325674057,0.0038823785725980997,0.003981281071901321,0.0,0.0,0.0,-1.9937484996290777e-09,0.0,0.0,9.980275494925195e-10,1.94422011823292e-09,1.9937484996290777e-09,0.0,0.0
2021-07-30_02h22m33s_C4H6O4_-H_-CH2O2_113,2021-07-30_02h22m33s,Succinic acid,C4H6O4,-H,-CH2O2,113,0.0,0.0,0.0,0.0,5.5623539882078096e-05,3.0051688904916458e-05,7.087548948384925e-05,7.087548948384925e-05,0.0,1,0.0,-0.003967528697103262,0.0,0.0,0.001803101389668882,0.0038689677603542805,0.003967528697103262,0.0,0.0,0.0,-1.4305241435863536e-09,0.0,0.0,9.879969065096361e-10,1.3949872368357319e-09,1.4305241435863536e-09,0.0,0.0
2021-07-30_02h22m33s_C4H6O4_-H_-H2_113,2021-07-30_02h22m33s,Succinic acid,C4H6O4,-H,-H2,113,0.8997388163611028,0.9617082256981697,0.15254237288135594,0.15254237288135594,0.15887195461119147,0.1577713667508114,0.15954072682814466,0.15954072682814466,0.8996736261661413,189,19.58285140991211,-0.8039760589599609,3466.164794921875,50.344947814941406,21.891984939575195,20.361570358276367,20.38682746887207,0.9605168299472324,0.8944806504896855,7.911717148090247e-06,-1.77039055415662e-06,0.0014003738760948181,2.007624789257534e-05,1.0273096449964214e-05,9.664896424510516e-06,9.682107702246867e-06,0.007835849608244613,0.00783126579920966
2021-07-30_02h22m33s_C6H12O4_-H_+C12H14N2_61,2021-07-30_02h22m33s,Mevalonic acid,C6H12O4,-H,+C12H14N2,61,17.607200209697474,82.47924204625414,0.8983050847457628,0.8983050847457628,0.04699076649237958,0.0525904555836038,0.04101918953877775,0.04101918953877775,18.673735116904986,181,250.29493713378906,247.47140502929688,44302.203125,221.033447265625,10.78284740447998,3.0336415767669678,2.8235292434692383,88.61474446140392,23.210170521312083,0.00011009350419044495,0.0001087558557628654,0.019486550241708755,9.475407568970695e-05,5.077321475255303e-06,1.4304210935733863e-06,1.3376458127822843e-06,0.1099464348023013,0.10953734786180369
2021-07-30_02h22m33s_C6H12O4_+Cl_+C12H14N2_61,2021-07-30_02h22m33s,Mevalonic acid,C6H12O4,+Cl,+C12H14N2,61,1.0422627575882373,1.318988770383965,0.4180790960451977,0.4180790960451977,0.3992212704416509,0.41285010217574225,0.3911263887166221,0.3911263887166221,1.0430484820526058,189,44.376739501953125,10.765914916992188,7854.6826171875,58.06376647949219,38.9881591796875,33.643516540527344,33.61082458496094,1.320271661830842,1.1381814954622678,1.950509613379836e-05,3.862760422634892e-06,0.0034524020738899708,2.5966141038225032e-05,1.7875861885841005e-05,1.562420220579952e-05,1.564233571116347e-05,0.019204689926735564,0.019162549053536686
2021-07-30_02h22m33s_C6H12O4_+Cl_-H2_61,2021-07-30_02h22m33s,Mevalonic acid,C6H12O4,+Cl,-H2,61,0.7656014717476548,0.8764850417727924,0.02824858757062147,0.022598870056497175,0.02904661252642118,0.0326962375285491,0.02689724825912079,0.02689724825912079,0.7670773702952668,175,1.978774905204773,-0.2783113718032837,350.2431640625,11.927915573120117,9.114336967468262,2.2566254138946533,2.2570862770080566,0.876306155948404,0.21708192601840454,8.441431873507099e-07,-1.985714561669738e-07,0.00014941334666218609,5.145572686160449e-06,3.7042857456981437e-06,1.042427470565599e-06,1.0427146435176837e-06,0.0008432639037299408,0.000841027780133027
2021-07-30_02h22m33s_C6H12O4_-H_-H2O_61,2021-07-30_02h22m33s,Mevalonic acid,C6H12O4,-H,-H2O,61,5.385471232072662,10.347193298791836,0.3389830508474576,0.3389830508474576,0.1291356101902325,0.2572424570260849,0.05294399064443539,0.05294399064443539,5.421436484717659,189,34.121280670166016,30.85169219970703,6039.466796875,54.533302307128906,23.788564682006836,3.2966363430023193,3.2695891857147217,10.432762640811305,1.434296134723875,1.5207500837277621e-05,1.3621500329463743e-05,0.0026917275972664356,2.426039645797573e-05,1.0966032277792692e-05,1.5968458910720074e-06,1.5860001667533652e-06,0.015183419930735588,0.015042543816248529
2021-07-30_02h22m33s_C6H12O4_[M]-__61,2021-07-30_02h22m33s,Mevalonic acid,C6H12O4,[M]-,,61,0.7695399514764544,1.180985634108882,0.022598870056497175,0.022598870056497175,0.01916787184336411,0.0188123572544777,0.019366727501461806,0.019366727501461806,0.7692037411260163,174,1.365902304649353,0.20894742012023926,241.76470947265625,9.030348777770996,1.2761338949203491,1.1555782556533813,1.1569548845291138,1.179581625241645,1.0695059539818574,6.462548185481864e-07,5.6598651099193376e-08,0.0001143871049862355,4.300493401387939e-06,6.188599286360841e-07,5.879300033484469e-07,5.896561674489931e-07,0.0006458739749754473,0.0006458551246918105
2021-07-30_02h22m33s_C6H12O4_+Cl_+H2_61,2021-07-30_02h22m33s,Mevalonic acid,C6H12O4,+Cl,+H2,61,1.9105214587200896,2.6514138753141285,0.192090395480226,0.13559322033898305,0.10453888085437757,0.1278098329126097,0.09054343781561741,0.09054343781561741,1.923426229017361,189,13.221202850341797,8.266575813293457,2340.15283203125,29.051677703857422,9.45319938659668,4.985472679138184,4.95462703704834,2.6679172487154283,1.3984476431801978,5.977481578156585e-06,3.6213414205121808e-06,0.0010580142261460423,1.3299798411026131e-05,4.313480985729257e-06,2.365885393373901e-06,2.356140157644404e-06,0.005963430899137789,0.00595180856508041
2021-07-30_02h22m33s_C6H12O4_+Cl_-CH2O2_61,2021-07-30_02h22m33s,Mevalonic acid,C6H12O4,+Cl,-CH2O2,61,0.2365054553674998,0.28399433994488377,0.011299435028248588,0.0,0.03391923462009122,0.02749729534799856,0.03777663589489165,0.03777663589489165,0.2352450271065011,7,1.3038662672042847,-3.3216285705566406,230.78433227539062,12.196553230285645,21.829357147216797,4.590169906616211,4.625494956970215,0.28182593503963455,0.05972720732012932,5.537110041586857e-07,-1.7538573047204409e-06,9.800684347283095e-05,5.187007900531171e-06,9.054560905497056e-06,2.290722022735281e-06,2.3075683657225454e-06,0.0005524362198137641,0.0005487423828319065
2021-07-30_02h22m33s_C6H12O4_-H_+HCl_61,2021-07-30_02h22m33s,Mevalonic acid,C6H12O4,-H,+HCl,61,0.8713385754638061,0.940945089091739,0.14124293785310735,0.14124293785310735,0.15335409945488931,0.15554754177184757,0.15209880043234048,0.15209880043234048,0.8722431599869424,189,9.946162223815918,-0.6060504913330078,1760.470703125,25.337902069091797,10.972036361694336,10.569396018981934,10.552212715148926,0.9424771860741896,0.9064184147367704,4.093739335075952e-06,-1.0027229109255131e-06,0.0007245918968692422,1.0577312423265539e-05,5.184476322028786e-06,5.096731001685839e-06,5.096462246001465e-06,0.004072981538436648,0.004072624907673614
2021-07-30_02h22m33s_C6H12O4_+Cl__61,2021-07-30_02h22m33s,Mevalonic acid,C6H12O4,+Cl,,61,0.8713385754638061,0.940945089091739,0.14124293785310735,0.14124293785310735,0.15335409945488931,0.15554754177184757,0.15209880043234048,0.15209880043234048,0.8722431599869424,189,9.946162223815918,-0.6060504913330078,1760.470703125,25.337902069091797,10.972036361694336,10.569396018981934,10.552212715148926,0.9424771860741896,0.9064184147367704,4.093739335075952e-06,-1.0027229109255131e-06,0.0007245918968692422,1.0577312423265539e-05,5.184476322028786e-06,5.096731001685839e-06,5.096462246001465e-06,0.004072981538436648,0.004072624907673614
2021-07-30_02h22m33s_C6H12O4_+Cl_-H2O_61,2021-07-30_02h22m33s,Mevalonic acid,C6H12O4,+Cl,-H2O,61,0.34352322796062507,0.5033327187461061,0.011299435028248588,0.011299435028248588,0.023906997441317166,0.02569419401370357,0.022892783103283305,0.022892783103283305,0.34360497397812345,185,0.8115653395652771,-0.8001883625984192,143.64706420898438,7.623161315917969,1.9555273056030273,1.6113834381103516,1.6117537021636963,0.5032171611055476,0.41479888230598555,4.1719920318428194e-07,-3.7751567560917465e-07,7.38442613510415e-05,3.93561413147836e-06,9.115883585764095e-07,7.933698498163722e-07,7.947148787934566e-07,0.0004168679120520826,0.00041681923562145867
2021-07-30_02h22m33s_C6H12O4_[M]-_-H2_61,2021-07-30_02h22m33s,Mevalonic acid,C6H12O4,[M]-,-H2,61,0.8390360648306147,1.1396746894702874,0.0903954802259887,0.05084745762711865,0.10223606630325954,0.1099290780141844,0.09773729999822811,0.09773729999822811,0.8363881084335453,186,7.274354934692383,0.8644366264343262,1287.560791015625,24.474124908447266,8.51159954071045,6.381834506988525,6.409918308258057,1.1346822069659057,0.8545397795237148,3.1078398023964837e-06,2.2775793695473112e-08,0.0005500876577571034,1.0298577763023786e-05,3.868404292006744e-06,3.0647520361526404e-06,3.0850640087010106e-06,0.003098281405942184,0.003095863749779369
2021-07-30_02h22m33s_C6H12O4_[M]-_-H2O_61,2021-07-30_02h22m33s,Mevalonic acid,C6H12O4,[M]-,-H2O,61,0.639387804615404,1.612788297738347,0.011299435028248588,0.005649717514124294,0.010001112470797642,0.013943983651881237,0.007672271736626681,0.007672271736626681,0.640981983747152,42,0.6338762044906616,0.24302998185157776,112.19608306884766,6.048122882843018,2.466048002243042,0.3920312523841858,0.39084622263908386,1.6176657266759038,0.2569371183350875,3.5289056654619344e-07,1.6313835260461929e-07,6.24616295681335e-05,3.4825650345737813e-06,1.1614655477387714e-06,1.898613390949322e-07,1.8975221394157415e-07,0.00035282361748364505,0.00035248117180891077
2021-07-30_02h22m33s_C6H12O4_-H_-CH2O2_61,2021-07-30_02h22m33s,Mevalonic acid,C6H12O4,-H,-CH2O2,61,0.0,0.0,0.0,0.0,0.00018912003559906553,0.00012020675561966583,0.00023034534082251004,0.00023034534082251004,0.0,4,0.0,-0.012801045551896095,0.0,0.0,0.007100212387740612,0.012488260865211487,0.012801045551896095,0.0,0.0,0.0,-5.5850493119180555e-09,0.0,0.0,2.5427451255666256e-09,5.448582474087971e-09,5.5850493119180555e-09,0.0,0.0
2021-07-30_02h22m33s_C6H12O4_-H_+H2_61,2021-07-30_02h22m33s,Mevalonic acid,C6H12O4,-H,+H2,61,0.2759748888621245,0.5593817523496538,0.005649717514124294,0.005649717514124294,0.010423851373901435,0.010367832672196178,0.010471853571238726,0.010471853571238726,0.2770957498731986,157,0.34549686312675476,-0.26530787348747253,61.1529426574707,4.583533763885498,0.6055783033370972,0.616640567779541,0.6108047366142273,0.5647175355960138,0.5695832858280621,1.8764224307687982e-07,-9.034438619437424e-08,3.3212676498806104e-05,2.489355438228813e-06,2.6428017463331344e-07,2.798309424179024e-07,2.7798662927125406e-07,0.00018759009553853638,0.00018759266605433505
2021-07-30_02h22m33s_C6H12O4_+Cl_-CH2O3_61,2021-07-30_02h22m33s,Mevalonic acid,C6H12O4,+Cl,-CH2O3,61,0.2759748888621245,0.5034189772890025,0.005649717514124294,0.005649717514124294,0.009867615975080655,0.008865248226950355,0.010471853571238726,0.010471853571238726,0.27537858929217535,140,0.3197518587112427,-0.31808221340179443,56.5960807800293,4.241987705230713,0.5496513247489929,0.6341605186462402,0.6378340721130371,0.5005241152113515,0.5806793597690831,1.4600254871766083e-07,-1.629651364964957e-07,2.5842451577773318e-05,1.9369426809134893e-06,2.641499179389939e-07,3.0657977845294226e-07,3.089676852141565e-07,0.000145957452581397,0.00014596399234106187
2021-07-30_02h22m33s_C6H12O4_-H_-CH2O3_61,2021-07-30_02h22m33s,Mevalonic acid,C6H12O4,-H,-CH2O3,61,0.0,0.0,0.0,0.0,4.4498831905662474e-05,3.0051688904916458e-05,5.315661711288694e-05,5.315661711288694e-05,0.0,1,0.0,-0.002032936317846179,0.0,0.0,0.0016232625348493457,0.0032413029111921787,0.002032936317846179,0.0,0.0,0.0,-7.470174478996228e-10,0.0,0.0,5.198184660493155e-10,1.1442743419465273e-09,7.470174478996228e-10,0.0,0.0
2021-07-30_02h22m33s_C6H12O4_[M]-_-CH2O3_61,2021-07-30_02h22m33s,Mevalonic acid,C6H12O4,[M]-,-CH2O3,61,0.0,0.0,0.0,0.0,8.899766381132495e-05,0.00015025844452458227,5.315661711288694e-05,5.315661711288694e-05,0.0,5,0.0,-0.0028174209874123335,0.0,0.0,0.008446527644991875,0.002748579252511263,0.0028174209874123335,0.0,0.0,0.0,-1.4089142075235372e-09,0.0,0.0,3.174384310966616e-09,1.374488300953658e-09,1.4089142075235372e-09,0.0,0.0
2021-07-30_02h22m33s_C6H12O4_-H_-CO2_61,2021-07-30_02h22m33s,Mevalonic acid,C6H12O4,-H,-CO2,61,0.0,0.0,0.0,0.0,0.00013349649571698743,0.00024041351123933166,7.087548948384925e-05,7.087548948384925e-05,0.0,8,0.0,-0.0029474799521267414,0.0,0.0,0.013868323527276516,0.003852291265502572,0.0029474799521267414,0.0,0.0,0.0,-1.082722467238284e-09,0.0,0.0,5.616852316592258e-09,1.3957300870615086e-09,1.082722467238284e-09,0.0,0.0
2021-07-30_02h22m33s_C6H12O4_+Cl_-CO2_61,2021-07-30_02h22m33s,Mevalonic acid,C6H12O4,+Cl,-CO2,61,0.0,0.0,0.0,0.0,0.008321281566358883,0.013613415073927155,0.005227067349433882,0.005227067349433882,0.0,8,0.0,-0.6340032815933228,0.0,0.0,12.087553024291992,0.6234863996505737,0.6340032815933228,0.0,0.0,0.0,-3.156102934553928e-07,0.0,0.0,5.543767656490672e-06,3.10209173903786e-07,3.156102934553928e-07,0.0,0.0
2021-07-30_02h22m33s_C6H12O4_[M]-_-CO2_61,2021-07-30_02h22m33s,Mevalonic acid,C6H12O4,[M]-,-CO2,61,0.0,0.0,0.0,0.0,0.0001223717877405718,0.0002103618223344152,7.087548948384925e-05,7.087548948384925e-05,0.0,7,0.0,-0.004504340700805187,0.0,0.0,0.01175021007657051,0.004394280258566141,0.004504340700805187,0.0,0.0,0.0,-1.7125422191455186e-09,0.0,0.0,4.5661292524812325e-09,1.6706973582358842e-09,1.7125422191455186e-09,0.0,0.0
2021-07-30_02h22m33s_C6H12O4_[M]-_-CH2O2_61,2021-07-30_02h22m33s,Mevalonic acid,C6H12O4,[M]-,-CH2O2,61,0.0,0.0,0.0,0.0,0.0002447435754811436,0.00018031013342949875,0.000283501957935397,0.000283501957935397,0.0,6,0.0,-0.016156865283846855,0.0,0.0,0.011581331491470337,0.0157620832324028,0.016156865283846855,0.0,0.0,0.0,-7.083883701852756e-09,0.0,0.0,4.519017160475869e-09,6.910793715064756e-09,7.083883701852756e-09,0.0,0.0
2021-07-30_02h22m33s_C5H5N5O_-H__178,2021-07-30_02h22m33s,Guanine,C5H5N5O,-H,,178,65.93844976170968,4130.428871614795,0.9152542372881356,0.7909604519774012,0.004928245633552119,0.0018632047121048202,0.0038804330492407464,0.0038804330492407464,78.5390456835621,2,2367.93505859375,2367.713623046875,419124.5,4510.787109375,0.28325486183166504,0.5722903609275818,0.22150318324565887,10642.252501976056,8330.32386266109,0.0010396442376077175,0.0010395366698503494,0.18401703238487244,0.0019195901695638895,1.3305034940458427e-07,2.739369335813535e-07,1.0752000179081733e-07,1.039532467074996,1.0395059309803925
2021-07-30_02h22m33s_C5H5N5O_+Cl_-NH3_178,2021-07-30_02h22m33s,Guanine,C5H5N5O,+Cl,-NH3,178,0.5859277770328708,0.9343409429782327,0.011299435028248588,0.0,0.020324841472911335,0.03909724726529631,0.00928468912238425,0.00928468912238425,0.6861194977433231,16,1.227074384689331,0.3549116849899292,217.19216918945312,11.478230476379395,51.23361587524414,1.3123047351837158,0.8721626996994019,1.405321579943541,0.023950104118614784,6.352967147904565e-07,2.1118879089954135e-07,0.00011244751658523455,5.974652140139369e-06,2.169016261177603e-05,6.215029202394362e-07,4.241079238909151e-07,0.0006350273946405016,0.0006218095642287767
2021-07-30_02h22m33s_C5H5N5O_+Cl_+H2_178,2021-07-30_02h22m33s,Guanine,C5H5N5O,+Cl,+H2,178,1.368226858447339,0.3449083349397161,0.05084745762711865,0.0,0.026576927355656914,0.02545378050246424,0.027163031344685225,0.027163031344685225,1.401753114688544,44,108.3476333618164,-184.77108764648438,19177.53125,495.82684326171875,401.16912841796875,314.1335754394531,293.11871337890625,0.369636119361781,0.27007901557648334,4.870286647928879e-05,-8.658972365083173e-05,0.008620407432317734,0.0002191735547967255,0.00016476497694384307,0.0001432386925444007,0.00013529259013012052,0.04289895565486493,0.04181347090902176
2021-07-30_02h22m33s_C5H5N5O_-H_-NH3_178,2021-07-30_02h22m33s,Guanine,C5H5N5O,-H,-NH3,178,1.4752973743223328,7.290706418104969,0.4576271186440678,0.4576271186440678,0.2642785626877294,0.2023380213968025,0.3001931357088435,0.3001931357088435,1.4963451223209232,189,1000.2371215820312,865.4528198242188,177041.96875,2459.504150390625,92.8641128540039,137.19244384765625,134.78428649902344,7.420966691266248,10.770859915440308,0.0004601063847076148,0.0003922400064766407,0.0814388319849968,0.001065123826265335,4.7198085667332634e-05,6.89098087605089e-05,6.786637823097408e-05,0.43086512890294976,0.4393690086001346
2021-07-30_02h22m33s_C5H5N5O_[M]-_+HCl_178,2021-07-30_02h22m33s,Guanine,C5H5N5O,[M]-,+HCl,178,5.162348867317945,9.90377133296867,0.23163841807909605,0.23163841807909605,0.10004449883190566,0.20988099531193652,0.03487074082605383,0.03487074082605383,5.1730559129113365,189,20.90488624572754,18.796146392822266,3700.164794921875,41.663673400878906,18.886472702026367,2.1098005771636963,2.1087400913238525,9.90874958090682,1.106812254637156,8.793806046014652e-06,7.785952220729087e-06,0.0015565037028864026,1.7664737242739648e-05,8.246586730820127e-06,1.0057769941340666e-06,1.0078538252855651e-06,0.008784952098437292,0.008721880303634895
2021-07-30_02h22m33s_C5H5N5O_[M]-_+H2_178,2021-07-30_02h22m33s,Guanine,C5H5N5O,[M]-,+H2,178,0.9712524716534399,1.0522975454260162,0.2598870056497175,0.2598870056497175,0.25768161085771496,0.2578434908041832,0.2575792476566791,0.2575792476566791,0.9727634420681139,189,18.851978302001953,0.9578514099121094,3336.800048828125,33.398292541503906,19.429859161376953,17.914064407348633,17.894126892089844,1.0534699427213932,0.9702081696662362,8.465653991152067e-06,-7.981270755408332e-08,0.0014984207227826118,1.5142220036068466e-05,8.911930308386218e-06,8.536674613424111e-06,8.54546669870615e-06,0.008393923993196733,0.008390875097060688
2021-07-30_02h22m33s_C5H5N5O_+Cl_+C12H14N2_178,2021-07-30_02h22m33s,Guanine,C5H5N5O,+Cl,+C12H14N2,178,1.0156654274795944,1.0759042860745949,0.3163841807909605,0.3163841807909605,0.30467237735009456,0.30998317105421325,0.3015043322642947,0.3015043322642947,1.0193692764231463,189,23.902162551879883,1.800729751586914,4230.6826171875,37.396087646484375,23.62347412109375,22.214881896972656,22.10143280029297,1.0814267717879027,1.011754269295594,1.1203306712559424e-05,6.147647582110949e-07,0.001982985297217965,1.8114224076271057e-05,1.108299329644069e-05,1.0620158718666062e-05,1.058854195434833e-05,0.01108592295227657,0.011080501587741287
2021-07-30_02h22m33s_C5H5N5O_-H_+HCl_178,2021-07-30_02h22m33s,Guanine,C5H5N5O,-H,+HCl,178,2.54238819776161,3.712152551483935,0.14124293785310735,0.14124293785310735,0.048281232617643784,0.0524101454501743,0.0455552208657441,0.0455552208657441,2.5483321863870585,189,11.032502174377441,8.131277084350586,1952.7529296875,30.5142822265625,3.157928466796875,2.9709959030151367,2.9012255668640137,3.801393764957615,3.492482432045794,4.879288553638617e-06,3.445078164077131e-06,0.0008636341081000865,1.3238257452030666e-05,1.558274789204006e-06,1.4548522813129239e-06,1.4342103895614855e-06,0.004872300649426143,0.004871697110850141
2021-07-30_02h22m33s_C5H5N5O_+Cl__178,2021-07-30_02h22m33s,Guanine,C5H5N5O,+Cl,,178,2.54238819776161,3.712152551483935,0.14124293785310735,0.14124293785310735,0.048281232617643784,0.0524101454501743,0.0455552208657441,0.0455552208657441,2.5483321863870585,189,11.032502174377441,8.131277084350586,1952.7529296875,30.5142822265625,3.157928466796875,2.9709959030151367,2.9012255668640137,3.801393764957615,3.492482432045794,4.879288553638617e-06,3.445078164077131e-06,0.0008636341081000865,1.3238257452030666e-05,1.558274789204006e-06,1.4548522813129239e-06,1.4342103895614855e-06,0.004872300649426143,0.004871697110850141
2021-07-30_02h22m33s_C5H5N5O_+Cl_-H2_178,2021-07-30_02h22m33s,Guanine,C5H5N5O,+Cl,-H2,178,0.7540706228551595,1.0633146168450889,0.022598870056497175,0.022598870056497175,0.021648681722104796,0.02449212645750691,0.019969169162074526,0.019969169162074526,0.7463791001646245,183,1.2541487216949463,0.056521058082580566,221.98431396484375,8.26103687286377,2.180234432220459,1.1784709692001343,1.1976276636123657,1.0463205211827449,0.5749719989603523,5.3804780009159e-07,-4.432945388543885e-08,9.523445623926818e-05,3.653009343906888e-06,9.129186082645901e-07,5.727845859837544e-07,5.823772539770289e-07,0.0005377346356710995,0.0005375570542537579
2021-07-30_02h22m33s_C5H5N5O_-H_+C12H14N2_178,2021-07-30_02h22m33s,Guanine,C5H5N5O,-H,+C12H14N2,178,0.9023959260867713,1.0603094030337787,0.288135593220339,0.288135593220339,0.2971520747580376,0.2765957446808511,0.3093006361075181,0.3093006361075181,0.9055062497541082,189,50.095008850097656,3.04644775390625,8866.81640625,83.56835174560547,45.44648361206055,47.244651794433594,47.048561096191406,1.0647285050689406,1.1022614426292192,2.2846037609269843e-05,1.4717443264089525e-07,0.00404374860227108,3.911388193955645e-05,2.1595897123916075e-05,2.2734395315637812e-05,2.2698863176628947e-05,0.022338968421561776,0.022363086689744894
2021-07-30_02h22m33s_C5H5N5O_-H_-H2_178,2021-07-30_02h22m33s,Guanine,C5H5N5O,-H,-H2,178,0.8309728388277827,0.9032615752032261,0.0903954802259887,0.0903954802259887,0.08829680720881077,0.07050126217093401,0.09878271346811489,0.09878271346811489,0.845736016088347,188,6.061814308166504,-0.5125823020935059,1072.941162109375,19.935659408569336,4.707431316375732,6.710028648376465,6.57439661026001,0.9218933347241547,1.2874381934984929,2.8196475341246696e-06,-3.708039457706036e-07,0.0004990776069462299,9.345860235043801e-06,2.3091961338650435e-06,3.2500472570973216e-06,3.1904514798952732e-06,0.002810680195335948,0.002813151415751439
2021-07-30_02h22m33s_C5H5N5O_+Cl_-H2O_178,2021-07-30_02h22m33s,Guanine,C5H5N5O,+Cl,-H2O,178,1.0642703201731987,1.0264928973568166,0.07909604519774012,0.07909604519774012,0.0670263655579041,0.07155307128260609,0.0643195067065932,0.0643195067065932,1.0660489175450616,189,7.908719062805176,0.2484879493713379,1399.84326171875,28.334918975830078,8.352640151977539,7.703601837158203,7.660231113433838,1.0323039398899443,0.9467392560515026,3.3303979307675036e-06,-3.1713852877146564e-07,0.0005894804489798844,1.2242368939041626e-05,3.912585725629469e-06,3.664907808342832e-06,3.647536459538969e-06,0.00331829433121093,0.0033174182474864453
2021-07-30_02h22m33s_C5H5N5O_[M]-_-H2O_178,2021-07-30_02h22m33s,Guanine,C5H5N5O,[M]-,-H2O,178,0.9277917736909433,1.2786074951161785,0.096045197740113,0.096045197740113,0.09241294916008455,0.09051568698160836,0.09352020837393908,0.09352020837393908,0.933342890272916,189,7.789697647094727,1.7578020095825195,1378.7764892578125,24.833953857421875,6.878886699676514,6.091329097747803,6.031895637512207,1.2912037792695803,1.132242141060403,3.6410851862456184e-06,6.530494829348754e-07,0.0006444720784202218,1.1719995200110134e-05,3.245103698645835e-06,3.0119845177978277e-06,2.988035703310743e-06,0.0036302379057716605,0.0036293077063841075
2021-07-30_02h22m33s_C5H5N5O_-H_-H2O_178,2021-07-30_02h22m33s,Guanine,C5H5N5O,-H,-H2O,178,0.09505603357549489,0.5733165228905669,0.005649717514124294,0.005649717514124294,0.05329847591500723,0.060103377809832916,0.04943565391498485,0.04943565391498485,0.09569058531393372,184,1.9671653509140015,-1.369503378868103,348.1882629394531,26.097394943237305,4.2715229988098145,3.4302029609680176,3.3366687297821045,0.5893830425293362,0.4604224135158522,1.0289015790476697e-06,-6.177489240144496e-07,0.00018211558926850557,1.3649922948388848e-05,2.0781803868885618e-06,1.6862298934938735e-06,1.6466505030621192e-06,0.0010272101229819109,0.001026767770405324
2021-07-30_02h22m33s_C5H5N5O_[M]-_-H2_178,2021-07-30_02h22m33s,Guanine,C5H5N5O,[M]-,-H2,178,2.792867239070619,8.780617666016616,0.7570621468926554,0.7570621468926554,0.23635554566692624,0.19166967183555716,0.2610698655137587,0.2610698655137587,2.8157011393416584,189,188.3294219970703,167.15377807617188,33334.30859375,303.68157958984375,14.989737510681152,21.447311401367188,21.175640106201172,8.89326262582711,12.563052475762612,8.343785157194361e-05,7.321803423110396e-05,0.014768499881029129,0.00013151776511222124,7.171833658503601e-06,1.0329002179787494e-05,1.0219813702860847e-05,0.08259375874455523,0.0828437102622892
2021-07-30_02h22m33s_C5H5N5O_[M]-_+C12H14N2_178,2021-07-30_02h22m33s,Guanine,C5H5N5O,[M]-,+C12H14N2,178,0.7636630650389079,0.7987670116794859,0.24858757062146894,0.24858757062146894,0.30901101346089666,0.29829306407020073,0.3155199603097259,0.3155199603097259,0.7642022946234736,189,24.975740432739258,-6.28912353515625,4420.7060546875,46.49967575073242,29.610742568969727,31.26686668395996,31.264863967895508,0.7988181762187959,0.843440414712758,1.1477511179691646e-05,-3.762295818887651e-06,0.002031519543379545,2.2314601665129885e-05,1.4137359357846435e-05,1.5205640920612495e-05,1.5239806998579297e-05,0.011305221781662968,0.01131751145324064
2021-07-30_02h22m33s_C5H5N5O_[M]-_-NH3_178,2021-07-30_02h22m33s,Guanine,C5H5N5O,[M]-,-NH3,178,0.9560661657225973,0.8159757169859623,0.9322033898305084,0.9322033898305084,0.9604294137278896,0.9527587450414713,0.9650406648120914,0.9650406648120914,0.9567617525028655,189,660.52294921875,-147.0186767578125,116912.5625,362.159423828125,647.6949462890625,809.4874877929688,807.5416259765625,0.81794189925266,1.0198040500379524,0.00031633576145395637,-9.362702257931232e-05,0.05599142983555794,0.00020076276268810034,0.0003279823577031493,0.0004099748039152473,0.0004099627840332687,0.22435752562848657,0.2382078042068903
2021-07-30_02h22m33s_C42H81NO8_[M]-_+HCl_37,2021-07-30_02h22m33s,GlcCer d18:1/18:0,C42H81NO8,[M]-,+HCl,37,64.29285996301206,1891912.6225052427,0.6440677966101694,0.5084745762711864,0.0012904661252642119,3.0051688904916458e-05,1.7718872370962312e-05,1.7718872370962312e-05,64.40677966101694,1,11856.9208984375,11856.9208984375,2098675.0,15702.2158203125,0.00893324799835682,0.0052671609446406364,0.0,11856920.8984375,1193660.0093341975,0.005031013395637274,0.005031013395637274,0.8904893398284912,0.006257452070713043,4.723250235372234e-09,2.4689925659515666e-09,0.0,5.031013395637274,5.030989633014306
2021-07-30_02h22m33s_C42H81NO8_+Cl_-H2_37,2021-07-30_02h22m33s,GlcCer d18:1/18:0,C42H81NO8,+Cl,-H2,37,38.24522047944394,2534.260784050076,0.559322033898305,0.559322033898305,0.012737790632995884,0.02359057579035942,0.0046246256888211636,0.0046246256888211636,38.30209975467104,148,697.8197021484375,697.5467529296875,123514.0859375,955.8025512695312,2.9240260124206543,0.27435433864593506,0.272940456867218,2547.3407985395834,238.56871671747805,0.0002953526854980737,0.000295238132821396,0.052277423441410065,0.0003822342841885984,1.1316458312649047e-06,1.15765665498202e-07,1.1454923054543542e-07,0.29531885695024446,0.2950188286704641
2021-07-30_02h22m33s_C42H81NO8_-H_+H2_37,2021-07-30_02h22m33s,GlcCer d18:1/18:0,C42H81NO8,-H,+H2,37,36.35294618584882,551.5576908619053,0.4350282485875706,0.4350282485875706,0.009544999443764602,0.020134631566294026,0.0019667948331768166,0.0019667948331768166,36.279744323775766,131,67.11038208007812,66.98798370361328,11878.5380859375,92.2027359008789,2.7073473930358887,0.12067427486181259,0.12239660322666168,543.8592337651797,24.779089363736155,2.8909438697155565e-05,2.8856928111054003e-05,0.005116970743983984,3.896269845427014e-05,1.1918839391000802e-06,5.189266616412169e-08,5.251044754572831e-08,0.028907920729300454,0.028875023020975717
2021-07-30_02h22m33s_C42H81NO8_-H_-CH2O3_37,2021-07-30_02h22m33s,GlcCer d18:1/18:0,C42H81NO8,-H,-CH2O3,37,1.8660130116028932,5.188698187672414,0.02824858757062147,0.02824858757062147,0.014161753253977083,0.029390551749008294,0.0051384729875790704,0.0051384729875790704,1.8622407190015224,157,1.7157416343688965,1.3837026357650757,303.686279296875,10.105974197387695,4.238161563873291,0.3296689987182617,0.3320390284061432,5.15177348006354,0.40473608012270135,7.336745966313174e-07,5.9378737660154e-07,0.00012986040383111686,4.354734755906975e-06,1.7197298802784644e-06,1.3940200460638152e-07,1.3988722002977738e-07,0.0007335719792864433,0.0007324150406012301
2021-07-30_02h22m33s_C42H81NO8_+Cl_+C12H14N2_37,2021-07-30_02h22m33s,GlcCer d18:1/18:0,C42H81NO8,+Cl,+C12H14N2,37,17.85687911627116,172.6433780401067,0.2994350282485876,0.2994350282485876,0.011591945711425074,0.01824137516528429,0.006768609245707603,0.006768609245707603,17.887426814064327,164,71.84828186035156,71.43441009521484,12717.1455078125,138.04769897460938,1.357043981552124,0.41516587138175964,0.41386908292770386,173.18302283053478,52.90571059284497,2.9355387596297078e-05,2.9174761948524974e-05,0.005195903591811657,5.269625034998171e-05,5.670830205417587e-07,1.8218639752376475e-07,1.806254061875734e-07,0.029350086225051038,0.02933875008927753
2021-07-30_02h22m33s_C42H81NO8_-H_-NH3_37,2021-07-30_02h22m33s,GlcCer d18:1/18:0,C42H81NO8,-H,-NH3,37,0.0,0.0,0.0,0.0,0.003181666481254867,0.007603077292943863,0.0005847227882417563,0.0005847227882417563,0.0,58,0.0,-0.05858929827809334,0.0,0.0,1.150958776473999,0.05779312178492546,0.05858929827809334,0.0,0.0,0.0,-2.632508255828725e-08,0.0,0.0,5.863334422429034e-07,2.6094722826996986e-08,2.632508255828725e-08,0.0,0.0
2021-07-30_02h22m33s_C42H81NO8_[M]-__37,2021-07-30_02h22m33s,GlcCer d18:1/18:0,C42H81NO8,[M]-,,37,46.860165852817026,15418.644119892184,0.480225988700565,0.480225988700565,0.0038046501279341417,0.0073025604038946985,0.00024806421319347236,0.00024806421319347236,46.99258674014895,67,241.29051208496094,241.27767944335938,42708.421875,316.6157531738281,0.5646408200263977,0.014649269171059132,0.012825681827962399,17452.340874570946,426.5790295574853,0.00010461572674103081,0.00010461029887665063,0.018516983836889267,0.00013299450802151114,2.435030523884052e-07,6.742024716288597e-09,5.424529270214862e-09,0.10461515925303734,0.10459025869378878
2021-07-30_02h22m33s_C42H81NO8_+Cl_-NH3_37,2021-07-30_02h22m33s,GlcCer d18:1/18:0,C42H81NO8,+Cl,-NH3,37,0.534656517505295,5.784888845498801,0.005649717514124294,0.005649717514124294,0.003270664145066192,0.007843490804183196,0.000567003915870794,0.000567003915870794,0.5337729248002983,63,0.3230087459087372,0.26648035645484924,57.172550201416016,4.285195350646973,0.7296144962310791,0.054836638271808624,0.056528378278017044,5.614772318936835,0.44210558040525905,2.5305479312009993e-07,2.2793668108533893e-07,4.4790700485464185e-05,3.357151172167505e-06,3.4736524412437575e-07,2.43663933474636e-08,2.511810670569048e-08,0.0002530484370224571,0.0002529669212037606
2021-07-30_02h22m33s_C42H81NO8_[M]-_-H2_37,2021-07-30_02h22m33s,GlcCer d18:1/18:0,C42H81NO8,[M]-,-H2,37,9.85517099473426,334.1463999289217,0.1016949152542373,0.1016949152542373,0.0025586828345755923,0.0058300276475537925,0.0003189397026773216,0.0003189397026773216,9.845782733852626,66,6.752276420593262,6.732476234436035,1195.1529541015625,20.596603393554688,0.5220462083816528,0.019207539036870003,0.019800100475549698,324.6271059378051,12.909521782951739,2.789019163174089e-06,2.7809196581074502e-06,0.0004936563782393932,8.647607501188759e-06,2.200607696067891e-07,7.857050121629072e-09,8.099444670506273e-09,0.002788996573850653,0.0027884055445039895
2021-07-30_02h22m33s_C42H81NO8_[M]-_-H2O_37,2021-07-30_02h22m33s,GlcCer d18:1/18:0,C42H81NO8,[M]-,-H2O,37,0.0,0.0,0.0,0.0,0.0025586828345755923,0.005349200625075129,0.0009213813632900402,0.0009213813632900402,0.0,54,0.0,-0.06889664381742477,0.0,0.0,0.45565715432167053,0.06996286660432816,0.06889664381742477,0.0,0.0,0.0,-2.8392745932137586e-08,0.0,0.0,1.9606339662914252e-07,2.8888402781035438e-08,2.8392745932137586e-08,0.0,0.0
2021-07-30_02h22m33s_C42H81NO8_-H_-CO2_37,2021-07-30_02h22m33s,GlcCer d18:1/18:0,C42H81NO8,-H,-CO2,37,0.0,0.0,0.0,0.0,0.008054288574924908,0.01857194374323837,0.001878200471322005,0.001878200471322005,0.0,129,0.0,-0.12357855588197708,0.0,0.0,1.7556484937667847,0.12084522098302841,0.12357855588197708,0.0,0.0,0.0,-5.392314861296654e-08,0.0,0.0,7.388039762190601e-07,5.269431824217463e-08,5.392314861296654e-08,0.0,0.0
2021-07-30_02h22m33s_C42H81NO8_-H_-CH2O2_37,2021-07-30_02h22m33s,GlcCer d18:1/18:0,C42H81NO8,-H,-CH2O2,37,1.0840796060993667,2.8501175388256192,0.01694915254237288,0.01694915254237288,0.013360774279675159,0.02644548623632648,0.0056346014139660155,0.0056346014139660155,1.0821619202661643,163,1.0818655490875244,0.7009881734848022,191.49020385742188,8.24574089050293,2.562797784805298,0.3785862922668457,0.38087740540504456,2.8330179627674643,0.42197772207283674,4.766992560689687e-07,3.1362256436295866e-07,8.437576616415754e-05,3.8021496493456652e-06,1.0888924180108006e-06,1.625920731385122e-07,1.6307669170601002e-07,0.0004766215302066267,0.0004761807464645407
2021-07-30_02h22m33s_C42H81NO8_+Cl_-CO2_37,2021-07-30_02h22m33s,GlcCer d18:1/18:0,C42H81NO8,+Cl,-CO2,37,0.0,0.0,0.0,0.0,0.007931916787184336,0.017009255920182716,0.0026046742385314597,0.0026046742385314597,0.0,126,0.0,-0.18370002508163452,0.0,0.0,1.6683038473129272,0.18023163080215454,0.18370002508163452,0.0,0.0,0.0,-7.498925924664945e-08,0.0,0.0,7.15168539500155e-07,7.379677668950535e-08,7.498925924664945e-08,0.0,0.0
2021-07-30_02h22m33s_C42H81NO8_[M]-_-NH3_37,2021-07-30_02h22m33s,GlcCer d18:1/18:0,C42H81NO8,[M]-,-NH3,37,0.6745572788318496,1.5331977850324525,0.011299435028248588,0.011299435028248588,0.01500723106018467,0.029029931482149298,0.006750890373336641,0.006750890373336641,0.6772140264992706,163,0.6637864708900452,0.23577848076820374,117.49020385742188,6.232181072235107,2.8304738998413086,0.43194249272346497,0.42800799012184143,1.5472589932451488,0.23443142842575643,2.6179895940003917e-07,7.969005366703641e-08,4.6338416723301634e-05,2.4843504888849566e-06,1.2148327641625656e-06,1.851154536325339e-07,1.8210890573300276e-07,0.00026175129215864993,0.0002614813033455191
2021-07-30_02h22m33s_C42H81NO8_[M]-_-CH2O2_37,2021-07-30_02h22m33s,GlcCer d18:1/18:0,C42H81NO8,[M]-,-CH2O2,37,0.0,0.0,0.0,0.0,0.0019356991878963178,0.004627960091357134,0.00035437744741924625,0.00035437744741924625,0.0,52,0.0,-0.022951791062951088,0.0,0.0,0.3498002588748932,0.02331886813044548,0.022951791062951088,0.0,0.0,0.0,-9.84370629453224e-09,0.0,0.0,1.501557420624522e-07,1.0175687847890913e-08,9.84370629453224e-09,0.0,0.0
2021-07-30_02h22m33s_C42H81NO8_-H_-H2O_37,2021-07-30_02h22m33s,GlcCer d18:1/18:0,C42H81NO8,-H,-H2O,37,3.2656995539051055,8.032284594159965,0.05649717514124294,0.05649717514124294,0.01633107130937813,0.03143406659454261,0.007300175416836472,0.007300175416836472,3.2611202604512153,165,3.6338322162628174,3.180591583251953,643.1882934570312,15.126648902893066,3.6237473487854004,0.45140331983566284,0.4532405734062195,7.999796647432338,1.0025063450230431,1.4669465144834248e-06,1.2772607078659348e-06,0.00025964953238144517,6.311537617875729e-06,1.523097239441995e-06,1.893471051062079e-07,1.8968576398492587e-07,0.0014666683083848363,0.0014647156101809905
2021-07-30_02h22m33s_C42H81NO8_[M]-_-CO2_37,2021-07-30_02h22m33s,GlcCer d18:1/18:0,C42H81NO8,[M]-,-CO2,37,0.5532090624852659,20.93286757481586,0.005649717514124294,0.005649717514124294,0.002013572143731227,0.005048683736025965,0.00021262646845154776,0.00021262646845154776,0.5528539616488112,56,0.3052176833152771,0.2912179231643677,54.023529052734375,4.049170970916748,0.3873058259487152,0.013580786995589733,0.0139997573569417,20.348174710574646,0.7860239608034832,1.4141015469704143e-07,1.354157177502202e-07,2.5029596145031974e-05,1.8760174498311244e-06,1.640296005689379e-07,5.815036896450465e-09,5.994433394107546e-09,0.00014140930702836915,0.0001413869630499667
2021-07-30_02h22m33s_C42H81NO8_[M]-_+C12H14N2_37,2021-07-30_02h22m33s,GlcCer d18:1/18:0,C42H81NO8,[M]-,+C12H14N2,37,0.0,0.0,0.0,0.0,0.0030481699855378795,0.00661137155908162,0.0009568191080319648,0.0009568191080319648,0.0,79,0.0,-0.06121136620640755,0.0,0.0,0.49243900179862976,0.06151992455124855,0.06121136620640755,0.0,0.0,0.0,-2.627520423459373e-08,0.0,0.0,2.0223268393237959e-07,2.6390289065147954e-08,2.627520423459373e-08,0.0,0.0
2021-07-30_02h22m33s_C42H81NO8_-H__37,2021-07-30_02h22m33s,GlcCer d18:1/18:0,C42H81NO8,-H,,37,31.158161825358235,1598.623131067309,0.4689265536723164,0.4689265536723164,0.015585715874958283,0.0310433946387787,0.005049878625724259,0.005049878625724259,31.21387870884639,157,485.7257385253906,485.4244689941406,85973.453125,709.6339721679688,6.0438032150268555,0.30284005403518677,0.30128052830696106,1606.8707476657044,80.35426816176887,0.00020495604258030653,0.00020482420222833753,0.03627721965312958,0.00028772413497790694,2.489233793312451e-06,1.324537066693665e-07,1.3183628766455513e-07,0.2049290254983501,0.20444712588560646
2021-07-30_02h22m33s_C42H81NO8_[M]-_-CH2O3_37,2021-07-30_02h22m33s,GlcCer d18:1/18:0,C42H81NO8,[M]-,-CH2O3,37,0.0,0.0,0.0,0.0,0.0024140616308821893,0.00567976920302921,0.0004961284263869447,0.0004961284263869447,0.0,45,0.0,-0.03289281204342842,0.0,0.0,0.47017860412597656,0.03190842270851135,0.03289281204342842,0.0,0.0,0.0,-1.3584907421204662e-08,0.0,0.0,2.0277185797112907e-07,1.3178349966835867e-08,1.3584907421204662e-08,0.0,0.0
2021-07-30_02h22m33s_C42H81NO8_-H_-H2_37,2021-07-30_02h22m33s,GlcCer d18:1/18:0,C42H81NO8,-H,-H2,37,3.4669251641256147,5.846109920943465,0.11864406779661017,0.11864406779661017,0.02945822672154856,0.03786512802019473,0.02422169853110548,0.02422169853110548,3.456022635903981,185,9.341575622558594,7.734485626220703,1653.4588623046875,26.75163459777832,2.9867026805877686,1.5969130992889404,1.6070899963378906,5.809112452556884,3.1266751150488754,3.801952061621705e-06,3.1134375149122206e-06,0.0006729455199092627,1.1032523616449907e-05,1.2735563359456137e-06,6.87100907725835e-07,6.885145467094844e-07,0.003799336163405361,0.003797116220201146
2021-07-30_02h22m33s_C42H81NO8_+Cl_+H2_37,2021-07-30_02h22m33s,GlcCer d18:1/18:0,C42H81NO8,+Cl,+H2,37,1.2799006141989888,11.659703786072194,0.01694915254237288,0.01694915254237288,0.009300255868283458,0.019533597788195696,0.0032425536438861033,0.0032425536438861033,1.3304068982477355,125,2.4248368740081787,2.2555336952209473,429.19610595703125,20.989782333374023,1.8773258924484253,0.2069672793149948,0.169303297996521,14.238343605405188,1.2909564222890888,1.2406218274918501e-06,1.1688983931890107e-06,0.00021959005971439183,1.0352866411267314e-05,8.105157576210331e-07,9.145875878857623e-08,7.172339877570266e-08,0.0012405328522593932,0.0012396170983002613
2021-07-30_02h22m33s_C40H79NO3_-H_+HCl_34,2021-07-30_02h22m33s,Cer d8:1/22:0 Cer,C40H79NO3,-H,+HCl,34,14.957905463874765,909.6802777144514,0.6666666666666666,0.4858757062146893,0.039581710980086775,0.044746964779420605,0.03456951999574747,0.03456951999574747,15.16693325838455,27,2058.819091796875,2056.599609375,364411.0,3203.078857421875,4.095074653625488,2.2622337341308594,2.2195565700531006,927.1635406918015,502.63221886705304,0.0009455173858441412,0.0009445769246667624,0.16735658049583435,0.0015517502324655652,1.7179949054479948e-06,9.548076604914968e-07,9.40445602282125e-07,0.9446290136424731,0.9438957777067671
2021-07-30_02h22m33s_C40H79NO3_+Cl__34,2021-07-30_02h22m33s,Cer d8:1/22:0 Cer,C40H79NO3,+Cl,,34,14.957905463874765,909.6802777144514,0.6666666666666666,0.4858757062146893,0.039581710980086775,0.044746964779420605,0.03456951999574747,0.03456951999574747,15.16693325838455,27,2058.819091796875,2056.599609375,364411.0,3203.078857421875,4.095074653625488,2.2622337341308594,2.2195565700531006,927.1635406918015,502.63221886705304,0.0009455173858441412,0.0009445769246667624,0.16735658049583435,0.0015517502324655652,1.7179949054479948e-06,9.548076604914968e-07,9.40445602282125e-07,0.9446290136424731,0.9438957777067671
2021-07-30_02h22m33s_C40H79NO3_-H__34,2021-07-30_02h22m33s,Cer d8:1/22:0 Cer,C40H79NO3,-H,,34,2.7501371175868594,14.965148833446865,0.632768361581921,0.632768361581921,0.21989097786183112,0.21736386584926073,0.22008611371972286,0.22008611371972286,2.7696443721251423,189,272.4443664550781,254.3877716064453,48222.65234375,434.4112854003906,19.153732299804688,18.204256057739258,18.056594848632812,15.0875223826226,14.223345029878391,0.00012790047912858427,0.00012003489973722026,0.022638384252786636,0.00021703795937355608,8.293001883430406e-06,7.913004992587958e-06,7.86558030085871e-06,0.12690231875009025,0.12684852407948274
2021-07-30_02h22m33s_C40H79NO3_[M]-_+HCl_34,2021-07-30_02h22m33s,Cer d8:1/22:0 Cer,C40H79NO3,[M]-,+HCl,34,37.707697955375735,19310.51828224033,0.4011299435028249,0.3672316384180791,0.0035154077205473357,0.00628080298112754,0.0006378794053546432,0.0006378794053546432,37.77936704177744,28,697.9478149414062,697.9135131835938,123536.765625,1278.0772705078125,0.5619821548461914,0.035143401473760605,0.034317560493946075,19762.061851951647,1239.7334603475804,0.0003206290421076119,0.0003206141700502485,0.05675134062767029,0.0006140743498690426,2.4257130348814826e-07,1.5179612233851003e-08,1.4870827236279638e-08,0.32062427415942313,0.32055128556443774
2021-07-30_02h22m33s_C40H79NO3_+Cl_+H2_34,2021-07-30_02h22m33s,Cer d8:1/22:0 Cer,C40H79NO3,+Cl,+H2,34,0.38546770957480225,0.614214115751012,0.011299435028248588,0.011299435028248588,0.028045388808543775,0.042943863445125616,0.01931357088434892,0.01931357088434892,0.3866844079381055,185,0.7916916012763977,-0.49080830812454224,140.12940979003906,7.646752834320068,4.047871112823486,1.2879505157470703,1.28249990940094,0.6168224831787573,0.19553391037046627,3.746590664377436e-07,-1.755988137119857e-07,6.631465657847002e-05,3.550144583641668e-06,1.7217439562955406e-06,5.519186743185855e-07,5.502578801497293e-07,0.00037445302071235074,0.0003740151081856617
2021-07-30_02h22m33s_C40H79NO3_[M]-_+H2_34,2021-07-30_02h22m33s,Cer d8:1/22:0 Cer,C40H79NO3,[M]-,+H2,34,0.0,0.0,0.0,0.0,0.001991322727778396,0.004808270224786633,0.00033665857504828393,0.00033665857504828393,0.0,52,0.0,-0.01861817203462124,0.0,0.0,0.38934260606765747,0.02022453024983406,0.01861817203462124,0.0,0.0,0.0,-6.983484457379063e-09,0.0,0.0,1.647287319883617e-07,7.582814376405622e-09,6.983484457379063e-09,0.0,0.0
2021-07-30_02h22m33s_C40H79NO3_+Cl_-CH2O3_34,2021-07-30_02h22m33s,Cer d8:1/22:0 Cer,C40H79NO3,+Cl,-CH2O3,34,0.7612720947483428,1.1608050992632786,0.022598870056497175,0.022598870056497175,0.028779619534987207,0.04423608606803702,0.01968566720413913,0.01968566720413913,0.759671927666999,189,1.5403789281845093,0.21951842308044434,272.6470642089844,10.31373119354248,3.7544548511505127,1.3259918689727783,1.320860505104065,1.1653112580614104,0.41017106828287453,6.540222443618404e-07,7.663220458198339e-08,0.00011576193355722353,4.456469469005242e-06,1.6601698007434607e-06,5.779983780485054e-07,5.77390039779857e-07,0.000653644836343782,0.0006529382559874999
2021-07-30_02h22m33s_C40H79NO3_-H_+H2_34,2021-07-30_02h22m33s,Cer d8:1/22:0 Cer,C40H79NO3,-H,+H2,34,4.005424981462546,7.913395419453118,0.1807909604519774,0.1807909604519774,0.0472911336077428,0.0671955763913932,0.03513652391161826,0.03513652391161826,4.031419499908116,188,19.21200942993164,16.804847717285156,3400.525634765625,44.947723388671875,7.094113826751709,2.426783323287964,2.4071624279022217,7.977871096787871,2.707780297687951,8.687411536811851e-06,7.634159373992588e-06,0.0015376717783510685,2.1717849449487403e-05,3.002242010552436e-06,1.059879991771595e-06,1.0532521628192626e-06,0.008678271128975725,0.008661407894161468
2021-07-30_02h22m33s_C40H79NO3_[M]-_-H2_34,2021-07-30_02h22m33s,Cer d8:1/22:0 Cer,C40H79NO3,[M]-,-H2,34,1.1000909367833662,1.8880731620078348,0.022598870056497175,0.022598870056497175,0.011358326843920347,0.012681812717874745,0.010542729060722575,0.010542729060722575,1.1003862287092292,154,1.30408775806427,0.6133891940116882,230.8235321044922,8.576749801635742,0.8363845348358154,0.6896976828575134,0.6906985640525818,1.8853411382319067,1.5573344190312284,4.1628206304267223e-07,1.208166224841989e-07,7.368192746071145e-05,2.7407818379288074e-06,3.5731957837015216e-07,2.948602855212812e-07,2.9546544055847335e-07,0.0004161591024101362,0.0004161333704422001
2021-07-30_02h22m33s_C40H79NO3_+Cl_-H2O_34,2021-07-30_02h22m33s,Cer d8:1/22:0 Cer,C40H79NO3,+Cl,-H2O,34,0.7489952591636139,0.9947942268113454,0.05084745762711865,0.05084745762711865,0.05821559684058294,0.0588111551869215,0.057887556035933874,0.057887556035933874,0.7590100992207287,189,4.085875988006592,0.042822837829589844,723.2000122070312,17.97189712524414,4.654779434204102,4.106257438659668,4.043053150177002,1.0103418121069352,0.8775922583422524,1.602808424649993e-06,-1.22205278785259e-07,0.0002836970961652696,7.069222647260176e-06,2.021009777308791e-06,1.746962539073138e-06,1.725013703435252e-06,0.001600048319372916,0.0015995756665882729
2021-07-30_02h22m33s_C40H79NO3_[M]-__34,2021-07-30_02h22m33s,Cer d8:1/22:0 Cer,C40H79NO3,[M]-,,34,27.07115670111499,444.0029341796964,0.3728813559322034,0.3728813559322034,0.005684725775948382,0.006971991825940618,0.0037741198150149724,0.0037741198150149724,27.20531855119265,121,106.66468048095703,106.4296875,18879.6484375,192.38693237304688,0.4604102671146393,0.23923417925834656,0.2349940538406372,451.98037300120234,231.17101651848537,5.087921454105526e-05,5.0777351134456694e-05,0.009005621075630188,9.683231473900378e-05,1.937603997248516e-07,1.0339805101011734e-07,1.0186364107767076e-07,0.05087403232688614,0.05086935807390112
2021-07-30_02h22m33s_C40H79NO3_[M]-_+C12H14N2_34,2021-07-30_02h22m33s,Cer d8:1/22:0 Cer,C40H79NO3,[M]-,+C12H14N2,34,0.0,0.0,0.0,0.0,0.0021470686394482147,0.004387546580117803,0.0008327870014352287,0.0008327870014352287,0.0,52,0.0,-0.05022633075714111,0.0,0.0,0.31935811042785645,0.0520324781537056,0.05022633075714111,0.0,0.0,0.0,-2.0477322948408982e-08,0.0,0.0,1.297185576731863e-07,2.1239694447672264e-08,2.0477322948408982e-08,0.0,0.0
2021-07-30_02h22m33s_C40H79NO3_-H_-H2O_34,2021-07-30_02h22m33s,Cer d8:1/22:0 Cer,C40H79NO3,-H,-H2O,34,0.7167267750972922,0.9361558606309235,0.02824858757062147,0.02824858757062147,0.0391033485371009,0.05559562447409545,0.02941332813579744,0.02941332813579744,0.7295041383717586,187,1.9245374202728271,-0.07704639434814453,340.64312744140625,11.321746826171875,5.092513561248779,2.0547873973846436,2.0015838146209717,0.9610271521329976,0.3778408356295781,7.5546392963588e-07,-9.180268989439355e-08,0.00013371711247600615,4.47278171122889e-06,2.198453103119391e-06,8.680749488121364e-07,8.472666195302736e-07,0.0007548243921248254,0.0007538067209111407
2021-07-30_02h22m33s_C40H79NO3_+Cl_+C12H14N2_34,2021-07-30_02h22m33s,Cer d8:1/22:0 Cer,C40H79NO3,+Cl,+C12H14N2,34,3.592243065173991,4.672934265396587,0.1807909604519774,0.1807909604519774,0.04117254422071421,0.041862002644548625,0.04032815351631022,0.04032815351631022,3.645917585780984,188,12.721989631652832,10.053988456726074,2251.792236328125,27.942407608032227,2.949971914291382,2.7214841842651367,2.668001413345337,4.766572834334712,4.3111185064286754,5.303026682668133e-06,4.129592525714543e-06,0.0009386357269249856,1.189356862596469e-05,1.266226149709837e-06,1.1927272680622991e-06,1.1734339295799145e-06,0.0052968112246585385,0.00529632034335214
2021-07-30_02h22m33s_C40H79NO3_-H_-H2_34,2021-07-30_02h22m33s,Cer d8:1/22:0 Cer,C40H79NO3,-H,-H2,34,1.8841591184177162,4.1819456707655505,0.03389830508474576,0.03389830508474576,0.014184002669929915,0.02458228152422166,0.007991211439304003,0.007991211439304003,1.8934520024554367,166,2.403456449508667,1.8394533395767212,425.4117736816406,13.255556106567383,2.5667762756347656,0.5737220644950867,0.5640031099319458,4.253881805709285,0.9360069536877865,1.0350859156460501e-06,7.801914989613579e-07,0.00018321021343581378,5.653545485984068e-06,1.1171123333042488e-06,2.580372324700875e-07,2.548944451064017e-07,0.001034822145229558,0.0010339308986873422
2021-07-30_02h22m33s_C40H79NO3_-H_-CH2O2_34,2021-07-30_02h22m33s,Cer d8:1/22:0 Cer,C40H79NO3,-H,-CH2O2,34,0.34345477271414715,0.7798916656863772,0.005649717514124294,0.005649717514124294,0.01277116475692513,0.023530472412549585,0.006449669543030281,0.006449669543030281,0.3465199526759118,159,0.31585246324539185,-0.08099493384361267,55.9058837890625,4.190256595611572,1.8931546211242676,0.4039953052997589,0.3968473970890045,0.7939035558770562,0.16675115100050225,1.0390314031383241e-07,-5.003257541602579e-08,1.839085598476231e-05,1.3784310795017518e-06,7.214244988063001e-07,1.5624902971467236e-07,1.539357157298582e-07,0.00010388714837129274,0.00010382823608065598
2021-07-30_02h22m33s_C40H79NO3_[M]-_-CO2_34,2021-07-30_02h22m33s,Cer d8:1/22:0 Cer,C40H79NO3,[M]-,-CO2,34,0.0,0.0,0.0,0.0,0.0014795861608632773,0.0029751172015867293,0.0006024416606127186,0.0006024416606127186,0.0,30,0.0,-0.041803255677223206,0.0,0.0,0.2821507155895233,0.04077070951461792,0.041803255677223206,0.0,0.0,0.0,-1.846272112970837e-08,0.0,0.0,1.2259177140094835e-07,1.800669124918386e-08,1.846272112970837e-08,0.0,0.0
2021-07-30_02h22m33s_C40H79NO3_-H_+C12H14N2_34,2021-07-30_02h22m33s,Cer d8:1/22:0 Cer,C40H79NO3,-H,+C12H14N2,34,0.7178385297671753,1.9663164779661724,0.011299435028248588,0.011299435028248588,0.009300255868283458,0.015326361341507392,0.005740914648191789,0.005740914648191789,0.7161829995047235,151,0.7150548100471497,0.34953823685646057,126.56470489501953,6.71730899810791,1.1133705377578735,0.3626519441604614,0.3655165731906891,1.950948094440262,0.6416670091492622,2.9703795689783874e-07,1.410806902413242e-07,5.2575720474123955e-05,2.779464239210938e-06,4.747066668642219e-07,1.5442905976215116e-07,1.5595726665651455e-07,0.000296991638893617,0.00029689701790406757
2021-07-30_02h22m33s_C40H79NO3_+Cl_+HCl_34,2021-07-30_02h22m33s,Cer d8:1/22:0 Cer,C40H79NO3,+Cl,+HCl,34,1.2700970731274925,1.8039656070297407,0.04519774011299435,0.04519774011299435,0.03136055178551563,0.041080658733020796,0.02558605170366958,0.02558605170366958,1.2907442599936434,186,3.1505484580993652,1.444130539894104,557.6470947265625,14.648073196411133,3.553584098815918,1.7454570531845093,1.7064179182052612,1.845212249740848,0.8863339199511013,1.3593250969279325e-06,6.390903308783891e-07,0.0002406005369266495,6.361475243465975e-06,1.5349577324741404e-06,7.353545470323297e-07,7.202347660495434e-07,0.0013583467683610077,0.001357241788150374
2021-07-30_02h22m33s_C40H79NO3_[M]-_-NH3_34,2021-07-30_02h22m33s,Cer d8:1/22:0 Cer,C40H79NO3,[M]-,-NH3,34,0.5707207233855084,1.049207287119655,0.011299435028248588,0.011299435028248588,0.018823005896095226,0.03416877028489001,0.009798536421142158,0.009798536421142158,0.5708992796782602,179,0.713260293006897,0.03718006610870361,126.2470703125,6.677635669708252,2.9126524925231934,0.6788087487220764,0.6760802268981934,1.053435419720422,0.2447993694640025,2.3778316915468167e-07,-4.9926299539038155e-08,4.208762038615532e-05,2.2409005850931862e-06,1.278112108593632e-06,2.877865483696951e-07,2.8770946869371983e-07,0.00023771477636267373,0.0002374796435467201
2021-07-30_02h22m33s_C40H79NO3_[M]-_-H2O_34,2021-07-30_02h22m33s,Cer d8:1/22:0 Cer,C40H79NO3,[M]-,-H2O,34,0.5503445248194293,16.669893432789934,0.005649717514124294,0.005649717514124294,0.0006786071865613528,0.0013523260007212406,0.0002657830855644347,0.0002657830855644347,0.5499839080521789,24,0.3050847351551056,0.2873450219631195,54.0,4.0474066734313965,0.09660380333662033,0.017301540821790695,0.017739713191986084,16.280117631980254,3.1257463820637787,1.370174089743159e-07,1.292839755251407e-07,2.4252081857412122e-05,1.8177412357545109e-06,4.173986312139277e-08,7.542412916450303e-09,7.73342989646153e-09,0.0001370163493679834,0.00013701169012512405
2021-07-30_02h22m33s_C3H4O3_-H_+C12H14N2_102,2021-07-30_02h22m33s,Pyruvic acid,C3H4O3,-H,+C12H14N2,102,1.4960381642551137,1.6241626952707087,0.1016949152542373,0.1016949152542373,0.08807431304928245,0.13904916456304844,0.05797615039778869,0.05797615039778869,1.4889242291161215,189,5.280336856842041,2.0086517333984375,934.61962890625,16.11520004272461,10.737801551818848,3.2501132488250732,3.2716851234436035,1.6134570414418405,0.4917063446384017,2.6143584364035632e-06,9.99444864646648e-07,0.00046274144551716745,8.549552148906514e-06,4.983962753613014e-06,1.6036915440054145e-06,1.6149135717569152e-06,0.002610143280595499,0.0026013931896389005
2021-07-30_02h22m33s_C3H4O3_+Cl_+H2_102,2021-07-30_02h22m33s,Pyruvic acid,C3H4O3,+Cl,+H2,102,0.0,0.0,0.0,0.0,0.005896095227500278,0.006310854670032456,0.00567003915870794,0.00567003915870794,0.0,82,0.0,-0.3457565903663635,0.0,0.0,0.6608867645263672,0.35591429471969604,0.3457565903663635,0.0,0.0,0.0,-1.84913162115663e-07,0.0,0.0,3.0005972462276986e-07,1.89428533303726e-07,1.84913162115663e-07,0.0,0.0
2021-07-30_02h22m33s_C3H4O3_+Cl_+HCl_102,2021-07-30_02h22m33s,Pyruvic acid,C3H4O3,+Cl,+HCl,102,0.5106797369262341,3.7582756609443435,0.005649717514124294,0.005649717514124294,0.0016687061964623428,0.0026746003125375645,0.0010631323422577387,0.0010631323422577387,0.5094389951384773,44,0.3424172103404999,0.2500232458114624,60.607845306396484,4.54267692565918,0.15879017114639282,0.09011019021272659,0.09239397943019867,3.666373490342786,2.1429178521048837,1.4069259179905202e-07,1.0369086567152408e-07,2.490258884790819e-05,1.8664983372218558e-06,6.554405018732723e-08,3.608713328162594e-08,3.7001729680241624e-08,0.0001406873861224213,0.0001406833708411331
2021-07-30_02h22m33s_C3H4O3_+Cl_-H2_102,2021-07-30_02h22m33s,Pyruvic acid,C3H4O3,+Cl,-H2,102,0.0,0.0,0.0,0.0,0.006474580042273891,0.012140882317586248,0.0031539592820312916,0.0031539592820312916,0.0,50,0.0,-0.2977411448955536,0.0,0.0,1.48520028591156,0.2915884554386139,0.2977411448955536,0.0,0.0,0.0,-1.3894256767343904e-07,0.0,0.0,6.446560405493074e-07,1.361956947221188e-07,1.3894256767343904e-07,0.0,0.0
2021-07-30_02h22m33s_C3H4O3_+Cl_+C12H14N2_102,2021-07-30_02h22m33s,Pyruvic acid,C3H4O3,+Cl,+C12H14N2,102,0.9578513677438482,1.0923938612963457,0.5649717514124294,0.5536723163841808,0.5866614751362776,0.5983591777857915,0.5798323794673707,0.5798323794673707,0.9579143276106751,189,93.55976104736328,8.074737548828125,16560.078125,91.14307403564453,109.79363250732422,85.64554595947266,85.48502349853516,1.0944451176743115,0.8521341973718256,4.7176130465231836e-05,6.107813533162698e-06,0.008350174874067307,4.9207770643988624e-05,5.2035356929991394e-05,4.11541732319165e-05,4.106831693206914e-05,0.045315114962152986,0.04484272335000164
2021-07-30_02h22m33s_C3H4O3_[M]-__102,2021-07-30_02h22m33s,Pyruvic acid,C3H4O3,[M]-,,102,0.0,0.0,0.0,0.0,0.00010012237178774057,0.00012020675561966583,8.859436185481156e-05,8.859436185481156e-05,0.0,4,0.0,-0.00501734483987093,0.0,0.0,0.006346916779875755,0.004893327131867409,0.00501734483987093,0.0,0.0,0.0,-1.89923032856143e-09,0.0,0.0,2.5647248769189446e-09,1.8522855471658772e-09,1.89923032856143e-09,0.0,0.0
2021-07-30_02h22m33s_C3H4O3_[M]-_+HCl_102,2021-07-30_02h22m33s,Pyruvic acid,C3H4O3,[M]-,+HCl,102,0.0,0.0,0.0,0.0,0.0004004894871509623,0.0005709820891934127,0.0003012208303063593,0.0003012208303063593,0.0,16,0.0,-0.016666488721966743,0.0,0.0,0.03365706652402878,0.016254529356956482,0.016666488721966743,0.0,0.0,0.0,-8.104000137620915e-09,0.0,0.0,1.492401580094338e-08,7.903685705912267e-09,8.104000137620915e-09,0.0,0.0
2021-07-30_02h22m33s_C3H4O3_+Cl_-CH2O2_102,2021-07-30_02h22m33s,Pyruvic acid,C3H4O3,+Cl,-CH2O2,102,0.0,0.0,0.0,0.0,8.899766381132495e-05,0.0,0.0001417509789676985,0.0001417509789676985,0.0,0,0.0,-0.007852827198803425,0.0,0.0,0.0,0.007658721879124641,0.007852827198803425,0.0,0.0,0.0,-3.6293823502120404e-09,0.0,0.0,0.0,3.5396718889302292e-09,3.6293823502120404e-09,0.0,0.0
2021-07-30_02h22m33s_C3H4O3_+Cl_-CO2_102,2021-07-30_02h22m33s,Pyruvic acid,C3H4O3,+Cl,-CO2,102,0.0,0.0,0.0,0.0,0.00013349649571698743,0.00012020675561966583,0.0001417509789676985,0.0001417509789676985,0.0,4,0.0,-0.00799859780818224,0.0,0.0,0.00743620190769434,0.007800889667123556,0.00799859780818224,0.0,0.0,0.0,-3.318853192268989e-09,0.0,0.0,3.6619702825646527e-09,3.2368183688902263e-09,3.318853192268989e-09,0.0,0.0
2021-07-30_02h22m33s_C3H4O3_[M]-_+H2_102,2021-07-30_02h22m33s,Pyruvic acid,C3H4O3,[M]-,+H2,102,0.0,0.0,0.0,0.0,0.00015574591166981868,0.00015025844452458227,0.0001594698513386608,0.0001594698513386608,0.0,5,0.0,-0.00958562083542347,0.0,0.0,0.007942130789160728,0.009348684921860695,0.00958562083542347,0.0,0.0,0.0,-4.246933915652562e-09,0.0,0.0,3.4446709928914743e-09,4.141958775960575e-09,4.246933915652562e-09,0.0,0.0
2021-07-30_02h22m33s_C3H4O3_+Cl__102,2021-07-30_02h22m33s,Pyruvic acid,C3H4O3,+Cl,,102,0.8695559058718867,3.7355560380280908,0.011299435028248588,0.011299435028248588,0.006218711758816331,0.011660055295107585,0.002994489430692631,0.002994489430692631,0.8742283079262022,90,0.6667553186416626,0.49292612075805664,118.01569366455078,6.283657550811768,1.205055594444275,0.17748890817165375,0.17382918298244476,3.813752986013862,0.5528396217496835,3.849567633551487e-07,3.0522375027430826e-07,6.81373494444415e-05,3.862064204440685e-06,5.256147233012598e-07,8.129661921429943e-08,7.973301308084046e-08,0.00038492607203961164,0.00038475453070895124
2021-07-30_02h22m33s_C3H4O3_[M]-_-H2O_102,2021-07-30_02h22m33s,Pyruvic acid,C3H4O3,[M]-,-H2O,102,0.0,0.0,0.0,0.0,4.4498831905662474e-05,0.0,7.087548948384925e-05,7.087548948384925e-05,0.0,0,0.0,-0.00323645886965096,0.0,0.0,0.0,0.004311036318540573,0.00323645886965096,0.0,0.0,0.0,-1.6175119021966111e-09,0.0,0.0,0.0,2.1344888079255497e-09,1.6175119021966111e-09,0.0,0.0
2021-07-30_02h22m33s_C3H4O3_+Cl_-H2O_102,2021-07-30_02h22m33s,Pyruvic acid,C3H4O3,+Cl,-H2O,102,0.0,0.0,0.0,0.0,0.000233618867504728,0.00027046520014424813,0.00021262646845154776,0.00021262646845154776,0.0,9,0.0,-0.012174447067081928,0.0,0.0,0.015259304083883762,0.011873520910739899,0.012174447067081928,0.0,0.0,0.0,-5.43105116435072e-09,0.0,0.0,6.157403475981482e-09,5.296807437105144e-09,5.43105116435072e-09,0.0,0.0
2021-07-30_02h22m33s_C3H4O3_[M]-_-H2_102,2021-07-30_02h22m33s,Pyruvic acid,C3H4O3,[M]-,-H2,102,0.0,0.0,0.0,0.0,7.787295583490934e-05,6.0103377809832915e-05,8.859436185481156e-05,8.859436185481156e-05,0.0,2,0.0,-0.005076550878584385,0.0,0.0,0.003103455761447549,0.004951069597154856,0.005076550878584385,0.0,0.0,0.0,-2.239653573710143e-09,0.0,0.0,1.4448340301953522e-09,2.184294078944049e-09,2.239653573710143e-09,0.0,0.0
2021-07-30_02h22m33s_C3H4O3_-H_-H2O_102,2021-07-30_02h22m33s,Pyruvic acid,C3H4O3,-H,-H2O,102,0.0,0.0,0.0,0.0,6.674824785849372e-05,9.015506671474937e-05,5.315661711288694e-05,5.315661711288694e-05,0.0,3,0.0,-0.003145833034068346,0.0,0.0,0.004931305535137653,0.003068074816837907,0.003145833034068346,0.0,0.0,0.0,-1.3991374725463857e-09,0.0,0.0,2.601172166549759e-09,1.364553803284707e-09,1.3991374725463857e-09,0.0,0.0
2021-07-30_02h22m33s_C3H4O3_-H_-H2_102,2021-07-30_02h22m33s,Pyruvic acid,C3H4O3,-H,-H2,102,0.0,0.0,0.0,0.0,0.00013349649571698743,0.00015025844452458227,0.00012403210659673618,0.00012403210659673618,0.0,5,0.0,-0.006816897541284561,0.0,0.0,0.00844923872500658,0.006648398470133543,0.006816897541284561,0.0,0.0,0.0,-2.9695368386484233e-09,0.0,0.0,3.409117876884693e-09,2.8961364417767754e-09,2.9695368386484233e-09,0.0,0.0
2021-07-30_02h22m33s_C3H4O3_+Cl_-CH2O3_102,2021-07-30_02h22m33s,Pyruvic acid,C3H4O3,+Cl,-CH2O3,102,0.0,0.0,0.0,0.0,2.2249415952831237e-05,3.0051688904916458e-05,1.7718872370962312e-05,1.7718872370962312e-05,0.0,1,0.0,-0.0011627484345808625,0.0,0.0,0.001591443200595677,0.0011340078199282289,0.0011627484345808625,0.0,0.0,0.0,-8.612479618363977e-10,0.0,0.0,9.668278400098984e-10,8.399597684061177e-10,8.612479618363977e-10,0.0,0.0
2021-07-30_02h22m33s_C3H4O3_-H_+HCl_102,2021-07-30_02h22m33s,Pyruvic acid,C3H4O3,-H,+HCl,102,0.8695559058718867,3.7355560380280908,0.011299435028248588,0.011299435028248588,0.006218711758816331,0.011660055295107585,0.002994489430692631,0.002994489430692631,0.8742283079262022,90,0.6667553186416626,0.49292612075805664,118.01569366455078,6.283657550811768,1.205055594444275,0.17748890817165375,0.17382918298244476,3.813752986013862,0.5528396217496835,3.849567633551487e-07,3.0522375027430826e-07,6.81373494444415e-05,3.862064204440685e-06,5.256147233012598e-07,8.129661921429943e-08,7.973301308084046e-08,0.00038492607203961164,0.00038475453070895124
2021-07-30_02h22m33s_C5H9NO3_-H_+C12H14N2_165,2021-07-30_02h22m33s,4-Hydroxyproline,C5H9NO3,-H,+C12H14N2,165,41.75430796819866,778.3458437114366,0.7401129943502824,0.6666666666666666,0.011547446879519413,0.014154345474215652,0.007725428353739568,0.007725428353739568,46.377538604173516,22,312.0917053222656,311.8082275390625,55240.234375,669.1893920898438,1.4976390600204468,0.39996790885925293,0.28348052501678467,1097.0582443344824,208.2500807886374,0.00015151336265262216,0.00015137786976993084,0.026817865669727325,0.0002836172061506659,6.825562195444945e-07,1.9428635766871594e-07,1.3548560673370957e-07,0.1514928375536104,0.15141001680395128
2021-07-30_02h22m33s_C5H9NO3_+Cl_+HCl_165,2021-07-30_02h22m33s,4-Hydroxyproline,C5H9NO3,+Cl,+HCl,165,0.7464052046411573,4.147134583106768,0.011299435028248588,0.011299435028248588,0.0062743352986984096,0.008174059382137276,0.0051384729875790704,0.0051384729875790704,0.7453879055639778,111,1.9802370071411133,1.498634696006775,350.501953125,22.914968490600586,0.7705563306808472,0.47649523615837097,0.481602281332016,4.1032483345820925,2.5665488421223706,6.6229335971002e-07,4.581768280331744e-07,0.00011722592171281576,7.3733767749217805e-06,3.0207149848138215e-07,2.0231796327152551e-07,2.0411654588770034e-07,0.0006621582022649425,0.0006620933601765769
2021-07-30_02h22m33s_C5H9NO3_-H_-NH3_165,2021-07-30_02h22m33s,4-Hydroxyproline,C5H9NO3,-H,-NH3,165,1.2777315120729436,1.7486744733385038,0.04519774011299435,0.04519774011299435,0.04682389587273334,0.08321312657771367,0.02537342523521803,0.02537342523521803,1.2788850040813131,188,2.61991810798645,1.1310105323791504,463.72552490234375,12.41727066040039,7.715329647064209,1.497230887413025,1.4889075756072998,1.7584433765420302,0.3395290543326174,1.1070225127696176e-06,4.132981530347024e-07,0.0001959429937414825,5.305665126797976e-06,3.2582304356765235e-06,6.982465379223868e-07,6.937243597349152e-07,0.001106255076674848,0.0011034272923820224
2021-07-30_02h22m33s_C5H9NO3_-H_+H2_165,2021-07-30_02h22m33s,4-Hydroxyproline,C5H9NO3,-H,+H2,165,49.137259387011945,991.1780421646145,0.5819209039548022,0.5819209039548022,0.0033485371009011012,0.002824858757062147,0.0018427627265800803,0.0018427627265800803,50.88895901522518,45,113.28349304199219,113.20196533203125,20051.177734375,182.9870147705078,0.17440727353096008,0.11329177021980286,0.08152628690004349,1372.6958681565557,645.8312176090988,5.745055386796594e-05,5.741292625316419e-05,0.01016874797642231,8.979176345746964e-05,7.598923446039407e-08,5.2511566650537134e-08,3.762872324841737e-08,0.05744839215831635,0.05744618857607337
2021-07-30_02h22m33s_C5H9NO3_-H__165,2021-07-30_02h22m33s,4-Hydroxyproline,C5H9NO3,-H,,165,62.044456066226886,1493.5418058067396,0.9491525423728814,0.7627118644067796,0.007698297919679608,0.006761630003606202,0.005297942838917731,0.005297942838917731,74.37784584976423,3,2777.231201171875,2776.2880859375,491569.90625,4834.85205078125,36.02528381347656,1.858493447303772,0.9431860446929932,2941.4025093697564,77.08902798719917,0.0013990771258249879,0.0013986406847834587,0.24763666093349457,0.002267560688778758,1.482195239077555e-05,9.085356396099087e-07,4.364583219285123e-07,1.3984667533725381,1.3786429457196525
2021-07-30_02h22m33s_C5H9NO3_-H_-H2_165,2021-07-30_02h22m33s,4-Hydroxyproline,C5H9NO3,-H,-H2,165,21.303172718350066,138.78428059699698,0.2824858757062147,0.07909604519774012,0.01158082100344866,0.02425171294626758,0.0032602725162570656,0.0032602725162570656,21.28775939912894,18,369.6679992675781,366.9885559082031,65431.234375,929.48046875,124.11140441894531,2.6626157760620117,2.6794347763061523,137.91344692856484,2.9784935760309033,0.00018661767535377294,0.00018529474618844688,0.03303132951259613,0.0004364621709100902,5.354781751520932e-05,1.3159767604520312e-06,1.3229249589130632e-06,0.18637112034704523,0.17713261064306543
2021-07-30_02h22m33s_C5H9NO3_+Cl_+H2_165,2021-07-30_02h22m33s,4-Hydroxyproline,C5H9NO3,+Cl,+H2,165,1.0726550563364488,1.0821485844375192,0.8248587570621468,0.5028248587570622,0.7699744131716543,0.7883159033537684,0.7589878980101706,0.7589878980101706,1.0752654336305039,189,162.16932678222656,12.404251098632812,28703.970703125,98.97306823730469,182.041748046875,149.85765075683594,149.76507568359375,1.0828174941622746,0.8908310192091192,8.138384146150202e-05,1.0083058441523463e-05,0.014404939487576485,5.555117968469858e-05,8.650634117657319e-05,7.138024375308305e-05,7.130078301997855e-05,0.07596731258991743,0.07490415690843717
2021-07-30_02h22m33s_C5H9NO3_[M]-_-H2_165,2021-07-30_02h22m33s,4-Hydroxyproline,C5H9NO3,[M]-,-H2,165,0.0,0.0,0.0,0.0,0.0034709088886416732,0.005559562447409545,0.0022502967911122137,0.0022502967911122137,0.0,100,0.0,-0.12407510727643967,0.0,0.0,0.3428068459033966,0.1276591420173645,0.12407510727643967,0.0,0.0,0.0,-5.864503194175086e-08,0.0,0.0,1.567579772654426e-07,6.057621249055956e-08,5.864503194175086e-08,0.0,0.0
2021-07-30_02h22m33s_C5H9NO3_[M]-__165,2021-07-30_02h22m33s,4-Hydroxyproline,C5H9NO3,[M]-,,165,1.9111024310030884,16.220919446941913,0.022598870056497175,0.022598870056497175,0.0026143063744576704,0.0038466161798293066,0.001825043854209118,0.001825043854209118,1.912468636806753,73,1.715254306793213,1.610838770866394,303.6000061035156,11.5834379196167,0.2522018253803253,0.1047433465719223,0.10441555082798004,16.271359332857934,6.774257271711178,7.719052632637613e-07,7.232938514789566e-07,0.0001366272335872054,5.230926944932435e-06,1.1164259916540686e-07,4.8965929977384803e-08,4.861143665380041e-08,0.0007718677416639323,0.0007718190953738683
2021-07-30_02h22m33s_C5H9NO3_[M]-_-NH3_165,2021-07-30_02h22m33s,4-Hydroxyproline,C5H9NO3,[M]-,-NH3,165,0.8141547079173643,0.8060719310794725,0.05649717514124294,0.05649717514124294,0.06442318389142285,0.07299555235004207,0.05939366018746567,0.05939366018746567,0.8166135826301153,187,3.3734352588653564,-0.806567907333374,597.0980224609375,13.962090492248535,5.291394233703613,4.184030055999756,4.1800031661987305,0.8068482908929255,0.6374119368096712,1.7137584791271365e-06,-2.0134541500738123e-07,0.00030333525501191616,7.422165708703687e-06,2.415976723568747e-06,1.919216174428584e-06,1.9151038941345178e-06,0.001710482726995817,0.001709628057534174
2021-07-30_02h22m33s_C5H9NO3_+Cl_-NH3_165,2021-07-30_02h22m33s,4-Hydroxyproline,C5H9NO3,+Cl,-NH3,165,0.0,0.0,0.0,0.0,0.007509177884080543,0.009706695516288015,0.006237043074578734,0.006237043074578734,0.0,122,0.0,-0.4149661958217621,0.0,0.0,0.6335355639457703,0.4133673906326294,0.4149661958217621,0.0,0.0,0.0,-1.7221034909198352e-07,0.0,0.0,2.5500239075881836e-07,1.7206676261594112e-07,1.7221034909198352e-07,0.0,0.0
2021-07-30_02h22m33s_C5H9NO3_+Cl__165,2021-07-30_02h22m33s,4-Hydroxyproline,C5H9NO3,+Cl,,165,1.0948781218503727,1.2857509461394356,0.847457627118644,0.847457627118644,0.7690176882856825,0.7770765717033298,0.7640200577635239,0.7640200577635239,1.0936916229579428,189,163.00631713867188,36.15404510498047,28852.1171875,107.43561553955078,123.99199676513672,126.778076171875,126.8522720336914,1.2849989166647466,1.3146413216178074,8.266515214927495e-05,1.9774059182964265e-05,0.014631731435656548,5.926958692725748e-05,6.12988878856413e-05,6.287769792834297e-05,6.289109296631068e-05,0.07777386855183205,0.07789054816967113
2021-07-30_02h22m33s_C5H9NO3_-H_+HCl_165,2021-07-30_02h22m33s,4-Hydroxyproline,C5H9NO3,-H,+HCl,165,1.0948781218503727,1.2857509461394356,0.847457627118644,0.847457627118644,0.7690176882856825,0.7770765717033298,0.7640200577635239,0.7640200577635239,1.0936916229579428,189,163.00631713867188,36.15404510498047,28852.1171875,107.43561553955078,123.99199676513672,126.778076171875,126.8522720336914,1.2849989166647466,1.3146413216178074,8.266515214927495e-05,1.9774059182964265e-05,0.014631731435656548,5.926958692725748e-05,6.12988878856413e-05,6.287769792834297e-05,6.289109296631068e-05,0.07777386855183205,0.07789054816967113
2021-07-30_02h22m33s_C5H9NO3_+Cl_-H2_165,2021-07-30_02h22m33s,4-Hydroxyproline,C5H9NO3,+Cl,-H2,165,0.0,0.0,0.0,0.0,0.015151852263878073,0.01824137516528429,0.013377748640076546,0.013377748640076546,0.0,179,0.0,-0.805101215839386,0.0,0.0,1.1179618835449219,0.8028620481491089,0.805101215839386,0.0,0.0,0.0,-3.8053977391427907e-07,0.0,0.0,5.278005232867145e-07,3.801703485351027e-07,3.8053977391427907e-07,0.0,0.0
2021-07-30_02h22m33s_C5H9NO3_[M]-_+C12H14N2_165,2021-07-30_02h22m33s,4-Hydroxyproline,C5H9NO3,[M]-,+C12H14N2,165,10.84388558398191,48.51944262547843,0.24293785310734464,0.24293785310734464,0.014250750917788407,0.016167808630845052,0.012403210659673619,0.012403210659673619,10.921569105132878,174,34.13382339477539,33.441009521484375,6041.6865234375,101.07831573486328,1.0188112258911133,0.7025081515312195,0.6928122043609619,49.1974963545279,33.47072725635981,1.5503348549827933e-05,1.5163466741796583e-05,0.002744092606008053,4.161091783316806e-05,4.722930100342637e-07,3.4501283607824007e-07,3.398818080313504e-07,0.015498081034025071,0.0154960298832308
2021-07-30_02h22m33s_C5H9NO3_-H_-CO2_165,2021-07-30_02h22m33s,4-Hydroxyproline,C5H9NO3,-H,-CO2,165,0.0,0.0,0.0,0.0,8.899766381132495e-05,0.00012020675561966583,7.087548948384925e-05,7.087548948384925e-05,0.0,4,0.0,-0.002981070429086685,0.0,0.0,0.006656861864030361,0.0039207348600029945,0.002981070429086685,0.0,0.0,0.0,-1.1869240035267126e-09,0.0,0.0,2.2947457267719074e-09,1.5723105040166274e-09,1.1869240035267126e-09,0.0,0.0
2021-07-30_02h22m33s_C5H9NO3_+Cl_-CO2_165,2021-07-30_02h22m33s,4-Hydroxyproline,C5H9NO3,+Cl,-CO2,165,0.889602312929551,0.874178576216558,0.2994350282485876,0.0,0.33883635554566693,0.35980887125856476,0.32659425554157734,0.32659425554157734,0.887942316582249,102,27.468887329101562,-4.0595855712890625,4861.9931640625,45.2720947265625,36.34513473510742,31.421512603759766,31.528472900390625,0.871213020778449,0.7557581440033799,1.4913200175215025e-05,-3.8632151699857786e-07,0.0026396363973617554,2.5764635211089626e-05,1.767627509252634e-05,1.5260628060786985e-05,1.5299521692213602e-05,0.014688473555428244,0.01465416905180297
2021-07-30_02h22m33s_C5H9NO3_[M]-_-CO2_165,2021-07-30_02h22m33s,4-Hydroxyproline,C5H9NO3,[M]-,-CO2,165,0.0,0.0,0.0,0.0,0.00014462120369340304,9.015506671474937e-05,0.00017718872370962313,0.00017718872370962313,0.0,3,0.0,-0.009515973739326,0.0,0.0,0.004696548916399479,0.010256100445985794,0.009515973739326,0.0,0.0,0.0,-4.5153307759449035e-09,0.0,0.0,2.3229356216347696e-09,4.781057771907626e-09,4.5153307759449035e-09,0.0,0.0
2021-07-30_02h22m33s_C5H9NO3_[M]-_+HCl_165,2021-07-30_02h22m33s,4-Hydroxyproline,C5H9NO3,[M]-,+HCl,165,1.966767856695911,2.6295249349765353,0.15819209039548024,0.062146892655367235,0.1180887751696518,0.19870176703930761,0.07043251767457519,0.07043251767457519,1.964624362002851,186,24.12728500366211,14.936299324035645,4270.529296875,64.85808563232422,32.08640670776367,9.174530029296875,9.190985679626465,2.6248175143635093,0.7519238068505056,1.0256722816848196e-05,6.102684892539401e-06,0.0018154399003833532,2.851172575901728e-05,1.3479100744007155e-05,4.149498181504896e-06,4.1540379243087955e-06,0.01021429225943254,0.010120310136951628
2021-07-30_02h22m33s_C5H9NO3_[M]-_-H2O_165,2021-07-30_02h22m33s,4-Hydroxyproline,C5H9NO3,[M]-,-H2O,165,0.0,0.0,0.0,0.0,0.0008232283902547558,0.0012321192451015747,0.0005847227882417563,0.0005847227882417563,0.0,19,0.0,-0.034750353544950485,0.0,0.0,0.09246928244829178,0.03502437472343445,0.034750353544950485,0.0,0.0,0.0,-1.6951839043599648e-08,0.0,0.0,4.0790112620925356e-08,1.6928037638308524e-08,1.6951839043599648e-08,0.0,0.0
2021-07-30_02h22m33s_C5H9NO3_[M]-_-CH2O2_165,2021-07-30_02h22m33s,4-Hydroxyproline,C5H9NO3,[M]-,-CH2O2,165,0.0,0.0,0.0,0.0,0.00013349649571698743,0.0002103618223344152,8.859436185481156e-05,8.859436185481156e-05,0.0,7,0.0,-0.005156569182872772,0.0,0.0,0.010959084145724773,0.005029658321291208,0.005156569182872772,0.0,0.0,0.0,-2.24822183092499e-09,0.0,0.0,5.516005874284247e-09,2.192889647645302e-09,2.24822183092499e-09,0.0,0.0
2021-07-30_02h22m33s_C5H9NO3_+Cl_-CH2O3_165,2021-07-30_02h22m33s,4-Hydroxyproline,C5H9NO3,+Cl,-CH2O3,165,0.0,0.0,0.0,0.0,0.00025586828345755926,0.0003906719557639139,0.00017718872370962313,0.00017718872370962313,0.0,13,0.0,-0.010110250674188137,0.0,0.0,0.022372597828507423,0.009861421771347523,0.010110250674188137,0.0,0.0,0.0,-4.473576176167171e-09,0.0,0.0,9.494817376776155e-09,4.363474470636675e-09,4.473576176167171e-09,0.0,0.0
2021-07-30_02h22m33s_C5H9NO3_-H_-CH2O3_165,2021-07-30_02h22m33s,4-Hydroxyproline,C5H9NO3,-H,-CH2O3,165,0.0,0.0,0.0,0.0,5.5623539882078096e-05,6.0103377809832915e-05,5.315661711288694e-05,5.315661711288694e-05,0.0,2,0.0,-0.002962120808660984,0.0,0.0,0.003309221239760518,0.00288921850733459,0.002962120808660984,0.0,0.0,0.0,-1.1242791142507258e-09,0.0,0.0,1.1355155704606545e-09,1.0966089147856906e-09,1.1242791142507258e-09,0.0,0.0
2021-07-30_02h22m33s_C5H9NO3_+Cl_-H2O_165,2021-07-30_02h22m33s,4-Hydroxyproline,C5H9NO3,+Cl,-H2O,165,1.1053824941312607,1.267934667588964,0.07909604519774012,0.07909604519774012,0.06476804983869174,0.07014064190407501,0.06155536261672307,0.06155536261672307,1.1066466460739914,189,4.965415000915527,1.0509562492370605,878.8784790039062,17.33957862854004,4.495933532714844,3.915144205093384,3.914458751678467,1.268156636508294,1.10417798368433,2.2719357275491348e-06,4.3220575207669754e-07,0.00040213263127952814,8.19254000816727e-06,2.0774575659743277e-06,1.8398816337139579e-06,1.8397299754724372e-06,0.002267763654776156,0.0022672256624429216
2021-07-30_02h22m33s_C5H9NO3_+Cl_-CH2O2_165,2021-07-30_02h22m33s,4-Hydroxyproline,C5H9NO3,+Cl,-CH2O2,165,0.0,0.0,0.0,0.0,0.002636555790410502,0.0027948070681572306,0.002551517621418573,0.002551517621418573,0.0,59,0.0,-0.14701592922210693,0.0,0.0,0.17096807062625885,0.14794549345970154,0.14701592922210693,0.0,0.0,0.0,-6.882973480060173e-08,0.0,0.0,8.142459506643718e-08,6.900196325432262e-08,6.882973480060173e-08,0.0,0.0
2021-07-30_02h22m33s_C5H9NO3_-H_-CH2O2_165,2021-07-30_02h22m33s,4-Hydroxyproline,C5H9NO3,-H,-CH2O2,165,0.0,0.0,0.0,0.0,7.787295583490934e-05,0.00015025844452458227,3.5437744741924624e-05,3.5437744741924624e-05,0.0,5,0.0,-0.0020202689338475466,0.0,0.0,0.009115560911595821,0.0019705472514033318,0.0020202689338475466,0.0,0.0,0.0,-8.654303940147656e-10,0.0,0.0,4.02826705325765e-09,8.441308763096345e-10,8.654303940147656e-10,0.0,0.0
2021-07-30_02h22m33s_C5H9NO3_+Cl_+C12H14N2_165,2021-07-30_02h22m33s,4-Hydroxyproline,C5H9NO3,+Cl,+C12H14N2,165,0.9834440480833689,1.1422449081775832,0.3163841807909605,0.3163841807909605,0.3270552897986428,0.3531373963216733,0.311710402749969,0.311710402749969,0.9792435393467476,189,62.312156677246094,7.670604705810547,11029.251953125,96.54896545410156,62.366146087646484,54.551361083984375,54.64155197143555,1.140359562815072,0.9991182952267351,3.1570882129017264e-05,5.8292462199460715e-06,0.00558804627507925,5.1217091822763905e-05,2.939574005722534e-05,2.570245851529762e-05,2.5741635909071192e-05,0.030778590849573278,0.03066933434877261
2021-07-30_02h22m33s_C5H9NO3_[M]-_-CH2O3_165,2021-07-30_02h22m33s,4-Hydroxyproline,C5H9NO3,[M]-,-CH2O3,165,0.0,0.0,0.0,0.0,3.337412392924686e-05,0.0,5.315661711288694e-05,5.315661711288694e-05,0.0,0,0.0,-0.003384924493730068,0.0,0.0,0.0,0.0033016165252774954,0.003384924493730068,0.0,0.0,0.0,-1.5480177140148044e-09,0.0,0.0,0.0,1.5099186345679527e-09,1.5480177140148044e-09,0.0,0.0
2021-07-30_02h22m33s_C31H46O2_[M]-__29,2021-07-30_02h22m33s,Phylloquinone,C31H46O2,[M]-,,29,6.424586238988283,9.21975721713299,0.4067796610169492,0.4067796610169492,0.0661697630437201,0.08615819209039548,0.053316086964225594,0.053316086964225594,6.752565685091408,74,38.252906799316406,34.31289291381836,6770.7646484375,57.86185073852539,7.675640106201172,4.148014545440674,3.9400136470794678,9.706362429793703,4.98302724500733,2.1237972759990953e-05,1.940800211741589e-05,0.0037591210566461086,3.34563956130296e-05,3.57739577339089e-06,1.9509659523464506e-06,1.8299699604540365e-06,0.021199178899418726,0.021162266955628516
2021-07-30_02h22m33s_C31H46O2_[M]-_+C12H14N2_29,2021-07-30_02h22m33s,Phylloquinone,C31H46O2,[M]-,+C12H14N2,29,1.0095765850585139,0.8892157063797664,0.3502824858757062,0.3502824858757062,0.3410279230170208,0.3478783507633129,0.33695979587859026,0.33695979587859026,1.00786552293807,189,41.913150787353516,-5.341991424560547,7418.6279296875,66.542724609375,53.07618713378906,47.13396453857422,47.25514221191406,0.8869355141052228,0.7896641297457059,2.2090318452683277e-05,6.543050403706729e-07,0.003909986466169357,3.6222954804543406e-05,2.377081909799017e-05,2.142718221875839e-05,2.1436013412312604e-05,0.021626727629160167,0.02157740584181361
2021-07-30_02h22m33s_C31H46O2_+Cl_-CO2_29,2021-07-30_02h22m33s,Phylloquinone,C31H46O2,+Cl,-CO2,29,0.0,0.0,0.0,0.0,0.0007787295583490933,0.001322274311816324,0.0004606906816450201,0.0004606906816450201,0.0,14,0.0,-0.02593315951526165,0.0,0.0,0.22997744381427765,0.025288932025432587,0.02593315951526165,0.0,0.0,0.0,-1.266117433118552e-08,0.0,0.0,8.785270466660222e-08,1.2346647260130794e-08,1.266117433118552e-08,0.0,0.0
2021-07-30_02h22m33s_C31H46O2_[M]-_-CH2O2_29,2021-07-30_02h22m33s,Phylloquinone,C31H46O2,[M]-,-CH2O2,29,0.0,0.0,0.0,0.0,0.0004004894871509623,0.0008714989782425773,0.00012403210659673618,0.00012403210659673618,0.0,9,0.0,-0.007215230260044336,0.0,0.0,0.0676293820142746,0.007035990711301565,0.007215230260044336,0.0,0.0,0.0,-3.187055286346663e-09,0.0,0.0,2.4692184297236963e-08,3.1078832840591986e-09,3.187055286346663e-09,0.0,0.0
2021-07-30_02h22m33s_C31H46O2_[M]-_-H2_29,2021-07-30_02h22m33s,Phylloquinone,C31H46O2,[M]-,-H2,29,8.083242095002582,39.43778906638808,0.11864406779661017,0.11864406779661017,0.005718099899877628,0.0068818367592258685,0.004677782305934051,0.004677782305934051,8.097694885826801,49,11.60288143157959,11.31163501739502,2053.7099609375,36.802490234375,0.45032989978790283,0.29320719838142395,0.291246235370636,39.70241538565739,25.70820465701968,5.992854767100653e-06,5.862563739356119e-06,0.0010607353178784251,1.8141246982850134e-05,1.9529218775460322e-07,1.3287132105688215e-07,1.3029118406393536e-07,0.00599207405267733,0.0059916846378993815
2021-07-30_02h22m33s_C31H46O2_-H_+C12H14N2_29,2021-07-30_02h22m33s,Phylloquinone,C31H46O2,-H,+C12H14N2,29,1.87030992182846,4.103740442183052,0.03954802259887006,0.03954802259887006,0.01223717877405718,0.013943983651881237,0.011145170721335295,0.011145170721335295,1.8613122022737536,160,2.9471588134765625,2.2242305278778076,521.6470947265625,14.864924430847168,0.9160603880882263,0.7171640396118164,0.7229282259941101,4.071064931097935,3.2137020110752283,1.5828734376555076e-06,1.2689114328168216e-06,0.00028016860596835613,7.988072866282891e-06,3.977967253376846e-07,3.119354516911699e-07,3.139620332603954e-07,0.0015823766314709072,0.0015822440261632146
2021-07-30_02h22m33s_C31H46O2_-H_-CH2O2_29,2021-07-30_02h22m33s,Phylloquinone,C31H46O2,-H,-CH2O2,29,0.0,0.0,0.0,0.0,0.0007564801423962621,0.001983411467724486,3.5437744741924624e-05,3.5437744741924624e-05,0.0,8,0.0,-0.0026418124325573444,0.0,0.0,0.602436363697052,0.0025761849246919155,0.0026418124325573444,0.0,0.0,0.0,-1.1238751040920647e-09,0.0,0.0,2.351290078195234e-07,1.095955881602606e-09,1.1238751040920647e-09,0.0,0.0
2021-07-30_02h22m33s_C31H46O2_+Cl_-CH2O2_29,2021-07-30_02h22m33s,Phylloquinone,C31H46O2,+Cl,-CH2O2,29,2.164026722396001,48.77806257659561,0.022598870056497175,0.022598870056497175,0.0006563577706085215,0.0009015506671474937,0.00044297180927405777,0.00044297180927405777,2.1616908204733156,26,1.244267225265503,1.2191340923309326,220.23529052734375,8.196895599365234,0.051927193999290466,0.024508746340870857,0.025133097544312477,47.612695860322965,23.50903441588427,6.608896114812524e-07,6.480444199041813e-07,0.00011697746231220663,4.4570560930878855e-06,2.2512095299020984e-08,1.2526067294515997e-08,1.28451649317185e-08,0.0006608811223542355,0.0006608747338062642
2021-07-30_02h22m33s_C31H46O2_+Cl_+H2_29,2021-07-30_02h22m33s,Phylloquinone,C31H46O2,+Cl,+H2,29,0.0,0.0,0.0,0.0,0.0009678495939481589,0.0014124293785310734,0.0007087548948384925,0.0007087548948384925,0.0,10,0.0,-0.03821098059415817,0.0,0.0,0.1311078518629074,0.03995432332158089,0.03821098059415817,0.0,0.0,0.0,-1.656519721393579e-08,0.0,0.0,4.940026343547288e-08,1.75239147637285e-08,1.656519721393579e-08,0.0,0.0
2021-07-30_02h22m33s_C31H46O2_+Cl_-H2_29,2021-07-30_02h22m33s,Phylloquinone,C31H46O2,+Cl,-H2,29,0.0,0.0,0.0,0.0,0.0014239626209811992,0.0020134631566294026,0.001080851214628701,0.001080851214628701,0.0,40,0.0,-0.06308356672525406,0.0,0.0,0.1578143835067749,0.06151644140481949,0.06308356672525406,0.0,0.0,0.0,-2.9490019315403515e-08,0.0,0.0,7.007275826254045e-08,2.8757433767623297e-08,2.9490019315403515e-08,0.0,0.0
2021-07-30_02h22m33s_C31H46O2_+Cl_-H2O_29,2021-07-30_02h22m33s,Phylloquinone,C31H46O2,+Cl,-H2O,29,1.5469044779563985,20.218623191286472,0.01694915254237288,0.01694915254237288,0.00116809433752364,0.00144248106743599,0.0009568191080319648,0.0009568191080319648,1.543470853262996,30,1.158125638961792,1.1004117727279663,204.9882354736328,8.862317085266113,0.08661675453186035,0.056280143558979034,0.057713862508535385,19.724909748416437,13.218084202612859,5.931246391810419e-07,5.671051326316956e-07,0.00010498306073714048,4.7167691263894085e-06,3.87536651658138e-08,2.537314358619369e-08,2.6019517207487297e-08,0.0005931092067658305,0.0005931016543181211
2021-07-30_02h22m33s_C31H46O2_-H_-H2_29,2021-07-30_02h22m33s,Phylloquinone,C31H46O2,-H,-H2,29,2.6291959310704094,43.59733632658229,0.02824858757062147,0.02824858757062147,0.0006563577706085215,0.0003606202668589975,0.0007441926395804171,0.0007441926395804171,2.6245648973565507,12,1.9960119724273682,1.9500882625579834,353.29412841796875,12.787343978881836,0.028361722826957703,0.044782888144254684,0.04592371731996536,42.53737952636787,67.9800699771875,9.556387112752418e-07,9.364007951262465e-07,0.00016914805746637285,6.063487489882391e-06,1.074424993419143e-08,1.876002819756195e-08,1.9237932136206837e-08,0.0009556203271162408,0.0009556284437643978
2021-07-30_02h22m33s_C31H46O2_[M]-_-H2O_29,2021-07-30_02h22m33s,Phylloquinone,C31H46O2,[M]-,-H2O,29,0.0,0.0,0.0,0.0,6.674824785849372e-05,9.015506671474937e-05,5.315661711288694e-05,5.315661711288694e-05,0.0,3,0.0,-0.0028684777207672596,0.0,0.0,0.005347550846636295,0.0027972194366157055,0.0028684777207672596,0.0,0.0,0.0,-1.2145487948700406e-09,0.0,0.0,2.2463042537168576e-09,1.1843771519082225e-09,1.2145487948700406e-09,0.0,0.0
2021-07-30_02h22m33s_C31H46O2_+Cl_+HCl_29,2021-07-30_02h22m33s,Phylloquinone,C31H46O2,+Cl,+HCl,29,0.0,0.0,0.0,0.0,0.006596951830014462,0.005078735424930881,0.00751280188528802,0.00751280188528802,0.0,109,0.0,-0.43472981452941895,0.0,0.0,0.29595473408699036,0.4356778562068939,0.43472981452941895,0.0,0.0,0.0,-1.964495481843187e-07,0.0,0.0,1.2902683010906912e-07,1.971333460915048e-07,1.964495481843187e-07,0.0,0.0
2021-07-30_02h22m33s_C31H46O2_[M]-_-CO2_29,2021-07-30_02h22m33s,Phylloquinone,C31H46O2,[M]-,-CO2,29,0.0,0.0,0.0,0.0,0.0001223717877405718,0.0002103618223344152,7.087548948384925e-05,7.087548948384925e-05,0.0,6,0.0,-0.003124428912997246,0.0,0.0,0.011845315806567669,0.003987371455878019,0.003124428912997246,0.0,0.0,0.0,-1.09242681567423e-09,0.0,0.0,4.836885558745507e-09,1.7934609353176256e-09,1.09242681567423e-09,0.0,0.0
2021-07-30_02h22m33s_C31H46O2_-H_-H2O_29,2021-07-30_02h22m33s,Phylloquinone,C31H46O2,-H,-H2O,29,0.0,0.0,0.0,0.0,0.00018912003559906553,9.015506671474937e-05,0.00024806421319347236,0.00024806421319347236,0.0,3,0.0,-0.014112160541117191,0.0,0.0,0.004989759065210819,0.01376158744096756,0.014112160541117191,0.0,0.0,0.0,-5.962981663998335e-09,0.0,0.0,1.6396607405155805e-09,5.814849934893118e-09,5.962981663998335e-09,0.0,0.0
2021-07-30_02h22m33s_C31H46O2_-H_+H2_29,2021-07-30_02h22m33s,Phylloquinone,C31H46O2,-H,+H2,29,0.0,0.0,0.0,0.0,0.0015908332406274336,0.0020134631566294026,0.0013466343001931357,0.0013466343001931357,0.0,27,0.0,-0.07414283603429794,0.0,0.0,0.125327929854393,0.07722301036119461,0.07414283603429794,0.0,0.0,0.0,-3.332590381432965e-08,0.0,0.0,5.600072583433757e-08,3.504903034468043e-08,3.332590381432965e-08,0.0,0.0
2021-07-30_02h22m33s_C31H46O2_[M]-_+H2_29,2021-07-30_02h22m33s,Phylloquinone,C31H46O2,[M]-,+H2,29,0.0,0.0,0.0,0.0,0.00010012237178774057,9.015506671474937e-05,0.00010631323422577388,0.00010631323422577388,0.0,2,0.0,-0.005978727247565985,0.0,0.0,0.006070087663829327,0.005830204579979181,0.005978727247565985,0.0,0.0,0.0,-2.4839554857436497e-09,0.0,0.0,2.4670523401937317e-09,2.4222495120795884e-09,2.4839554857436497e-09,0.0,0.0
2021-07-30_02h22m33s_C44H78O2_[M]-_-H2_13,2021-07-30_02h22m33s,Cholesteryl ester 17:0,C44H78O2,[M]-,-H2,13,0.6825886967994879,1.353712248372058,0.01694915254237288,0.01694915254237288,0.025920569585048393,0.04477701646832552,0.014830696174495455,0.014830696174495455,0.6837893916748815,185,1.2979284524917603,0.34125447273254395,229.73333740234375,10.719319343566895,8.664769172668457,0.9577919840812683,0.9566739797592163,1.355292594268973,0.14977648569100857,5.46712840332475e-07,1.314745929903438e-07,9.676816989667714e-05,4.680117854150012e-06,3.5316659250383964e-06,4.1587796317799075e-07,4.152382473421312e-07,0.0005464859184774893,0.0005447888281916091
2021-07-30_02h22m33s_C44H78O2_[M]-_+H2_13,2021-07-30_02h22m33s,Cholesteryl ester 17:0,C44H78O2,[M]-,+H2,13,0.0,0.0,0.0,0.0,0.015162976971854489,0.031734583483591774,0.00543969381788543,0.00543969381788543,0.0,153,0.0,-0.42454788088798523,0.0,0.0,4.643403053283691,0.41712644696235657,0.42454788088798523,0.0,0.0,0.0,-1.852959599091264e-07,0.0,0.0,1.8479996697351453e-06,1.8224581310732901e-07,1.852959599091264e-07,0.0,0.0
2021-07-30_02h22m33s_C44H78O2_-H__13,2021-07-30_02h22m33s,Cholesteryl ester 17:0,C44H78O2,-H,,13,0.0,0.0,0.0,0.0,0.0024029369229057736,0.0056196658252193775,0.0005138472987579071,0.0005138472987579071,0.0,48,0.0,-0.030535917729139328,0.0,0.0,0.450310081243515,0.03235090896487236,0.030535917729139328,0.0,0.0,0.0,-1.3272047461043712e-08,0.0,0.0,1.8954465019760391e-07,1.4135913772861386e-08,1.3272047461043712e-08,0.0,0.0
2021-07-30_02h22m33s_C44H78O2_+Cl_-CO2_13,2021-07-30_02h22m33s,Cholesteryl ester 17:0,C44H78O2,+Cl,-CO2,13,0.0,0.0,0.0,0.0,0.0015240849927689397,0.003155427335016228,0.000567003915870794,0.000567003915870794,0.0,38,0.0,-0.033548761159181595,0.0,0.0,0.2487483024597168,0.03366474807262421,0.033548761159181595,0.0,0.0,0.0,-1.4983216445330072e-08,0.0,0.0,1.0640889058777248e-07,1.50538657095467e-08,1.4983216445330072e-08,0.0,0.0
2021-07-30_02h22m33s_C44H78O2_+Cl_-CH2O2_13,2021-07-30_02h22m33s,Cholesteryl ester 17:0,C44H78O2,+Cl,-CH2O2,13,0.0,0.0,0.0,0.0,0.0009900990099009901,0.0025243418680129825,8.859436185481156e-05,8.859436185481156e-05,0.0,30,0.0,-0.005425853189080954,0.0,0.0,0.4003799259662628,0.005292315036058426,0.005425853189080954,0.0,0.0,0.0,-2.6329989299966883e-09,0.0,0.0,1.8377647847955814e-07,2.5681967663615524e-09,2.6329989299966883e-09,0.0,0.0
2021-07-30_02h22m33s_C44H78O2_[M]-_-H2O_13,2021-07-30_02h22m33s,Cholesteryl ester 17:0,C44H78O2,[M]-,-H2O,13,0.9821918277095926,1.0444128564713422,0.22598870056497175,0.22598870056497175,0.21989097786183112,0.2195275874504147,0.22008611371972286,0.22008611371972286,0.9826806463378089,189,19.013803482055664,0.7995147705078125,3365.443359375,38.23831558227539,20.501768112182617,18.204256057739258,18.21428871154785,1.0438376126315023,0.9273773852398877,8.910596989153419e-06,1.0105823093908839e-06,0.0015771756879985332,1.790486930985935e-05,8.925927431846503e-06,7.913004992587958e-06,7.900014679762535e-06,0.008840754895697227,0.00883176529305253
2021-07-30_02h22m33s_C44H78O2_-H_+C12H14N2_13,2021-07-30_02h22m33s,Cholesteryl ester 17:0,C44H78O2,-H,+C12H14N2,13,0.5181486054644081,5.9893772550231885,0.005649717514124294,0.005649717514124294,0.0033151629769718545,0.007392715470609448,0.0009036624909190779,0.0009036624909190779,0.5179284068037472,70,0.33260220289230347,0.27812013030052185,58.87059020996094,4.412466526031494,1.103464961051941,0.054532017558813095,0.054482076317071915,5.9947684904856615,0.30114328169860505,1.1105315422810236e-07,8.758688352372701e-08,1.9656408767332323e-05,1.473286602049484e-06,3.809902864304604e-07,2.3487746858563696e-08,2.3466270704375347e-08,0.00011105054828587441,0.0001110108601686898
2021-07-30_02h22m33s_C44H78O2_+Cl_+HCl_13,2021-07-30_02h22m33s,Cholesteryl ester 17:0,C44H78O2,+Cl,+HCl,13,0.0,0.0,0.0,0.0,0.0019690733118255645,0.004627960091357134,0.0004075340645321332,0.0004075340645321332,0.0,45,0.0,-0.026098009198904037,0.0,0.0,0.38662388920783997,0.025455696508288383,0.026098009198904037,0.0,0.0,0.0,-1.1277602851578195e-08,0.0,0.0,1.6928504464885918e-07,1.1000044430886646e-08,1.1277602851578195e-08,0.0,0.0
2021-07-30_02h22m33s_C44H78O2_[M]-__13,2021-07-30_02h22m33s,Cholesteryl ester 17:0,C44H78O2,[M]-,,13,0.27243786780644824,0.5482037739983022,0.005649717514124294,0.005649717514124294,0.01795527867393481,0.030262050727250873,0.01073763665680316,0.01073763665680316,0.27389795480106577,183,0.3730807602405548,-0.2993587553501129,66.03529357910156,4.9494757652282715,3.455847978591919,0.6795512437820435,0.6724395155906677,0.5539929742811855,0.1079251279058335,2.0664508326717623e-07,-8.190848177491716e-08,3.657618071883917e-05,2.741457365118549e-06,1.4548213584930636e-06,2.9282892910487135e-07,2.885535650420934e-07,0.00020658547229266026,0.00020634488831643762
2021-07-30_02h22m33s_C44H78O2_+Cl_+H2_13,2021-07-30_02h22m33s,Cholesteryl ester 17:0,C44H78O2,+Cl,+H2,13,0.0,0.0,0.0,0.0,0.0022026921793302924,0.005228993869455464,0.0004252529369030955,0.0004252529369030955,0.0,50,0.0,-0.024584608152508736,0.0,0.0,0.491966187953949,0.027187835425138474,0.024584608152508736,0.0,0.0,0.0,-1.0567215547041542e-08,0.0,0.0,2.0506274722720264e-07,1.1812261391241918e-08,1.0567215547041542e-08,0.0,0.0
2021-07-30_02h22m33s_C44H78O2_-H_-H2_13,2021-07-30_02h22m33s,Cholesteryl ester 17:0,C44H78O2,-H,-H2,13,0.0,0.0,0.0,0.0,0.00538435866058516,0.0064611131145570384,0.004766376667788862,0.004766376667788862,0.0,100,0.0,-0.31516703963279724,0.0,0.0,0.4687383472919464,0.31244683265686035,0.31516703963279724,0.0,0.0,0.0,-1.3859502701052406e-07,0.0,0.0,2.0063986028162617e-07,1.370860047700262e-07,1.3859502701052406e-07,0.0,0.0
2021-07-30_02h22m33s_C44H78O2_[M]-_+HCl_13,2021-07-30_02h22m33s,Cholesteryl ester 17:0,C44H78O2,[M]-,+HCl,13,1.5144088642976674,2.6220587851043966,0.04519774011299435,0.04519774011299435,0.02801201468461453,0.04177184757783387,0.019845137055477788,0.019845137055477788,1.5203639505158104,188,3.5178022384643555,2.1832499504089355,622.6510009765625,16.689123153686523,3.3997421264648438,1.340618371963501,1.33455228805542,2.633968186738924,1.034421931345085,1.5208773902486428e-06,9.447737738810247e-07,0.00026919529773294926,7.145392828533659e-06,1.460704766031995e-06,5.796937898594479e-07,5.761036163676181e-07,0.0015200017117656095,0.0015186590776958746
2021-07-30_02h22m33s_C44H78O2_-H_+H2_13,2021-07-30_02h22m33s,Cholesteryl ester 17:0,C44H78O2,-H,+H2,13,0.0,0.0,0.0,0.0,0.0015240849927689397,0.003666306046399808,0.0002657830855644347,0.0002657830855644347,0.0,42,0.0,-0.01754988729953766,0.0,0.0,0.3107151389122009,0.017117958515882492,0.01754988729953766,0.0,0.0,0.0,-7.790371903126925e-09,0.0,0.0,1.3771339979484765e-07,7.59863905130942e-09,7.790371903126925e-09,0.0,0.0
2021-07-30_02h22m33s_C44H78O2_+Cl_+C12H14N2_13,2021-07-30_02h22m33s,Cholesteryl ester 17:0,C44H78O2,+Cl,+C12H14N2,13,0.0,0.0,0.0,0.0,0.002480809878740683,0.004808270224786633,0.0011162889593706257,0.0011162889593706257,0.0,67,0.0,-0.0748000368475914,0.0,0.0,0.34671175479888916,0.07403889298439026,0.0748000368475914,0.0,0.0,0.0,-3.120883818041875e-08,0.0,0.0,1.440519525885975e-07,3.0917860271983955e-08,3.120883818041875e-08,0.0,0.0
2021-07-30_02h22m33s_C44H78O2_-H_-CH2O2_13,2021-07-30_02h22m33s,Cholesteryl ester 17:0,C44H78O2,-H,-CH2O2,13,0.0,0.0,0.0,0.0,0.0011458449215708088,0.002163721601153985,0.0005492850434998317,0.0005492850434998317,0.0,37,0.0,-0.03973929211497307,0.0,0.0,0.17427033185958862,0.039772965013980865,0.03973929211497307,0.0,0.0,0.0,-1.6370206523674824e-08,0.0,0.0,7.515424726989295e-08,1.647338088162087e-08,1.6370206523674824e-08,0.0,0.0
2021-07-30_02h22m33s_C44H78O2_[M]-_-CO2_13,2021-07-30_02h22m33s,Cholesteryl ester 17:0,C44H78O2,[M]-,-CO2,13,0.5854017400217979,0.6393634971188982,0.02824858757062147,0.02824858757062147,0.04360885526754923,0.0527707657170333,0.038255045448907635,0.038255045448907635,0.5833952040861574,189,1.678431510925293,-0.9588828086853027,297.0823669433594,9.882227897644043,4.0201921463012695,2.624160051345825,2.6373143196105957,0.6361757196439819,0.41739649583000654,8.063280461101385e-07,-3.276831535004021e-07,0.0001427200622856617,4.8183760554820765e-06,1.7358490822516615e-06,1.1290198926872108e-06,1.1340111996105406e-06,0.0008054146968236096,0.0008049308077063054
2021-07-30_02h22m33s_C44H78O2_[M]-_-CH2O2_13,2021-07-30_02h22m33s,Cholesteryl ester 17:0,C44H78O2,[M]-,-CH2O2,13,1.7697224576320183,2.8705507831704775,0.04519774011299435,0.04519774011299435,0.02338413616642563,0.03657290539728333,0.015539451069333948,0.015539451069333948,1.7715063210156878,187,2.97587251663208,1.9427027702331543,526.7294311523438,13.757779121398926,2.864210844039917,1.035690426826477,1.0331697463989258,2.877547450014219,1.038622523303078,1.3849231663698447e-06,9.289403806178598e-07,0.0002451314067002386,6.521759132738225e-06,1.2395836392897763e-06,4.573751652969804e-07,4.559827573302755e-07,0.0013842919531081163,0.0013832085636646006
2021-07-30_02h22m33s_C44H78O2_-H_-H2O_13,2021-07-30_02h22m33s,Cholesteryl ester 17:0,C44H78O2,-H,-H2O,13,0.8250682025875246,1.6109248728717807,0.01694915254237288,0.01694915254237288,0.011358326843920347,0.012711864406779662,0.010542729060722575,0.010542729060722575,0.8253281342018809,154,1.1126620769500732,0.42226994037628174,196.94117736816406,8.593854904174805,0.8374027013778687,0.6896976828575134,0.6903921365737915,1.6093068146014704,1.3271212928124807,4.45195979636992e-07,1.509588400949724e-07,7.879969052737579e-05,3.396091187823913e-06,3.5716578850042424e-07,2.948602855212812e-07,2.942371395420196e-07,0.0004450650249771325,0.0004450370276361044
2021-07-30_02h22m33s_C44H78O2_+Cl_-H2_13,2021-07-30_02h22m33s,Cholesteryl ester 17:0,C44H78O2,+Cl,-H2,13,0.34871343913802155,0.9303712585293702,0.005649717514124294,0.005649717514124294,0.007086438980976749,0.008594783026806106,0.0062016053298368096,0.0062016053298368096,0.3476943584177557,127,0.3782652020454407,-0.02935725450515747,66.95294189453125,5.01825475692749,0.5897858738899231,0.4055744707584381,0.40762245655059814,0.9257083059961526,0.6402746219282828,1.7884998726458434e-07,4.0026435499385116e-09,3.165644739056006e-05,2.3727129701001104e-06,2.5541348236401973e-07,1.7444268962663045e-07,1.7484734371464583e-07,0.000178818721286161,0.00017880431823100323
2021-07-30_02h22m33s_C44H78O2_-H_-CO2_13,2021-07-30_02h22m33s,Cholesteryl ester 17:0,C44H78O2,-H,-CO2,13,0.0,0.0,0.0,0.0,0.0010568472577594838,0.0016227912008654887,0.0007264737672094548,0.0007264737672094548,0.0,32,0.0,-0.042246270924806595,0.0,0.0,0.11569558084011078,0.04414230212569237,0.042246270924806595,0.0,0.0,0.0,-1.8439930471458865e-08,0.0,0.0,5.161420091326363e-08,1.9071963563987993e-08,1.8439930471458865e-08,0.0,0.0
2021-07-30_02h22m33s_C15H24N2O17P2_-H_+C12H14N2_163,2021-07-30_02h22m33s,Uridine diphosphate glucose,C15H24N2O17P2,-H,+C12H14N2,163,20.663434485215895,1314.4227420426726,0.21468926553672316,0.21468926553672316,0.002224941595283124,0.004207236446688304,0.0003898151921611709,0.0003898151921611709,20.711832130648993,65,38.85942077636719,38.83286666870117,6878.11767578125,106.02371215820312,0.31399595737457275,0.02856386825442314,0.026553409174084663,1410.330769991119,123.36482379092277,1.940182482940145e-05,1.9390636225580238e-05,0.0034341230057179928,5.694576975656673e-05,1.2682393446539209e-07,1.1932697496774836e-08,1.1188872939271732e-08,0.019401607747277547,0.019399364525666176
2021-07-30_02h22m33s_C15H24N2O17P2_[M]-_-CO2_163,2021-07-30_02h22m33s,Uridine diphosphate glucose,C15H24N2O17P2,[M]-,-CO2,163,0.9318149753631304,4.604440764082102,0.011299435028248588,0.011299435028248588,0.004071643119368117,0.007332612092799616,0.0021262646845154774,0.0021262646845154774,0.9266979766399756,61,0.564506471157074,0.439076691865921,99.91764831542969,5.287866592407227,1.0669046640396118,0.121600441634655,0.12542977929115295,4.4649802785551165,0.528611298523306,2.3708651042397832e-07,1.8599433815325028e-07,4.196431109448895e-05,2.253802676932537e-06,4.1272198814112926e-07,4.953233911919597e-08,5.1092165165300685e-08,0.0002370743977796905,0.000236988699976557
2021-07-30_02h22m33s_C15H24N2O17P2_+Cl_-H2O_163,2021-07-30_02h22m33s,Uridine diphosphate glucose,C15H24N2O17P2,+Cl,-H2O,163,0.8192545616541222,0.8198866284792743,0.1807909604519774,0.1807909604519774,0.2096784959394816,0.20813799735545138,0.21067739249074188,0.21067739249074188,0.8200018080010255,189,13.719685554504395,-2.9958086013793945,2428.38427734375,30.844717025756836,16.573463439941406,16.732637405395508,16.71549415588379,0.8207274459923408,0.8277604644167531,6.834478426753776e-06,-6.406121428881306e-07,0.0012097026919946074,1.590679312357679e-05,7.40728501114063e-06,7.497944807255408e-06,7.475090569641907e-06,0.00678376913804336,0.006784225733168284
2021-07-30_02h22m33s_C15H24N2O17P2_+Cl_+HCl_163,2021-07-30_02h22m33s,Uridine diphosphate glucose,C15H24N2O17P2,+Cl,+HCl,163,1.5544458163932242,18.376885964695425,0.01694915254237288,0.01694915254237288,0.004550005562353988,0.010668349561245342,0.0009036624909190779,0.0009036624909190779,1.5503994586608316,96,1.0081090927124023,0.9525555968284607,178.435302734375,7.736119747161865,1.0580953359603882,0.05385744944214821,0.05555347353219986,17.825767892725725,0.9518586839949102,4.387206331557536e-07,4.165810025824612e-07,7.765355258015916e-05,3.4677016174100572e-06,4.3851989062204666e-07,2.1463719690473226e-08,2.2139634126006058e-08,0.00043871092025649203,0.00043852832976055235
2021-07-30_02h22m33s_C15H24N2O17P2_-H_-NH3_163,2021-07-30_02h22m33s,Uridine diphosphate glucose,C15H24N2O17P2,-H,-NH3,163,0.5082377342630868,5.0617349519713075,0.005649717514124294,0.005649717514124294,0.003938146623651129,0.008714989782425773,0.0011162889593706257,0.0011162889593706257,0.5083017793070619,54,0.3331339359283447,0.26816463470458984,58.96470642089844,4.419521331787109,1.0464228391647339,0.06481418013572693,0.06496928632259369,5.049833862068784,0.3180510520412196,1.5163921318617213e-07,1.246393992460071e-07,2.684014179976657e-05,2.0117213352932595e-06,3.8983898775768466e-07,2.693965761579875e-08,2.6999806834737683e-08,0.00015163511906724796,0.00015158012134510276
2021-07-30_02h22m33s_C15H24N2O17P2_[M]-_-CH2O2_163,2021-07-30_02h22m33s,Uridine diphosphate glucose,C15H24N2O17P2,[M]-,-CH2O2,163,0.5050178300277695,5.546857577991566,0.005649717514124294,0.005649717514124294,0.002625431082434086,0.005048683736025965,0.001187164448854475,0.001187164448854475,0.5041567082033412,70,0.32418301701545715,0.2657161355018616,57.380393981933594,4.3007731437683105,0.730273962020874,0.05744444578886032,0.05846687778830528,5.45148877951031,0.44331267603126207,1.4223381583633454e-07,1.1710273639664592e-07,2.517538632673677e-05,1.8869445739255752e-06,3.271879052135773e-07,2.4687533795031413e-08,2.513107766333178e-08,0.0001422302414370909,0.0001421872938735041
2021-07-30_02h22m33s_C15H24N2O17P2_-H_-H2_163,2021-07-30_02h22m33s,Uridine diphosphate glucose,C15H24N2O17P2,-H,-H2,163,4.008865148856919,50.030678621894914,0.05649717514124294,0.05649717514124294,0.006252085882745578,0.009646592138478183,0.004093059517692294,0.004093059517692294,4.013798063570216,120,11.214889526367188,10.992137908935547,1985.035400390625,56.64509582519531,1.1915912628173828,0.2231602519750595,0.22275148332118988,50.12207901329746,9.403799839915886,4.723503025161335e-06,4.636693120119162e-06,0.0008360600331798196,2.4554374249419197e-05,4.4427505940802803e-07,8.703505471885364e-08,8.680979846076298e-08,0.004723093014408643,0.00472140542248677
2021-07-30_02h22m33s_C15H24N2O17P2_+Cl_-H2_163,2021-07-30_02h22m33s,Uridine diphosphate glucose,C15H24N2O17P2,+Cl,-H2,163,0.8150954339880946,3.3049519745871705,0.011299435028248588,0.011299435028248588,0.008477027478028702,0.01628801538646472,0.003862714176869784,0.003862714176869784,0.8165428958126545,143,0.7685388326644897,0.538407564163208,136.0313720703125,7.412765026092529,2.226412296295166,0.23154160380363464,0.23013128340244293,3.32511818110887,0.34503663014826363,3.7613637005051714e-07,2.7588816919887904e-07,6.657613994320855e-05,3.5447897062113043e-06,8.961106914284755e-07,1.0118976945250324e-07,1.0024821506249282e-07,0.00037609866683048,0.0003757996120003689
2021-07-30_02h22m33s_C15H24N2O17P2_-H_+H2_163,2021-07-30_02h22m33s,Uridine diphosphate glucose,C15H24N2O17P2,-H,+H2,163,15.885611580193672,613.5908552674337,0.1864406779661017,0.1864406779661017,0.003648904216264323,0.005920182714268542,0.0017364494923543066,0.0017364494923543066,16.060892487069445,82,63.31005096435547,63.21662521362305,11205.87890625,297.0157165527344,0.4333975613117218,0.10217958688735962,0.093424491584301,670.4833661490574,145.7421878087489,2.690418841666542e-05,2.6869558496400714e-05,0.004762041382491589,0.00012111099204048514,1.6002390168523561e-07,3.863300790385438e-08,3.462979591972726e-08,0.02690325676237416,0.026899883792306095
2021-07-30_02h22m33s_C15H24N2O17P2_[M]-_-HPO3_163,2021-07-30_02h22m33s,Uridine diphosphate glucose,C15H24N2O17P2,[M]-,-HPO3,163,5.066226660702493,85.73183750247107,0.05649717514124294,0.05649717514124294,0.0033151629769718545,0.00670152662579637,0.0011517267041125502,0.0011517267041125502,5.09978955468698,92,5.8218464851379395,5.75956392288208,1030.466796875,25.710468292236328,0.47656771540641785,0.06690763682126999,0.06228265166282654,91.99751167440105,12.190619879284457,3.305984364487813e-06,3.279329575889278e-06,0.0005851592286489904,1.4694698620587587e-05,1.8929881662188563e-07,2.9161114412090683e-08,2.6654813467530403e-08,0.0033058962464400207,0.0033053586640042058
2021-07-30_02h22m33s_C15H24N2O17P2_-H_-H2O_163,2021-07-30_02h22m33s,Uridine diphosphate glucose,C15H24N2O17P2,-H,-H2O,163,6.897103771244489,58.63398323832094,0.10734463276836158,0.10734463276836158,0.00980086772722216,0.016468325519894217,0.005563725924482166,0.005563725924482166,6.949445343124376,165,18.49606704711914,18.188152313232422,3273.803955078125,71.93885803222656,1.0110822916030884,0.31444960832595825,0.307914137840271,59.87445953892479,18.275260026358417,7.865587576816324e-06,7.741082299617119e-06,0.0013922089710831642,3.085074422415346e-05,3.845327967155754e-07,1.274683967267265e-07,1.2450490771698242e-07,0.00786460839447394,0.007862564163029358
2021-07-30_02h22m33s_C15H24N2O17P2_[M]-_+HCl_163,2021-07-30_02h22m33s,Uridine diphosphate glucose,C15H24N2O17P2,[M]-,+HCl,163,1.4618019194551986,21.94450267329527,0.01694915254237288,0.01694915254237288,0.003126042941372789,0.005649717514124294,0.001594698513386608,0.001594698513386608,1.4670103651143573,87,2.1666555404663086,2.0711560249328613,383.498046875,17.493106842041016,0.4434783160686493,0.09773340821266174,0.09549953043460846,22.452498273393278,4.874603466891443,1.0537654588915757e-06,1.0108853985002497e-06,0.00018651648133527488,8.964017069956753e-06,1.7478622282851575e-07,4.375983309046205e-08,4.2880014206048145e-08,0.0010537202753511995,0.0010535813073944136
2021-07-30_02h22m33s_C15H24N2O17P2_+Cl__163,2021-07-30_02h22m33s,Uridine diphosphate glucose,C15H24N2O17P2,+Cl,,163,0.5458660682583577,5.111239801341943,0.01694915254237288,0.01694915254237288,0.02575369896540216,0.033778098329126094,0.021050020376703227,0.021050020376703227,0.5403731235233663,187,6.773767948150635,5.4292497634887695,1198.9569091796875,80.3650894165039,3.0472378730773926,1.3242690563201904,1.3445181846618652,5.03431913843135,2.2221913873513026,3.7735392197646433e-06,3.1792401387065183e-06,0.000667916436214,4.598055238602683e-05,1.3006660992687102e-06,5.864366130481358e-07,5.942991379015439e-07,0.0037712979406497454,0.0037686374807529943
2021-07-30_02h22m33s_C15H24N2O17P2_-H_+HCl_163,2021-07-30_02h22m33s,Uridine diphosphate glucose,C15H24N2O17P2,-H,+HCl,163,0.5458660682583577,5.111239801341943,0.01694915254237288,0.01694915254237288,0.02575369896540216,0.033778098329126094,0.021050020376703227,0.021050020376703227,0.5403731235233663,187,6.773767948150635,5.4292497634887695,1198.9569091796875,80.3650894165039,3.0472378730773926,1.3242690563201904,1.3445181846618652,5.03431913843135,2.2221913873513026,3.7735392197646433e-06,3.1792401387065183e-06,0.000667916436214,4.598055238602683e-05,1.3006660992687102e-06,5.864366130481358e-07,5.942991379015439e-07,0.0037712979406497454,0.0037686374807529943
2021-07-30_02h22m33s_C15H24N2O17P2_+Cl_+C12H14N2_163,2021-07-30_02h22m33s,Uridine diphosphate glucose,C15H24N2O17P2,+Cl,+C12H14N2,163,0.0,0.0,0.0,0.0,0.002224941595283124,0.005048683736025965,0.000567003915870794,0.000567003915870794,0.0,62,0.0,-0.03521885722875595,0.0,0.0,0.4590851664543152,0.03414364159107208,0.03521885722875595,0.0,0.0,0.0,-1.5169497658007458e-08,0.0,0.0,1.8244485033847013e-07,1.470637922551532e-08,1.5169497658007458e-08,0.0,0.0
2021-07-30_02h22m33s_C15H24N2O17P2_-H_-HPO3_163,2021-07-30_02h22m33s,Uridine diphosphate glucose,C15H24N2O17P2,-H,-HPO3,163,32.17073246552368,588.9704709952907,0.4858757062146893,0.4745762711864407,0.011158082100344866,0.01890251232119245,0.005103035242837146,0.005103035242837146,36.40973428360385,97,293.6976013183594,293.5411682128906,51984.4765625,691.7760620117188,1.879043698310852,0.4976626932621002,0.1564413160085678,1865.4417326032553,156.21849725207747,0.0001528592692920938,0.000152793902088888,0.027056090533733368,0.0003505572094582021,7.719505674685934e-07,2.552739601924259e-07,6.53728164934364e-08,0.1528492771043505,0.15274136051217052
2021-07-30_02h22m33s_C15H24N2O17P2_[M]-_+H2_163,2021-07-30_02h22m33s,Uridine diphosphate glucose,C15H24N2O17P2,[M]-,+H2,163,4.3427905047194475,122.92775649885566,0.04519774011299435,0.04519774011299435,0.0012682167093113806,0.0024942901791080658,0.0004075340645321332,0.0004075340645321332,4.345062994241088,41,2.9909164905548096,2.967796802520752,529.3922119140625,13.992446899414062,0.1654549390077591,0.0233306847512722,0.02311965450644493,124.00328909170804,17.96832529202027,1.2842555179304327e-06,1.2757576541844173e-06,0.00022731322678737342,6.302156634774292e-06,6.066466795573433e-08,8.83161721532133e-09,8.497873515977972e-09,0.0012842446045822193,0.0012841776137219
2021-07-30_02h22m33s_C15H24N2O17P2_[M]-_-H2_163,2021-07-30_02h22m33s,Uridine diphosphate glucose,C15H24N2O17P2,[M]-,-H2,163,3.144663024257929,86.93452957147291,0.03389830508474576,0.03389830508474576,0.001868950940037824,0.0035460992907801418,0.0007796303843223418,0.0007796303843223418,3.1588920264447657,47,3.7578155994415283,3.718160629272461,665.1333618164062,21.64287567138672,0.34300917387008667,0.04222581163048744,0.03965505212545395,92.43170044022096,10.92359124370517,1.5875870076342835e-06,1.5715281733719166e-06,0.00028100289637222886,9.184720511257183e-06,1.3685769317817176e-07,1.7006078323333895e-08,1.605881116972796e-08,0.0015875615132837212,0.0015873697638701795
2021-07-30_02h22m33s_C15H24N2O17P2_[M]-__163,2021-07-30_02h22m33s,Uridine diphosphate glucose,C15H24N2O17P2,[M]-,,163,2.436336532425331,33.75937969404093,0.02824858757062147,0.02824858757062147,0.002480809878740683,0.0038466161798293066,0.001594698513386608,0.001594698513386608,2.4527775102976848,57,3.2662012577056885,3.1749141216278076,578.1176147460938,22.826156616210938,0.31768524646759033,0.09574944525957108,0.09128709882497787,35.39174271693194,10.24898797138968,1.3766103847956401e-06,1.3386363661993528e-06,0.00024366004799958318,9.263158062822185e-06,1.224007490918666e-07,4.1026684272083e-08,3.797398662186424e-08,0.0013765581113963337,0.0013764419072751083
2021-07-30_02h22m33s_C15H24N2O17P2_+Cl_-CO2_163,2021-07-30_02h22m33s,Uridine diphosphate glucose,C15H24N2O17P2,+Cl,-CO2,163,0.3727662968594091,0.7824747871834649,0.005649717514124294,0.005649717514124294,0.008321281566358883,0.013703570140641904,0.005156191859950033,0.005156191859950033,0.3728183950452235,149,0.30202728509902954,-0.08421647548675537,53.45882797241211,4.006844997406006,0.9529722929000854,0.38498979806900024,0.3862437605857849,0.7799409979960733,0.31659964062568685,1.8547351032793813e-07,3.8937287172302604e-08,3.2828811526997015e-05,2.4605842554592527e-06,3.6466261121859134e-07,1.4577641138657782e-07,1.4653622315563553e-07,0.00018544633572230334,0.00018540589972840783
2021-07-30_02h22m33s_C15H24N2O17P2_+Cl_-NH3_163,2021-07-30_02h22m33s,Uridine diphosphate glucose,C15H24N2O17P2,+Cl,-NH3,163,0.0,0.0,0.0,0.0,0.004561130270330404,0.009346075249429018,0.0017541683647252688,0.0017541683647252688,0.0,88,0.0,-0.10732816904783249,0.0,0.0,0.8917649984359741,0.10948700457811356,0.10732816904783249,0.0,0.0,0.0,-4.720433821603365e-08,0.0,0.0,3.5333610526322445e-07,4.827713695476632e-08,4.720433821603365e-08,0.0,0.0
2021-07-30_02h22m33s_C15H24N2O17P2_[M]-_-H3PO4_163,2021-07-30_02h22m33s,Uridine diphosphate glucose,C15H24N2O17P2,[M]-,-H3PO4,163,0.7392856467340533,0.6414855386597748,0.15819209039548024,0.15819209039548024,0.19704082767827344,0.18547902392114438,0.20397965873451815,0.20397965873451815,0.7336175052930637,189,10.098592758178711,-5.792403221130371,1787.450927734375,23.786808013916016,13.93593692779541,15.741510391235352,15.890995979309082,0.6354515047277124,0.7245919824777552,4.6027575990592595e-06,-2.1137643670954276e-06,0.0008146881009452045,1.0964488865283784e-05,5.7433862821199e-06,6.660090093646431e-06,6.716521966154687e-06,0.004572049329308615,0.004576473145972193
2021-07-30_02h22m33s_C15H24N2O17P2_[M]-_-NH3_163,2021-07-30_02h22m33s,Uridine diphosphate glucose,C15H24N2O17P2,[M]-,-NH3,163,0.46933645486941256,3.0469261516175163,0.005649717514124294,0.005649717514124294,0.004472132606519079,0.008594783026806106,0.002037670322660666,0.002037670322660666,0.46968524032545755,113,0.3594549894332886,0.24258974194526672,63.623531341552734,4.768709182739258,0.5572667121887207,0.11697299033403397,0.11686524748802185,3.0497114042866493,0.6438768093910204,1.8546407432040724e-07,1.4003266812778747e-07,3.282714169472456e-05,2.460459199937759e-06,2.058783223901628e-07,4.5819572136451825e-08,4.543140263990608e-08,0.0001854556488101543,0.00018542589914736309
2021-07-30_02h22m33s_C15H24N2O17P2_[M]-_-CH2O3_163,2021-07-30_02h22m33s,Uridine diphosphate glucose,C15H24N2O17P2,[M]-,-CH2O3,163,0.0,0.0,0.0,0.0,0.0029702970297029703,0.005108787113835798,0.0017187306199833443,0.0017187306199833443,0.0,82,0.0,-0.09821087121963501,0.0,0.0,0.33007514476776123,0.0982225090265274,0.09821087121963501,0.0,0.0,0.0,-4.233411132759102e-08,0.0,0.0,1.3069380599972646e-07,4.246699347731919e-08,4.233411132759102e-08,0.0,0.0
2021-07-30_02h22m33s_C15H24N2O17P2_+Cl_-CH2O2_163,2021-07-30_02h22m33s,Uridine diphosphate glucose,C15H24N2O17P2,+Cl,-CH2O2,163,0.3109639518853027,0.6080432093923868,0.005649717514124294,0.005649717514124294,0.011836689286906218,0.018091116720759706,0.008168400163013626,0.008168400163013626,0.3112538454475669,169,0.27916252613067627,-0.177275151014328,49.411766052246094,3.7035088539123535,1.5301966667175293,0.4581162631511688,0.4564376771450043,0.6102744484735215,0.1823165712142811,9.508315201856021e-08,-7.988572292561003e-08,1.6829717424116097e-05,1.2614206070793443e-06,5.721989282392315e-07,1.7595370138678845e-07,1.7496887494417024e-07,9.506651833680196e-05,9.502877665440668e-05
2021-07-30_02h22m33s_C15H24N2O17P2_+Cl_+H2_163,2021-07-30_02h22m33s,Uridine diphosphate glucose,C15H24N2O17P2,+Cl,+H2,163,0.7202708638075218,2.0819967316586343,0.011299435028248588,0.011299435028248588,0.008132161530759817,0.012261089073205915,0.005687758031078902,0.005687758031078902,0.7187635595782004,165,0.7676526308059692,0.39805182814598083,135.87451171875,7.198719501495361,0.8642706274986267,0.36770981550216675,0.3696008026599884,2.071373362648273,0.8871821213036468,3.0101060133347346e-07,1.4116811541953211e-07,5.3278876293916255e-05,2.8350782486086246e-06,3.6946087789146986e-07,1.5919702889277687e-07,1.5984248591394135e-07,0.00030096249474014734,0.00030089943076562573
2021-07-30_02h22m33s_C15H24N2O17P2_+Cl_-HPO3_163,2021-07-30_02h22m33s,Uridine diphosphate glucose,C15H24N2O17P2,+Cl,-HPO3,163,0.7707630379265208,2.174401581156492,0.011299435028248588,0.011299435028248588,0.006852820113472022,0.010548142805625675,0.004660063433563088,0.004660063433563088,0.7678630898174147,143,0.6000664830207825,0.3213968575000763,106.2117691040039,5.621396541595459,0.7029818892478943,0.27496856451034546,0.2786696255207062,2.1456262255993717,0.8523890915174951,2.6541812303548795e-07,1.4863590536151605e-07,4.697900658356957e-05,2.5457532046857523e-06,2.73162640951341e-07,1.1518055487158563e-07,1.167822176739719e-07,0.0002653871305378416,0.00026534564051955867
2021-07-30_02h22m33s_C15H24N2O17P2_-H_-CO2_163,2021-07-30_02h22m33s,Uridine diphosphate glucose,C15H24N2O17P2,-H,-CO2,163,0.7707630379265208,2.174401581156492,0.011299435028248588,0.011299435028248588,0.006852820113472022,0.010548142805625675,0.004660063433563088,0.004660063433563088,0.7678630898174147,143,0.6000664830207825,0.3213968575000763,106.2117691040039,5.621396541595459,0.7029818892478943,0.27496856451034546,0.2786696255207062,2.1456262255993717,0.8523890915174951,2.6541812303548795e-07,1.4863590536151605e-07,4.697900658356957e-05,2.5457532046857523e-06,2.73162640951341e-07,1.1518055487158563e-07,1.167822176739719e-07,0.0002653871305378416,0.00026534564051955867
2021-07-30_02h22m33s_C4H4O5_-H_+H2_105,2021-07-30_02h22m33s,Oxalacetic acid,C4H4O5,-H,+H2,105,1.1372417774582424,1.3327977011830998,0.7909604519774012,0.751412429378531,0.7267104238513739,0.7962495492246664,0.6855077342877899,0.6855077342877899,1.1340987296464813,189,374.6953125,92.92233276367188,66321.0703125,222.21041870117188,367.8348693847656,281.1334228515625,281.7729797363281,1.3297725817359844,1.0186481082628167,0.00016245609731413424,2.8675873181782663e-05,0.02875472977757454,0.0001014333829516545,0.00017100415425375104,0.00013317802222445607,0.00013378022413235158,0.14328711495956553,0.13873229802302714
2021-07-30_02h22m33s_C4H4O5_+Cl_+H2_105,2021-07-30_02h22m33s,Oxalacetic acid,C4H4O5,+Cl,+H2,105,0.0,0.0,0.0,0.0,0.020324841472911335,0.039157350643106145,0.00928468912238425,0.00928468912238425,0.0,16,0.0,-1.2174760103225708,0.0,0.0,51.240142822265625,1.3123047351837158,1.2174760103225708,0.0,0.0,0.0,-5.746531996919657e-07,0.0,0.0,2.169354229408782e-05,6.215029202394362e-07,5.746531996919657e-07,0.0,0.0
2021-07-30_02h22m33s_C4H4O5_+Cl_+C12H14N2_105,2021-07-30_02h22m33s,Oxalacetic acid,C4H4O5,+Cl,+C12H14N2,105,2.055883573641857,2.4424272141221164,0.2655367231638418,0.2655367231638418,0.15917232172655468,0.22646952758745043,0.11915941669472155,0.11915941669472155,2.0567338075284165,189,18.461946487426758,10.90909194946289,3267.7646484375,32.23765182495117,17.720874786376953,7.557852268218994,7.552854537963867,2.44404315633051,1.04176035041274,7.825337888789363e-06,4.244420779286884e-06,0.0013850848190486431,1.3916295756644104e-05,7.88745910540456e-06,3.5764780932368012e-06,3.580916882128804e-06,0.007797415990232957,0.007764098876411351
2021-07-30_02h22m33s_C4H4O5_-H_+HCl_105,2021-07-30_02h22m33s,Oxalacetic acid,C4H4O5,-H,+HCl,105,0.5824262023989103,0.7661303517874369,0.01694915254237288,0.0,0.023984870397152074,0.03230556557278519,0.019100944415897374,0.019100944415897374,0.5940055466421444,6,1.7092722654342651,-0.46397411823272705,302.54119873046875,13.01742935180664,22.338733673095703,2.230046272277832,2.173246383666992,0.7861446974337282,0.0765126518716194,6.571431754309742e-07,-3.770455236917769e-07,0.00011631433881120756,5.036450602347031e-06,9.600694284017663e-06,1.0594043260425678e-06,1.0341886991227511e-06,0.0006564642675041436,0.0006508941397836527
2021-07-30_02h22m33s_C4H4O5_+Cl__105,2021-07-30_02h22m33s,Oxalacetic acid,C4H4O5,+Cl,,105,0.5824262023989103,0.7661303517874369,0.01694915254237288,0.0,0.023984870397152074,0.03230556557278519,0.019100944415897374,0.019100944415897374,0.5940055466421444,6,1.7092722654342651,-0.46397411823272705,302.54119873046875,13.01742935180664,22.338733673095703,2.230046272277832,2.173246383666992,0.7861446974337282,0.0765126518716194,6.571431754309742e-07,-3.770455236917769e-07,0.00011631433881120756,5.036450602347031e-06,9.600694284017663e-06,1.0594043260425678e-06,1.0341886991227511e-06,0.0006564642675041436,0.0006508941397836527
2021-07-30_02h22m33s_C4H4O5_-H_-H2O_105,2021-07-30_02h22m33s,Oxalacetic acid,C4H4O5,-H,-H2O,105,0.7581601762990748,0.9526873905200154,0.03389830508474576,0.03389830508474576,0.036077427967515854,0.03840605842048323,0.03471127097471517,0.03471127097471517,0.7591890533863646,187,2.1423728466033936,-0.10294127464294434,379.20001220703125,11.493330001831055,2.8068928718566895,2.247767925262451,2.245314121246338,0.953728076736982,0.7629824015282934,8.302125706904917e-07,-1.763237378327176e-07,0.00014694762649014592,4.450996584637323e-06,1.1985321179963648e-06,1.005754825200711e-06,1.0065363085232093e-06,0.000829377771849643,0.0008292187254152375
2021-07-30_02h22m33s_C4H4O5_+Cl_-CH2O2_105,2021-07-30_02h22m33s,Oxalacetic acid,C4H4O5,+Cl,-CH2O2,105,0.0,0.0,0.0,0.0,0.006474580042273891,0.012140882317586248,0.0031539592820312916,0.0031539592820312916,0.0,50,0.0,-0.2953038811683655,0.0,0.0,1.48520028591156,0.2915884554386139,0.2953038811683655,0.0,0.0,0.0,-1.381229850494492e-07,0.0,0.0,6.446560405493074e-07,1.361956947221188e-07,1.381229850494492e-07,0.0,0.0
2021-07-30_02h22m33s_C4H4O5_-H_+C12H14N2_105,2021-07-30_02h22m33s,Oxalacetic acid,C4H4O5,-H,+C12H14N2,105,1.1018119827251085,1.2083075029832517,0.23728813559322035,0.23728813559322035,0.20935587940816552,0.21598148815963458,0.2053617307794532,0.2053617307794532,1.0980213768511717,189,21.619319915771484,3.6993160247802734,3826.61962890625,41.028076171875,20.077205657958984,17.891233444213867,17.92000389099121,1.2063676815917324,1.0767555768710637,9.795588994165882e-06,1.1220326996408403e-06,0.00173381925560534,1.9272107238066383e-05,9.376381058245897e-06,8.64879802975338e-06,8.673556294525042e-06,0.009711356992594386,0.00970459501330518
2021-07-30_02h22m33s_C4H4O5_[M]-_+H2_105,2021-07-30_02h22m33s,Oxalacetic acid,C4H4O5,[M]-,+H2,105,0.9348502299930008,0.5680263284226722,0.02824858757062147,0.02824858757062147,0.027667148737345645,0.04029931482149297,0.020217233375268,0.020217233375268,0.9252007123213335,186,4.092832565307617,-3.2412729263305664,724.4313354492188,26.769880294799805,10.725958824157715,7.204357147216797,7.334105491638184,0.557978691645721,0.3815464040087791,1.380678327222995e-06,-1.925473497976782e-06,0.00024438006221316755,9.27066048461711e-06,4.54701103080879e-06,3.2416680824098876e-06,3.3061519388866145e-06,0.001376128636862076,0.001374428784379361
2021-07-30_02h22m33s_C4H4O5_+Cl_+HCl_105,2021-07-30_02h22m33s,Oxalacetic acid,C4H4O5,+Cl,+HCl,105,1.2065246953715945,2.5781359289405756,0.02824858757062147,0.02824858757062147,0.01660918900878852,0.02196778458949393,0.01341318638481847,0.01341318638481847,1.2247693835027003,179,2.099302053451538,1.3078160285949707,371.57647705078125,13.264240264892578,1.5252370834350586,0.8132712841033936,0.7914860844612122,2.649008095680054,1.375475721456524,8.453299642496859e-07,4.991183573110902e-07,0.00014962340355850756,5.186692305869656e-06,6.511164656330948e-07,3.558409389370354e-07,3.4621160693859565e-07,0.0008450374024926456,0.0008447799141377547
2021-07-30_02h22m33s_C4H4O5_-H_-CH2O3_105,2021-07-30_02h22m33s,Oxalacetic acid,C4H4O5,-H,-CH2O3,105,0.0,0.0,0.0,0.0,6.674824785849372e-05,9.015506671474937e-05,5.315661711288694e-05,5.315661711288694e-05,0.0,3,0.0,-0.0031462330371141434,0.0,0.0,0.004931305535137653,0.003068074816837907,0.0031462330371141434,0.0,0.0,0.0,-1.399315441297233e-09,0.0,0.0,2.601172166549759e-09,1.364553803284707e-09,1.399315441297233e-09,0.0,0.0
2021-07-30_02h22m33s_C4H4O5_[M]-_-H2_105,2021-07-30_02h22m33s,Oxalacetic acid,C4H4O5,[M]-,-H2,105,0.0,0.0,0.0,0.0,0.00032261653131605296,0.0004808270224786633,0.00023034534082251004,0.00023034534082251004,0.0,14,0.0,-0.012268485501408577,0.0,0.0,0.027034854516386986,0.012886274605989456,0.012268485501408577,0.0,0.0,0.0,-5.595546692660491e-09,0.0,0.0,1.0320988508283335e-08,5.872441199983314e-09,5.595546692660491e-09,0.0,0.0
2021-07-30_02h22m33s_C4H4O5_+Cl_-H2_105,2021-07-30_02h22m33s,Oxalacetic acid,C4H4O5,+Cl,-H2,105,1.0346159201279517,12.712238639854665,0.011299435028248588,0.011299435028248588,0.0012904661252642119,0.0018632047121048202,0.0009213813632900402,0.0009213813632900402,1.0341139216424062,48,0.6763044595718384,0.6236832141876221,119.70588684082031,6.329674243927002,0.1127479299902916,0.0522010512650013,0.0526212714612484,12.612615127199984,5.945641908644501,3.019617054178525e-07,2.8024538778481656e-07,5.344722012523562e-05,2.825851879606489e-06,4.726306457314422e-08,2.1466368238520772e-08,2.1716306974894906e-08,0.0003019551480671644,0.00030194743445676007
2021-07-30_02h22m33s_C4H4O5_[M]-_-CO2_105,2021-07-30_02h22m33s,Oxalacetic acid,C4H4O5,[M]-,-CO2,105,0.0,0.0,0.0,0.0,0.00010012237178774057,0.00012020675561966583,8.859436185481156e-05,8.859436185481156e-05,0.0,4,0.0,-0.005017983261495829,0.0,0.0,0.006346916779875755,0.004893327131867409,0.005017983261495829,0.0,0.0,0.0,-1.8994719130915882e-09,0.0,0.0,2.5647248769189446e-09,1.8522855471658772e-09,1.8994719130915882e-09,0.0,0.0
2021-07-30_02h22m33s_C4H4O5_[M]-__105,2021-07-30_02h22m33s,Oxalacetic acid,C4H4O5,[M]-,,105,0.0,0.0,0.0,0.0,0.0012348425853821337,0.0016227912008654887,0.0010099757251448517,0.0010099757251448517,0.0,27,0.0,-0.049772247672080994,0.0,0.0,0.11472673714160919,0.056370340287685394,0.049772247672080994,0.0,0.0,0.0,-2.26773231304378e-08,0.0,0.0,4.785054841249803e-08,2.5561954331010384e-08,2.26773231304378e-08,0.0,0.0
2021-07-30_02h22m33s_C4H4O5_[M]-_-CH2O2_105,2021-07-30_02h22m33s,Oxalacetic acid,C4H4O5,[M]-,-CH2O2,105,0.0,0.0,0.0,0.0,7.787295583490934e-05,6.0103377809832915e-05,8.859436185481156e-05,8.859436185481156e-05,0.0,2,0.0,-0.005077196750789881,0.0,0.0,0.003103455761447549,0.004951069597154856,0.005077196750789881,0.0,0.0,0.0,-2.239938456938262e-09,0.0,0.0,1.4448340301953522e-09,2.184294078944049e-09,2.239938456938262e-09,0.0,0.0
2021-07-30_02h22m33s_C4H4O5_[M]-_+HCl_105,2021-07-30_02h22m33s,Oxalacetic acid,C4H4O5,[M]-,+HCl,105,0.5764593321766082,0.7887578975709304,0.01694915254237288,0.01694915254237288,0.019479363666703747,0.019623752854910446,0.01940216524620373,0.01940216524620373,0.579250852404441,182,0.9587681889533997,-0.2485482096672058,169.70196533203125,7.326083660125732,1.2299485206604004,1.2145417928695679,1.2073163986206055,0.7934744492815905,0.7788856908809016,4.6503299699907075e-07,-1.2960219919477822e-07,8.231084211729467e-05,3.5976006529381266e-06,6.061350745767413e-07,5.975491603749106e-07,5.94635196193849e-07,0.0004647566363454351,0.0004647512949382537
2021-07-30_02h22m33s_C4H4O5_-H_-H2_105,2021-07-30_02h22m33s,Oxalacetic acid,C4H4O5,-H,-H2,105,0.0,0.0,0.0,0.0,0.0012348425853821337,0.0022238249789638177,0.0006555982777256055,0.0006555982777256055,0.0,29,0.0,-0.03511633351445198,0.0,0.0,0.3395480811595917,0.0360814593732357,0.03511633351445198,0.0,0.0,0.0,-1.5853775181540186e-08,0.0,0.0,1.4738161269178818e-07,1.6236738176189647e-08,1.5853775181540186e-08,0.0,0.0
2021-07-30_02h22m33s_C4H4O5_+Cl_-CO2_105,2021-07-30_02h22m33s,Oxalacetic acid,C4H4O5,+Cl,-CO2,105,0.0,0.0,0.0,0.0,0.006218711758816331,0.011720158672917418,0.002994489430692631,0.002994489430692631,0.0,90,0.0,-0.173746719956398,0.0,0.0,1.2086021900177002,0.17748890817165375,0.173746719956398,0.0,0.0,0.0,-7.942634994151376e-08,0.0,0.0,5.27662280092045e-07,8.129661921429943e-08,7.942634994151376e-08,0.0,0.0
2021-07-30_02h22m33s_C4H4O5_[M]-_-CH2O3_105,2021-07-30_02h22m33s,Oxalacetic acid,C4H4O5,[M]-,-CH2O3,105,0.0,0.0,0.0,0.0,4.4498831905662474e-05,0.0,7.087548948384925e-05,7.087548948384925e-05,0.0,0,0.0,-0.004420858807861805,0.0,0.0,0.0,0.004311036318540573,0.004420858807861805,0.0,0.0,0.0,-2.188864201002616e-09,0.0,0.0,0.0,2.1344888079255497e-09,2.188864201002616e-09,0.0,0.0
2021-07-30_02h22m33s_C4H4O5_-H_-CH2O2_105,2021-07-30_02h22m33s,Oxalacetic acid,C4H4O5,-H,-CH2O2,105,0.5580501379922516,44.43666107583854,0.005649717514124294,0.005649717514124294,0.00013349649571698743,0.00012020675561966583,0.00012403210659673618,0.00012403210659673618,0.5578760265359838,5,0.33986929059028625,0.33305153250694275,60.156864166259766,4.508875370025635,0.00664142332971096,0.006648398470133543,0.006817764602601528,43.47397342677566,44.477223146220055,1.137256049332791e-07,1.1075569261720375e-07,2.0129431504756212e-05,1.5087407518876716e-06,2.8041944322154677e-09,2.8961364417767754e-09,2.969914536521401e-09,0.00011372526717895493,0.00011372528602546522
2021-07-30_02h22m33s_C4H4O5_+Cl_-CH2O3_105,2021-07-30_02h22m33s,Oxalacetic acid,C4H4O5,+Cl,-CH2O3,105,0.0,0.0,0.0,0.0,0.000233618867504728,0.00027046520014424813,0.00021262646845154776,0.00021262646845154776,0.0,9,0.0,-0.009226285852491856,0.0,0.0,0.015259304083883762,0.011873520910739899,0.009226285852491856,0.0,0.0,0.0,-4.305566569939856e-09,0.0,0.0,6.157403475981482e-09,5.296807437105144e-09,4.305566569939856e-09,0.0,0.0
2021-07-30_02h22m33s_C40H76NO10P_+Cl_-H2O_49,2021-07-30_02h22m33s,PS (POPS) 16:0-18:1,C40H76NO10P,+Cl,-H2O,49,0.0,0.0,0.0,0.0,0.01726554677939704,0.0328765476619786,0.008115243545900739,0.008115243545900739,0.0,173,0.0,-0.5356756448745728,0.0,0.0,3.822582960128784,0.5363489389419556,0.5356756448745728,0.0,0.0,0.0,-2.3083302380655368e-07,0.0,0.0,1.5223496347971377e-06,2.3111988411983475e-07,2.3083302380655368e-07,0.0,0.0
2021-07-30_02h22m33s_C40H76NO10P_+Cl_-H2_49,2021-07-30_02h22m33s,PS (POPS) 16:0-18:1,C40H76NO10P,+Cl,-H2,49,1.2589255405001414,2.303304930935398,0.02824858757062147,0.02824858757062147,0.02257203248414729,0.03972833273229955,0.012438648404415543,0.012438648404415543,1.251387303858939,186,1.8364906311035156,1.0316885709762573,325.058837890625,10.854598999023438,3.6554338932037354,0.7963284850120544,0.8048020601272583,2.2790840604372287,0.5022627742612895,7.039071192593838e-07,3.6325903352008027e-07,0.0001245915627805516,4.144182639720384e-06,1.5779867226228816e-06,3.3707081570355513e-07,3.406480857393035e-07,0.0007036674163010237,0.0007027981131681201
2021-07-30_02h22m33s_C40H76NO10P_+Cl_-CO2_49,2021-07-30_02h22m33s,PS (POPS) 16:0-18:1,C40H76NO10P,+Cl,-CO2,49,0.8764757342000407,1.753279657010516,0.01694915254237288,0.01694915254237288,0.018099899877628212,0.03296670272869335,0.009337845739497138,0.009337845739497138,0.878050181361596,179,1.0616151094436646,0.45837074518203735,187.9058837890625,8.085020065307617,3.2710888385772705,0.6045024394989014,0.6032443642616272,1.7569300968837895,0.324445686476307,3.707723692514264e-07,1.1473309768916806e-07,6.562670751009136e-05,2.843233460225747e-06,1.4003323940414703e-06,2.564086685197253e-07,2.5603927156225836e-07,0.0003706774612642598,0.0003702538907342114
2021-07-30_02h22m33s_C40H76NO10P_+Cl_+H2_49,2021-07-30_02h22m33s,PS (POPS) 16:0-18:1,C40H76NO10P,+Cl,+H2,49,0.4420104902402828,1.65608825281943,0.005649717514124294,0.005649717514124294,0.011658693959283569,0.026746003125375645,0.002781862962241083,0.002781862962241083,0.4427026459597501,142,0.30840811133384705,0.12317410111427307,54.58823776245117,4.091495990753174,4.854147434234619,0.18522685766220093,0.18523401021957397,1.6560246486140051,0.06352188383800655,1.2684593286849122e-07,4.548682852600905e-08,2.2451729819294997e-05,1.6828015532155405e-06,1.895102514026803e-06,8.12032112662564e-08,8.135910434248217e-08,0.00012683561363656702,0.00012660600151672598
2021-07-30_02h22m33s_C40H76NO10P_+Cl_-CH2O2_49,2021-07-30_02h22m33s,PS (POPS) 16:0-18:1,C40H76NO10P,+Cl,-CH2O2,49,1.197814578646447,1.9350513770068267,0.03954802259887006,0.03954802259887006,0.03130492824563355,0.04531794686861402,0.023016815209880043,0.023016815209880043,1.1956631547388215,189,3.016018867492676,1.4536237716674805,533.8353271484375,15.857876777648926,3.9309511184692383,1.5576246976852417,1.5623950958251953,1.9291469415162474,0.7670540087148522,1.2153682291682344e-06,5.445002670967369e-07,0.00021512017701752484,6.2812182477500755e-06,1.6739053307901486e-06,6.689051588182338e-07,6.708679620714975e-07,0.0012145534241877227,0.0012133372175317618
2021-07-30_02h22m33s_C40H76NO10P_-H_-CH2O2_49,2021-07-30_02h22m33s,PS (POPS) 16:0-18:1,C40H76NO10P,-H,-CH2O2,49,0.9559045274326069,1.5146911300722596,0.03389830508474576,0.03389830508474576,0.035465569028812996,0.052440197139079214,0.02546201959707284,0.02546201959707284,0.9536091294190624,188,2.6206936836242676,0.8833526372909546,463.8627624511719,14.653972625732422,4.8150315284729,1.729183554649353,1.737341046333313,1.507583157604259,0.5441604084463406,1.1307760132694966e-06,3.844153866339184e-07,0.0002001473621930927,6.381628736562561e-06,2.044077973550884e-06,7.421934355988924e-07,7.463606266355782e-07,0.0011299326760093743,0.001128469333960121
2021-07-30_02h22m33s_C40H76NO10P_-H_-H2O_49,2021-07-30_02h22m33s,PS (POPS) 16:0-18:1,C40H76NO10P,-H,-H2O,49,0.0,0.0,0.0,0.0,0.015318722883524307,0.02644548623632648,0.00880627956836827,0.00880627956836827,0.0,170,0.0,-0.5812949538230896,0.0,0.0,2.3541676998138428,0.5843039751052856,0.5812949538230896,0.0,0.0,0.0,-2.4526596575924486e-07,0.0,0.0,9.900841178023256e-07,2.4714407231840596e-07,2.4526596575924486e-07,0.0,0.0
2021-07-30_02h22m33s_C40H76NO10P_[M]-_-H2O_49,2021-07-30_02h22m33s,PS (POPS) 16:0-18:1,C40H76NO10P,[M]-,-H2O,49,0.0,0.0,0.0,0.0,0.0020024474357548112,0.00465801178026205,0.00044297180927405777,0.00044297180927405777,0.0,47,0.0,-0.02913311868906021,0.0,0.0,0.4268640875816345,0.02840939722955227,0.02913311868906021,0.0,0.0,0.0,-1.2920666314641949e-08,0.0,0.0,1.9365462833320635e-07,1.2599692844617039e-08,1.2920666314641949e-08,0.0,0.0
2021-07-30_02h22m33s_C40H76NO10P_+Cl_-HPO3_49,2021-07-30_02h22m33s,PS (POPS) 16:0-18:1,C40H76NO10P,+Cl,-HPO3,49,0.7681495265383806,1.21846083737012,0.022598870056497175,0.022598870056497175,0.026955167426855046,0.039758384421204475,0.019419884118574694,0.019419884118574694,0.7680420005306585,188,1.5725047588348389,0.28066933155059814,278.3333435058594,10.897019386291504,3.363565683364868,1.2895665168762207,1.2918354272842407,1.2163224534603587,0.4673722871898856,7.009491582721239e-07,1.514779341960093e-07,0.0001240679994225502,4.698450993601e-06,1.438014692212164e-06,5.486405143528827e-07,5.494712240761146e-07,0.0007005642183934992,0.0006999426304857797
2021-07-30_02h22m33s_C40H76NO10P_-H_-CO2_49,2021-07-30_02h22m33s,PS (POPS) 16:0-18:1,C40H76NO10P,-H,-CO2,49,0.7681495265383806,1.21846083737012,0.022598870056497175,0.022598870056497175,0.026955167426855046,0.039758384421204475,0.019419884118574694,0.019419884118574694,0.7680420005306585,188,1.5725047588348389,0.28066933155059814,278.3333435058594,10.897019386291504,3.363565683364868,1.2895665168762207,1.2918354272842407,1.2163224534603587,0.4673722871898856,7.009491582721239e-07,1.514779341960093e-07,0.0001240679994225502,4.698450993601e-06,1.438014692212164e-06,5.486405143528827e-07,5.494712240761146e-07,0.0007005642183934992,0.0006999426304857797
2021-07-30_02h22m33s_C40H76NO10P_[M]-_-CH2O3_49,2021-07-30_02h22m33s,PS (POPS) 16:0-18:1,C40H76NO10P,[M]-,-CH2O3,49,0.0,0.0,0.0,0.0,0.0024029369229057736,0.004537805024642385,0.0011517267041125502,0.0011517267041125502,0.0,54,0.0,-0.0735054537653923,0.0,0.0,0.3461889624595642,0.07167944312095642,0.0735054537653923,0.0,0.0,0.0,-3.1730234439919514e-08,0.0,0.0,1.5040821210732247e-07,3.0941997408717725e-08,3.1730234439919514e-08,0.0,0.0
2021-07-30_02h22m33s_C40H76NO10P_[M]-__49,2021-07-30_02h22m33s,PS (POPS) 16:0-18:1,C40H76NO10P,[M]-,,49,0.0,0.0,0.0,0.0,0.0024585604627878517,0.00567976920302921,0.000567003915870794,0.000567003915870794,0.0,54,0.0,-0.03973621502518654,0.0,0.0,0.49605628848075867,0.0387490876019001,0.03973621502518654,0.0,0.0,0.0,-1.6833940463811814e-08,0.0,0.0,1.9942976337006257e-07,1.6415754089393886e-08,1.6833940463811814e-08,0.0,0.0
2021-07-30_02h22m33s_C40H76NO10P_-H__49,2021-07-30_02h22m33s,PS (POPS) 16:0-18:1,C40H76NO10P,-H,,49,0.0,0.0,0.0,0.0,0.014539993325175214,0.030412309171775453,0.005227067349433882,0.005227067349433882,0.0,169,0.0,-0.32609182596206665,0.0,0.0,3.734337329864502,0.32528600096702576,0.32609182596206665,0.0,0.0,0.0,-1.4021051697454823e-07,0.0,0.0,1.567048457218334e-06,1.39910241614416e-07,1.4021051697454823e-07,0.0,0.0
2021-07-30_02h22m33s_C40H76NO10P_[M]-_-CH2O2_49,2021-07-30_02h22m33s,PS (POPS) 16:0-18:1,C40H76NO10P,[M]-,-CH2O2,49,0.0,0.0,0.0,0.0,0.0020914450995661365,0.004026926313258805,0.0009568191080319648,0.0009568191080319648,0.0,56,0.0,-0.06015202775597572,0.0,0.0,0.2831570506095886,0.05865773931145668,0.06015202775597572,0.0,0.0,0.0,-2.5956111926461745e-08,0.0,0.0,1.1610919159465993e-07,2.5311313933684687e-08,2.5956111926461745e-08,0.0,0.0
2021-07-30_02h22m33s_C40H76NO10P_[M]-_+HCl_49,2021-07-30_02h22m33s,PS (POPS) 16:0-18:1,C40H76NO10P,[M]-,+HCl,49,0.0,0.0,0.0,0.0,0.002770052286127489,0.006731578314701286,0.00044297180927405777,0.00044297180927405777,0.0,66,0.0,-0.028094209730625153,0.0,0.0,0.5132325887680054,0.027396297082304955,0.028094209730625153,0.0,0.0,0.0,-1.1424310386587422e-08,0.0,0.0,2.082751535681382e-07,1.1140508959783801e-08,1.1424310386587422e-08,0.0,0.0
2021-07-30_02h22m33s_C40H76NO10P_-H_+C12H14N2_49,2021-07-30_02h22m33s,PS (POPS) 16:0-18:1,C40H76NO10P,-H,+C12H14N2,49,0.9969066254316821,1.8865203307949245,0.022598870056497175,0.022598870056497175,0.017399043275114028,0.025393677124654405,0.012668993745238053,0.012668993745238053,0.9955007112172907,179,1.5114656686782837,0.7096578478813171,267.5294189453125,10.056200981140137,1.8843296766281128,0.8001923561096191,0.8018078207969666,1.8827241458333273,0.8016983381821688,5.386144152907946e-07,1.911249114527891e-07,9.533474803902209e-05,3.556433966878103e-06,8.241530053965107e-07,3.471019738299219e-07,3.474895038380055e-07,0.0005384273174494013,0.0005381708801425082
2021-07-30_02h22m33s_C40H76NO10P_-H_-HPO3_49,2021-07-30_02h22m33s,PS (POPS) 16:0-18:1,C40H76NO10P,-H,-HPO3,49,0.8949100849212777,1.1880197628097515,0.04519774011299435,0.04519774011299435,0.04867059739681833,0.06253756461113115,0.040505342240019844,0.040505342240019844,0.8946562940344359,189,3.286717653274536,0.5175013542175293,581.7490234375,15.475247383117676,5.076005458831787,2.7655513286590576,2.769216299057007,1.1864480237132922,0.647373275432878,1.508776108494203e-06,3.219441850887961e-07,0.0002670533722266555,7.067787919368129e-06,2.1814303181599826e-06,1.1852423540403834e-06,1.186831923405407e-06,0.0015069875675408704,0.0015054919826395265
2021-07-30_02h22m33s_C40H76NO10P_[M]-_-HPO3_49,2021-07-30_02h22m33s,PS (POPS) 16:0-18:1,C40H76NO10P,[M]-,-HPO3,49,0.5215386874472623,5.762469046887524,0.005649717514124294,0.005649717514124294,0.002280565135165202,0.004718115158071884,0.0008327870014352287,0.0008327870014352287,0.5205192992212782,64,0.31106680631637573,0.25673559308052063,55.05882263183594,4.126766681671143,0.37298741936683655,0.05298151448369026,0.05433120205998421,5.621905809657816,0.8317574073561461,1.1683119538474784e-07,9.379123611097384e-08,2.0679121007560752e-05,1.549940975564823e-06,1.7536085294977966e-07,2.2467602889264526e-08,2.3039957497417163e-08,0.000116828503660989,0.0001168107113587703
2021-07-30_02h22m33s_C40H76NO10P_[M]-_-NH3_49,2021-07-30_02h22m33s,PS (POPS) 16:0-18:1,C40H76NO10P,[M]-,-NH3,49,0.8751466198553086,1.2658593831167346,0.022598870056497175,0.022598870056497175,0.022071420625208588,0.03266618583964419,0.015822953027269344,0.015822953027269344,0.8762664695524868,183,1.3240278959274292,0.28004634380340576,234.35293579101562,8.738311767578125,2.7071852684020996,1.0449517965316772,1.0439815521240234,1.26703470815941,0.4888985666437217,5.191799345993786e-07,6.44652118353406e-08,9.18948499020189e-05,3.4541485547379125e-06,1.148237856796186e-06,4.5504728518608317e-07,4.54714722764038e-07,0.0005189439631390498,0.0005185844762717766
2021-07-30_02h22m33s_C40H76NO10P_+Cl_-NH3_49,2021-07-30_02h22m33s,PS (POPS) 16:0-18:1,C40H76NO10P,+Cl,-NH3,49,0.0,0.0,0.0,0.0,0.0077761708755145174,0.011930520495251833,0.0053510994560306184,0.0053510994560306184,0.0,117,0.0,-0.3445758521556854,0.0,0.0,1.0355523824691772,0.3404586613178253,0.3445758521556854,0.0,0.0,0.0,-1.5196808078599133e-07,0.0,0.0,4.272183673492691e-07,1.499916919556199e-07,1.5196808078599133e-07,0.0,0.0
2021-07-30_02h22m33s_C40H76NO10P_-H_-CH2O3_49,2021-07-30_02h22m33s,PS (POPS) 16:0-18:1,C40H76NO10P,-H,-CH2O3,49,0.8246129964689084,0.865023631722889,0.062146892655367235,0.062146892655367235,0.07254422071420626,0.08477581440076933,0.06536492017647996,0.06536492017647996,0.8225027324030291,189,4.050072193145752,-0.6468868255615234,716.86279296875,15.856563568115234,7.066944599151611,4.681036472320557,4.696959018707275,0.8620918524445109,0.5730197989429481,1.7614378293728805e-06,-2.664963858478586e-07,0.00031177449272945523,7.072680546116317e-06,3.0499829790642252e-06,2.0202755877107847e-06,2.027934215220739e-06,0.001757872978613538,0.001756081809743319
2021-07-30_02h22m33s_C40H76NO10P_-H_-NH3_49,2021-07-30_02h22m33s,PS (POPS) 16:0-18:1,C40H76NO10P,-H,-NH3,49,0.4872673064850662,3.501206117550612,0.005649717514124294,0.005649717514124294,0.0031037935254199576,0.005649717514124294,0.001594698513386608,0.001594698513386608,0.4870873398446472,62,0.348222017288208,0.2495533972978592,61.63529586791992,4.619687080383301,0.48975250124931335,0.09845773130655289,0.09866861999034882,3.4937979207691177,0.7095674834091235,1.1507594877002703e-07,7.263183476879931e-08,2.036844307440333e-05,1.5266548416548176e-06,2.0839934222749434e-07,4.238114215127098e-08,4.244411044851404e-08,0.00011507106468104827,0.00011505197201473718
2021-07-30_02h22m33s_C40H76NO10P_[M]-_+C12H14N2_49,2021-07-30_02h22m33s,PS (POPS) 16:0-18:1,C40H76NO10P,[M]-,+C12H14N2,49,0.0,0.0,0.0,0.0,0.0027366781621982425,0.005018632047121048,0.0013997909173060227,0.0013997909173060227,0.0,81,0.0,-0.08667811006307602,0.0,0.0,0.3432680666446686,0.08555256575345993,0.08667811006307602,0.0,0.0,0.0,-3.9117214356565455e-08,0.0,0.0,1.436947769661856e-07,3.855169694588767e-08,3.9117214356565455e-08,0.0,0.0
2021-07-30_02h22m33s_C40H76NO10P_+Cl_+HCl_49,2021-07-30_02h22m33s,PS (POPS) 16:0-18:1,C40H76NO10P,+Cl,+HCl,49,0.7633817526237064,2.2993061954400367,0.011299435028248588,0.011299435028248588,0.0120369340304817,0.024311816324077414,0.004801814412530786,0.004801814412530786,0.7645717179315928,158,0.7333111763000488,0.4159090518951416,129.79608154296875,6.897259712219238,2.296051025390625,0.31792715191841125,0.3174021244049072,2.303097624334654,0.31924026423198226,3.514310265018139e-07,2.1642992464876443e-07,6.22032894170843e-05,3.3029180031007854e-06,9.721096603243495e-07,1.352667027276766e-07,1.3500110185304948e-07,0.00035138358933008124,0.0003510897287848215
2021-07-30_02h22m33s_C40H76NO10P_+Cl_+C12H14N2_49,2021-07-30_02h22m33s,PS (POPS) 16:0-18:1,C40H76NO10P,+Cl,+C12H14N2,49,0.6787141219366797,0.9726620720546146,0.01694915254237288,0.01694915254237288,0.018533763488708423,0.02458228152422166,0.014972447153463153,0.014972447153463153,0.677240069822116,180,0.9345297813415527,-0.028677642345428467,165.41177368164062,7.12037467956543,1.768281102180481,0.9597959518432617,0.9632074236869812,0.9692206867356966,0.5281974583856847,5.038224344389164e-07,8.375121751669212e-08,8.91765666892752e-05,3.848032065434381e-06,7.599348350595392e-07,4.182556949672289e-07,4.2007121692222427e-07,0.0005036108820028582,0.0005034398529572969
2021-07-30_02h22m33s_C40H76NO10P_-H_-H3PO4_49,2021-07-30_02h22m33s,PS (POPS) 16:0-18:1,C40H76NO10P,-H,-H3PO4,49,0.6161928677015777,1.0273049949925699,0.01694915254237288,0.01694915254237288,0.029413727889642898,0.049675441759826904,0.017506245902510764,0.017506245902510764,0.6167862003963974,187,1.2144235372543335,0.03504836559295654,214.9529571533203,9.266746520996094,3.947089672088623,1.1811450719833374,1.179375171661377,1.0288453759536755,0.30759775945308704,4.823808126275253e-07,-2.7669386781781213e-08,8.538140536984429e-05,3.722757128343801e-06,1.7128625131590525e-06,5.116065153742966e-07,5.100501994093065e-07,0.00048213489962582897,0.0004815559734526105
2021-07-30_02h22m33s_C40H76NO10P_[M]-_-H3PO4_49,2021-07-30_02h22m33s,PS (POPS) 16:0-18:1,C40H76NO10P,[M]-,-H3PO4,49,0.0,0.0,0.0,0.0,0.0012125931694293025,0.002764755379252314,0.0003012208303063593,0.0003012208303063593,0.0,35,0.0,-0.019130073487758636,0.0,0.0,0.20130139589309692,0.019712349399924278,0.019130073487758636,0.0,0.0,0.0,-8.335772072598502e-09,0.0,0.0,8.697006137481367e-08,8.680784979731015e-09,8.335772072598502e-09,0.0,0.0
2021-07-30_02h22m33s_C40H76NO10P_[M]-_-H2_49,2021-07-30_02h22m33s,PS (POPS) 16:0-18:1,C40H76NO10P,[M]-,-H2,49,0.0,0.0,0.0,0.0,0.001957948603849149,0.0047782185358817165,0.0003012208303063593,0.0003012208303063593,0.0,58,0.0,-0.019972102716565132,0.0,0.0,0.3414543569087982,0.019475961104035378,0.019972102716565132,0.0,0.0,0.0,-8.845609578145286e-09,0.0,0.0,1.4298279893409926e-07,8.625868908040957e-09,8.845609578145286e-09,0.0,0.0
2021-07-30_02h22m33s_C40H76NO10P_+Cl_-CH2O3_49,2021-07-30_02h22m33s,PS (POPS) 16:0-18:1,C40H76NO10P,+Cl,-CH2O3,49,1.1758486230688032,1.4118371593639296,0.11299435028248588,0.11299435028248588,0.08772944710201357,0.09036542853708378,0.08609600085050588,0.08609600085050588,1.1774724393945886,189,8.754072189331055,2.5608396530151367,1549.470703125,25.98014259338379,6.882424354553223,6.1994829177856445,6.193232536315918,1.4132617944203991,1.271761224998491,3.7960001009196276e-06,1.1268421076238155e-06,0.0006718920194543898,1.1134757187392097e-05,2.9935495149402414e-06,2.672935579539626e-06,2.669157993295812e-06,0.003785894949154314,0.0037846705023730403
2021-07-30_02h22m33s_C40H76NO10P_+Cl_-H3PO4_49,2021-07-30_02h22m33s,PS (POPS) 16:0-18:1,C40H76NO10P,+Cl,-H3PO4,49,0.8246129964689084,0.865023631722889,0.062146892655367235,0.062146892655367235,0.07254422071420626,0.08477581440076933,0.06536492017647996,0.06536492017647996,0.8225027324030291,189,4.050072193145752,-0.6468868255615234,716.86279296875,15.856563568115234,7.066944599151611,4.681036472320557,4.696959018707275,0.8620918524445109,0.5730197989429481,1.7614378293728805e-06,-2.664963858478586e-07,0.00031177449272945523,7.072680546116317e-06,3.0499829790642252e-06,2.0202755877107847e-06,2.027934215220739e-06,0.001757872978613538,0.001756081809743319
2021-07-30_02h22m33s_C23H45NO4_-H_+HCl_41,2021-07-30_02h22m33s,CAR 16:0,C23H45NO4,-H,+HCl,41,33.62317734877378,2354.8779693746974,0.3785310734463277,0.3785310734463277,0.0020024474357548112,0.0012621709340064912,0.0012580399383383242,0.0012580399383383242,33.80004912797838,31,151.79373168945312,151.73345947265625,26867.490234375,385.3926086425781,0.0683104395866394,0.06345927715301514,0.06026775762438774,2477.5467158444094,2190.0558212404353,5.990926001686603e-05,5.988422708469443e-05,0.010603939183056355,0.0001350547536276281,2.8381236916175112e-08,2.609142057963254e-08,2.503467477765753e-08,0.05990776024557162,0.05990755976621923
2021-07-30_02h22m33s_C23H45NO4_+Cl__41,2021-07-30_02h22m33s,CAR 16:0,C23H45NO4,+Cl,,41,33.62317734877378,2354.8779693746974,0.3785310734463277,0.3785310734463277,0.0020024474357548112,0.0012621709340064912,0.0012580399383383242,0.0012580399383383242,33.80004912797838,31,151.79373168945312,151.73345947265625,26867.490234375,385.3926086425781,0.0683104395866394,0.06345927715301514,0.06026775762438774,2477.5467158444094,2190.0558212404353,5.990926001686603e-05,5.988422708469443e-05,0.010603939183056355,0.0001350547536276281,2.8381236916175112e-08,2.609142057963254e-08,2.503467477765753e-08,0.05990776024557162,0.05990755976621923
2021-07-30_02h22m33s_C23H45NO4_[M]-_-CH2O2_41,2021-07-30_02h22m33s,CAR 16:0,C23H45NO4,[M]-,-CH2O2,41,0.0,0.0,0.0,0.0,0.00020024474357548114,0.00045077533357374685,5.315661711288694e-05,5.315661711288694e-05,0.0,5,0.0,-0.00325047061778605,0.0,0.0,0.03495483100414276,0.003170010866597295,0.00325047061778605,0.0,0.0,0.0,-1.5285792631658524e-09,0.0,0.0,1.5908183215174176e-08,1.4907419743082073e-09,1.5285792631658524e-09,0.0,0.0
2021-07-30_02h22m33s_C23H45NO4_+Cl_+HCl_41,2021-07-30_02h22m33s,CAR 16:0,C23H45NO4,+Cl,+HCl,41,13.528346556728138,218.8348341712628,0.15254237288135594,0.15254237288135594,0.001868950940037824,0.0020735665344392357,0.0012757588107092865,0.0012757588107092865,13.511316709671437,43,19.97252655029297,19.88087272644043,3535.13720703125,58.98531723022461,0.15287472307682037,0.09026758372783661,0.09165455400943756,215.55903823419857,129.79731921481275,7.578338681923924e-06,7.535099939559586e-06,0.0013413659762591124,2.1505682525457814e-05,6.429229415516602e-08,4.2714209058658525e-08,4.3238923552735287e-08,0.007578011016884883,0.007577851484467221
2021-07-30_02h22m33s_C23H45NO4_+Cl_-CO2_41,2021-07-30_02h22m33s,CAR 16:0,C23H45NO4,+Cl,-CO2,41,24.16533058818621,9613.846199053543,0.24293785310734464,0.24293785310734464,0.000556235398820781,0.00012020675561966583,5.315661711288694e-05,5.315661711288694e-05,24.205828086582635,3,35.56597137451172,35.564144134521484,6295.1767578125,85.79171752929688,0.007256245706230402,0.002699452918022871,0.0018279042560607195,12576.794740588297,4307.765616480213,1.4606480362999719e-05,1.4605585420213174e-05,0.002585347043350339,3.138744068564847e-05,4.088675620295135e-09,1.284796380396358e-09,8.953702779201933e-10,0.014606467284803045,0.014606420642083739
2021-07-30_02h22m33s_C23H45NO4_+Cl_+C12H14N2_41,2021-07-30_02h22m33s,CAR 16:0,C23H45NO4,+Cl,+C12H14N2,41,0.9556377050311663,0.9808345800993362,0.14124293785310735,0.14124293785310735,0.12616531316052954,0.10635292703449933,0.1377996704289739,0.1377996704289739,0.9553433897110907,189,10.916915893554688,-0.22207164764404297,1932.294189453125,27.926393508911133,8.946922302246094,11.129231452941895,11.13898754119873,0.97997559271776,1.2200503675377625,5.318531293596607e-06,3.044101504201535e-07,0.0009413800435140729,1.376456202706322e-05,3.964805273426464e-06,5.0066259973391425e-06,5.014121143176453e-06,0.005291996581646953,0.005297527628120512
2021-07-30_02h22m33s_C23H45NO4_-H_+C12H14N2_41,2021-07-30_02h22m33s,CAR 16:0,C23H45NO4,-H,+C12H14N2,41,0.0,0.0,0.0,0.0,0.0014462120369340304,0.0013523260007212406,0.0015061041515317965,0.0015061041515317965,0.0,32,0.0,-0.09619206935167313,0.0,0.0,0.11162246018648148,0.096871517598629,0.09619206935167313,0.0,0.0,0.0,-4.063178238311593e-08,0.0,0.0,4.744083170749036e-08,4.118251695217623e-08,4.063178238311593e-08,0.0,0.0
2021-07-30_02h22m33s_C23H45NO4_[M]-_+HCl_41,2021-07-30_02h22m33s,CAR 16:0,C23H45NO4,[M]-,+HCl,41,0.5206870149495122,6.21070009876635,0.005649717514124294,0.005649717514124294,0.0013794637890755367,0.0022538766678687344,0.000850505873806191,0.000850505873806191,0.5231501547399077,24,0.3052176833152771,0.26013731956481934,54.023529052734375,4.049170970916748,0.1584940105676651,0.04814384505152702,0.04508037120103836,6.62359428450957,1.9136623515137514,1.5019401189420023e-07,1.3022707889831509e-07,2.6584340957924724e-05,1.99254850485886e-06,6.580309985793065e-08,2.1134633598762775e-08,1.9966932995885145e-08,0.00015019101304030626,0.00015018412931294198
2021-07-30_02h22m33s_C23H45NO4_+Cl_+H2_41,2021-07-30_02h22m33s,CAR 16:0,C23H45NO4,+Cl,+H2,41,0.0,0.0,0.0,0.0,0.0006452330626321059,0.001322274311816324,0.00024806421319347236,0.00024806421319347236,0.0,14,0.0,-0.014050958678126335,0.0,0.0,0.08601005375385284,0.013703149743378162,0.014050958678126335,0.0,0.0,0.0,-6.47545217447032e-09,0.0,0.0,3.566258754972296e-08,6.315163947334668e-09,6.47545217447032e-09,0.0,0.0
2021-07-30_02h22m33s_C23H45NO4_+Cl_-NH3_41,2021-07-30_02h22m33s,CAR 16:0,C23H45NO4,+Cl,-NH3,41,0.0,0.0,0.0,0.0,0.0021248192234953832,0.0023740834234884,0.001984513705547779,0.001984513705547779,0.0,48,0.0,-0.10889934003353119,0.0,0.0,0.14898331463336945,0.11736174672842026,0.10889934003353119,0.0,0.0,0.0,-5.185195206536264e-08,0.0,0.0,6.717458944649479e-08,5.583332907121985e-08,5.185195206536264e-08,0.0,0.0
2021-07-30_02h22m33s_C23H45NO4_+Cl_-H2_41,2021-07-30_02h22m33s,CAR 16:0,C23H45NO4,+Cl,-H2,41,0.0,0.0,0.0,0.0,0.000700856602514184,0.000991705733862243,0.0005315661711288693,0.0005315661711288693,0.0,17,0.0,-0.03003975935280323,0.0,0.0,0.07436378300189972,0.029296178370714188,0.03003975935280323,0.0,0.0,0.0,-1.38425333418013e-08,0.0,0.0,3.091237132935021e-08,1.3499884765622028e-08,1.38425333418013e-08,0.0,0.0
2021-07-30_02h22m33s_C23H45NO4_[M]-_-CH2O3_41,2021-07-30_02h22m33s,CAR 16:0,C23H45NO4,[M]-,-CH2O3,41,0.0,0.0,0.0,0.0,0.010924463232840138,0.007663180670753696,0.0128816202136896,0.0128816202136896,0.0,130,0.0,-0.7356739044189453,0.0,0.0,0.4417170286178589,0.732789158821106,0.7356739044189453,0.0,0.0,0.0,-3.591639767819288e-07,0.0,0.0,2.169160921994262e-07,3.580040583983646e-07,3.591639767819288e-07,0.0,0.0
2021-07-30_02h22m33s_C23H45NO4_+Cl_-H2O_41,2021-07-30_02h22m33s,CAR 16:0,C23H45NO4,+Cl,-H2O,41,0.0,0.0,0.0,0.0,0.0005006118589387028,0.0011720158672917419,0.00010631323422577388,0.00010631323422577388,0.0,10,0.0,-0.00605071522295475,0.0,0.0,0.08953552693128586,0.005900940392166376,0.00605071522295475,0.0,0.0,0.0,-2.6713367073938343e-09,0.0,0.0,2.8854714173576212e-08,2.60521226813637e-09,2.6713367073938343e-09,0.0,0.0
2021-07-30_02h22m33s_C23H45NO4_-H__41,2021-07-30_02h22m33s,CAR 16:0,C23H45NO4,-H,,41,0.0,0.0,0.0,0.0,6.674824785849372e-05,9.015506671474937e-05,5.315661711288694e-05,5.315661711288694e-05,0.0,3,0.0,-0.002787491539493203,0.0,0.0,0.005263995379209518,0.002718492178246379,0.002787491539493203,0.0,0.0,0.0,-1.2371963453716717e-09,0.0,0.0,2.6323909718684035e-09,1.2065717314158064e-09,1.2371963453716717e-09,0.0,0.0
2021-07-30_02h22m33s_C23H45NO4_-H_-H2O_41,2021-07-30_02h22m33s,CAR 16:0,C23H45NO4,-H,-H2O,41,0.0,0.0,0.0,0.0,4.4498831905662474e-05,3.0051688904916458e-05,5.315661711288694e-05,5.315661711288694e-05,0.0,1,0.0,-0.003596956143155694,0.0,0.0,0.0017422909149900079,0.003507919842377305,0.003596956143155694,0.0,0.0,0.0,-2.173397017912748e-09,0.0,0.0,4.808760611929586e-10,2.1195982746746722e-09,2.173397017912748e-09,0.0,0.0
2021-07-30_02h22m33s_C23H45NO4_-H_-H2_41,2021-07-30_02h22m33s,CAR 16:0,C23H45NO4,-H,-H2,41,0.0,0.0,0.0,0.0,0.00018912003559906553,0.0003606202668589975,8.859436185481156e-05,8.859436185481156e-05,0.0,5,0.0,-0.009083518758416176,0.0,0.0,0.033230096101760864,0.00885867141187191,0.009083518758416176,0.0,0.0,0.0,-4.136120779207886e-09,0.0,0.0,1.1380826059337323e-08,4.033738232323003e-09,4.136120779207886e-09,0.0,0.0
2021-07-30_02h22m33s_C23H45NO4_+Cl_-CH2O2_41,2021-07-30_02h22m33s,CAR 16:0,C23H45NO4,+Cl,-CH2O2,41,0.0,0.0,0.0,0.0,6.674824785849372e-05,0.00012020675561966583,3.5437744741924624e-05,3.5437744741924624e-05,0.0,4,0.0,-0.0020562584977597,0.0,0.0,0.006653797347098589,0.0020053593907505274,0.0020562584977597,0.0,0.0,0.0,-1.2082576050786997e-09,0.0,0.0,2.5035240547310877e-09,1.1783493070183226e-09,1.2082576050786997e-09,0.0,0.0
2021-07-30_02h22m33s_C23H45NO4_[M]-_-NH3_41,2021-07-30_02h22m33s,CAR 16:0,C23H45NO4,[M]-,-NH3,41,0.0,0.0,0.0,0.0,8.899766381132495e-05,3.0051688904916458e-05,0.00012403210659673618,0.00012403210659673618,0.0,1,0.0,-0.006878420244902372,0.0,0.0,0.0016828945372253656,0.006708156783133745,0.006878420244902372,0.0,0.0,0.0,-3.1964777491566565e-09,0.0,0.0,1.0328986554952735e-09,3.1173545966822758e-09,3.1964777491566565e-09,0.0,0.0
2021-07-30_02h22m33s_C23H45NO4_[M]-_-CO2_41,2021-07-30_02h22m33s,CAR 16:0,C23H45NO4,[M]-,-CO2,41,0.0,0.0,0.0,0.0,4.4498831905662474e-05,9.015506671474937e-05,1.7718872370962312e-05,1.7718872370962312e-05,0.0,3,0.0,-0.0011627906933426857,0.0,0.0,0.0049251774325966835,0.0011340078199282289,0.0011627906933426857,0.0,0.0,0.0,-4.1896100477778475e-10,0.0,0.0,1.8706085569419884e-09,4.0859035599360993e-10,4.1896100477778475e-10,0.0,0.0
2021-07-30_02h22m33s_C23H45NO4_-H_+H2_41,2021-07-30_02h22m33s,CAR 16:0,C23H45NO4,-H,+H2,41,0.0,0.0,0.0,0.0,2.2249415952831237e-05,3.0051688904916458e-05,1.7718872370962312e-05,1.7718872370962312e-05,0.0,1,0.0,-0.0009290213347412646,0.0,0.0,0.0017730495892465115,0.0009060250595211983,0.0009290213347412646,0.0,0.0,0.0,-3.9557399023060213e-10,0.0,0.0,6.92247315026151e-10,3.857822394870425e-10,3.9557399023060213e-10,0.0,0.0
2021-07-30_02h22m33s_C23H45NO4_[M]-_-H2O_41,2021-07-30_02h22m33s,CAR 16:0,C23H45NO4,[M]-,-H2O,41,0.0,0.0,0.0,0.0,0.0001779953276226499,0.0002103618223344152,0.0001594698513386608,0.0001594698513386608,0.0,5,0.0,-0.009707664139568806,0.0,0.0,0.011188656091690063,0.009467367082834244,0.009707664139568806,0.0,0.0,0.0,-4.62738647399874e-09,0.0,0.0,5.506317624082158e-09,4.512843432280533e-09,4.62738647399874e-09,0.0,0.0
2021-07-30_02h22m33s_C23H45NO4_[M]-_+H2_41,2021-07-30_02h22m33s,CAR 16:0,C23H45NO4,[M]-,+H2,41,0.0,0.0,0.0,0.0,2.2249415952831237e-05,0.0,3.5437744741924624e-05,3.5437744741924624e-05,0.0,0,0.0,-0.001965629169717431,0.0,0.0,0.0,0.0019169735023751855,0.001965629169717431,0.0,0.0,0.0,-7.862937523306357e-10,0.0,0.0,0.0,7.668303769747808e-10,7.862937523306357e-10,0.0,0.0
2021-07-30_02h22m33s_C23H45NO4_-H_-CO2_41,2021-07-30_02h22m33s,CAR 16:0,C23H45NO4,-H,-CO2,41,0.0,0.0,0.0,0.0,0.00014462120369340304,0.00027046520014424813,7.087548948384925e-05,7.087548948384925e-05,0.0,4,0.0,-0.003911593928933144,0.0,0.0,0.01758318580687046,0.003814769210293889,0.003911593928933144,0.0,0.0,0.0,-1.7908101668240306e-09,0.0,0.0,7.306222293834708e-09,1.7464817370083097e-09,1.7908101668240306e-09,0.0,0.0
2021-07-30_02h22m33s_C23H45NO4_-H_-CH2O2_41,2021-07-30_02h22m33s,CAR 16:0,C23H45NO4,-H,-CH2O2,41,0.0,0.0,0.0,0.0,0.0001223717877405718,0.00012020675561966583,0.00012403210659673618,0.00012403210659673618,0.0,4,0.0,-0.006912191864103079,0.0,0.0,0.006895625032484531,0.006741093471646309,0.006912191864103079,0.0,0.0,0.0,-3.2719789100355e-09,0.0,0.0,3.1358073915299656e-09,3.1909865860768605e-09,3.2719789100355e-09,0.0,0.0
2021-07-30_02h22m33s_C23H45NO4_[M]-__41,2021-07-30_02h22m33s,CAR 16:0,C23H45NO4,[M]-,,41,0.0,0.0,0.0,0.0,0.0001668706196462343,0.0003606202668589975,5.315661711288694e-05,5.315661711288694e-05,0.0,6,0.0,-0.001835385337471962,0.0,0.0,0.021003182977437973,0.002748162252828479,0.001835385337471962,0.0,0.0,0.0,-1.014450967673497e-09,0.0,0.0,8.475313784117589e-09,1.3445494717601036e-09,1.014450967673497e-09,0.0,0.0
2021-07-30_02h22m33s_C23H45NO4_[M]-_-H2_41,2021-07-30_02h22m33s,CAR 16:0,C23H45NO4,[M]-,-H2,41,0.0,0.0,0.0,0.0,0.0003559906552452998,0.0005409304002884963,0.00024806421319347236,0.00024806421319347236,0.0,12,0.0,-0.014166880398988724,0.0,0.0,0.037446171045303345,0.01381620392203331,0.014166880398988724,0.0,0.0,0.0,-6.869976587609017e-09,0.0,0.0,1.619445910705508e-08,6.699922838748762e-09,6.869976587609017e-09,0.0,0.0
2021-07-30_02h22m33s_C23H45NO4_-H_-NH3_41,2021-07-30_02h22m33s,CAR 16:0,C23H45NO4,-H,-NH3,41,0.0,0.0,0.0,0.0,0.00020024474357548114,0.000330568577954081,0.00012403210659673618,0.00012403210659673618,0.0,10,0.0,-0.0076286764815449715,0.0,0.0,0.018233006820082664,0.007439841981977224,0.0076286764815449715,0.0,0.0,0.0,-3.645107993222041e-09,0.0,0.0,8.755283609218623e-09,3.5548797239215446e-09,3.645107993222041e-09,0.0,0.0
2021-07-30_02h22m33s_C23H45NO4_[M]-_+C12H14N2_41,2021-07-30_02h22m33s,CAR 16:0,C23H45NO4,[M]-,+C12H14N2,41,0.0,0.0,0.0,0.0,0.000233618867504728,0.0002103618223344152,0.00024806421319347236,0.00024806421319347236,0.0,7,0.0,-0.015484067611396313,0.0,0.0,0.01232425682246685,0.01510078739374876,0.015484067611396313,0.0,0.0,0.0,-6.299838872791952e-09,0.0,0.0,5.301150185488268e-09,6.143896946753102e-09,6.299838872791952e-09,0.0,0.0
2021-07-30_02h22m33s_C11H16N2O8_-H_-CH2O2_76,2021-07-30_02h22m33s,N-Acetylaspartylglutamic acid,C11H16N2O8,-H,-CH2O2,76,1.5419455168807805,6.1703445501533825,0.9152542372881356,0.864406779661017,0.5721548559350317,0.5509676643827384,0.5835710615376437,0.5835710615376437,1.5463235232492052,189,530.138671875,444.73358154296875,93834.546875,573.12548828125,99.024658203125,85.91619110107422,85.40508270263672,6.207270666198499,5.3535485801827285,0.00022925309895072132,0.00019125999824609607,0.04057779908180237,0.00020721182227134705,4.247354809194803e-05,3.8209236663533375e-05,3.7993104342604056e-05,0.2208618708463531,0.2199126293135457
2021-07-30_02h22m33s_C11H16N2O8_-H_-CH2O3_76,2021-07-30_02h22m33s,N-Acetylaspartylglutamic acid,C11H16N2O8,-H,-CH2O3,76,3.3267854103032395,36.2248643269791,0.711864406779661,0.6892655367231638,0.2145288686171988,0.22977521336699122,0.20397965873451815,0.20397965873451815,3.368151314132881,186,477.7513122558594,464.7781066894531,84561.984375,952.0435791015625,15.781413078308105,13.187491416931152,12.9732084274292,36.82315687528418,30.271119497721,0.00018788604938890785,0.0001818845048546791,0.03325583040714264,0.0003061715979129076,7.274131803569617e-06,6.104311978560872e-06,6.001545443723444e-06,0.18676516973543592,0.1865292113205463
2021-07-30_02h22m33s_C11H16N2O8_-H_-H2O_76,2021-07-30_02h22m33s,N-Acetylaspartylglutamic acid,C11H16N2O8,-H,-H2O,76,87.68366887086837,30754.89226549259,0.9265536723163842,0.5875706214689266,0.0022360663032595395,0.00015025844452458227,0.000567003915870794,0.000567003915870794,92.65536723163842,1,20451.7734375,20451.7734375,3619964.0,43656.60546875,0.1608784943819046,0.6639925241470337,0.0,20451773.4375,126340.27463370192,0.007795096840709448,0.007795096840709448,1.3797321319580078,0.013917719945311546,5.5735384307809e-08,3.112757838152902e-07,0.0,7.795096840709448,7.794662402204911
2021-07-30_02h22m33s_C11H16N2O8_-H_-CO2_76,2021-07-30_02h22m33s,N-Acetylaspartylglutamic acid,C11H16N2O8,-H,-CO2,76,1.8111492310382358,9.797286360105321,0.7175141242937854,0.7175141242937854,0.38713983757926357,0.387035701406419,0.38616510445275265,0.38616510445275265,1.822405348585803,189,811.72265625,729.7296752929688,143674.90625,1395.8509521484375,85.09797668457031,82.85078430175781,81.99298858642578,9.899782535818508,9.538571295149042,0.00032379699405282736,0.0002866226714104414,0.05731206759810448,0.0004525120893958956,3.795518205151893e-05,3.752727934625e-05,3.717431900440715e-05,0.31219148808432023,0.3119566236114766
2021-07-30_02h22m33s_C11H16N2O8_+Cl_+H2_76,2021-07-30_02h22m33s,N-Acetylaspartylglutamic acid,C11H16N2O8,+Cl,+H2,76,1.6912592549972563,1.749218058170228,0.1638418079096045,0.005649717514124294,0.09951051284903771,0.12059742757542974,0.08687563123482822,0.08687563123482822,1.687113035390672,52,7.818079471588135,3.3225293159484863,1383.800048828125,19.13271141052246,13.554361343383789,4.468471050262451,4.495550155639648,1.738683924559936,0.5767518307731462,3.4745296488836175e-06,1.414346115780063e-06,0.0006149917608126998,8.591950972913764e-06,5.748156581830699e-06,2.0466641217353754e-06,2.0601835331035545e-06,0.003467386196937776,0.0034546716552703114
2021-07-30_02h22m33s_C11H16N2O8_-H_+C12H14N2_76,2021-07-30_02h22m33s,N-Acetylaspartylglutamic acid,C11H16N2O8,-H,+C12H14N2,76,1.1294528385389515,1.223949398049647,0.7966101694915254,0.7966101694915254,0.699466014017132,0.7060043274432023,0.695306270708932,0.695306270708932,1.1315147224069417,189,90.94783020019531,16.891647338867188,16097.765625,53.19940185546875,76.20708465576172,74.30585479736328,74.05618286132812,1.2280757475003454,1.1934144600407457,4.3391992221586406e-05,8.362814696738496e-06,0.007680382579565048,2.7902660804102197e-05,3.6062891012988985e-05,3.511699105729349e-05,3.502917752484791e-05,0.041923448308339786,0.04188161992672162
2021-07-30_02h22m33s_C11H16N2O8_[M]-_+C12H14N2_76,2021-07-30_02h22m33s,N-Acetylaspartylglutamic acid,C11H16N2O8,[M]-,+C12H14N2,76,0.9803224251482807,1.0579107088199715,0.632768361581921,0.632768361581921,0.6381021248192235,0.6425952638538286,0.6354696387121923,0.6354696387121923,0.9812657627282273,189,78.25138092041016,4.469886779785156,13850.494140625,66.33599853515625,75.0630111694336,73.96685028076172,73.781494140625,1.0605683886379298,1.0424620227632395,3.6503719456959516e-05,1.477121259085834e-06,0.006461158394813538,3.195497265551239e-05,3.556096999091096e-05,3.5082070098724216e-05,3.502659819787368e-05,0.035268387808117786,0.03525018855942389
2021-07-30_02h22m33s_C11H16N2O8_-H_-NH3_76,2021-07-30_02h22m33s,N-Acetylaspartylglutamic acid,C11H16N2O8,-H,-NH3,76,0.833697344390997,1.9946257698684469,0.01694915254237288,0.01694915254237288,0.015607965290911114,0.024552229835316745,0.010330102592271028,0.010330102592271028,0.8326555013609332,179,1.1985377073287964,0.5973221659660339,212.14117431640625,9.143181800842285,1.5339287519454956,0.599883496761322,0.6012155413627625,1.990213843728788,0.7808425673241646,5.235402795733535e-07,2.3447822172784072e-07,9.266662527807057e-05,4.064832410222152e-06,6.886847359055537e-07,2.882703427076194e-07,2.8906205784551275e-07,0.0005233889876755223,0.0005231799735114646
2021-07-30_02h22m33s_C11H16N2O8_+Cl__76,2021-07-30_02h22m33s,N-Acetylaspartylglutamic acid,C11H16N2O8,+Cl,,76,1.3404839905602965,2.048762956487697,0.06779661016949153,0.06779661016949153,0.05333185003893648,0.0748888087510518,0.04057621772950369,0.04057621772950369,1.3416583604690113,189,4.985001087188721,2.5531249046325684,882.3451538085938,19.043628692626953,5.290767192840576,2.432176113128662,2.4318761825561523,2.0490155326980615,0.9420295537439949,1.8731674344962812e-06,7.488520168408286e-07,0.00033155063283629715,7.091678980941651e-06,2.3276149931916734e-06,1.1243170092711807e-06,1.1243154176554526e-06,0.0018710637686537672,0.0018688175467549148
2021-07-30_02h22m33s_C11H16N2O8_-H_+HCl_76,2021-07-30_02h22m33s,N-Acetylaspartylglutamic acid,C11H16N2O8,-H,+HCl,76,1.3404839905602965,2.048762956487697,0.06779661016949153,0.06779661016949153,0.05333185003893648,0.0748888087510518,0.04057621772950369,0.04057621772950369,1.3416583604690113,189,4.985001087188721,2.5531249046325684,882.3451538085938,19.043628692626953,5.290767192840576,2.432176113128662,2.4318761825561523,2.0490155326980615,0.9420295537439949,1.8731674344962812e-06,7.488520168408286e-07,0.00033155063283629715,7.091678980941651e-06,2.3276149931916734e-06,1.1243170092711807e-06,1.1243154176554526e-06,0.0018710637686537672,0.0018688175467549148
2021-07-30_02h22m33s_C11H16N2O8_+Cl_-H2_76,2021-07-30_02h22m33s,N-Acetylaspartylglutamic acid,C11H16N2O8,+Cl,-H2,76,1.5695206173536584,1.7585281170427725,0.12429378531073447,0.12429378531073447,0.07848481477361219,0.09400168289457868,0.06919219660860783,0.06919219660860783,1.569357192306966,189,7.421313762664795,3.202460765838623,1313.572509765625,19.985549926757812,6.40989875793457,4.219184875488281,4.218852996826172,1.7586664199550315,1.1576089473382598,3.1205172490444966e-06,1.0718372323026415e-06,0.0005523315630853176,8.6917461885605e-06,2.9143916435714345e-06,2.047963789664209e-06,2.048680016741855e-06,0.00311413737802874,0.0031114492673004796
2021-07-30_02h22m33s_C11H16N2O8_[M]-_-CH2O3_76,2021-07-30_02h22m33s,N-Acetylaspartylglutamic acid,C11H16N2O8,[M]-,-CH2O3,76,1.2730067570970707,1.4522044629612239,0.23163841807909605,0.23163841807909605,0.17889642896873956,0.19037744921264574,0.17196165636018923,0.17196165636018923,1.2798156118866266,188,19.17908477783203,6.041975975036621,3394.697998046875,36.61434555053711,14.761034965515137,13.205876350402832,13.13710880279541,1.4598055980287876,1.2992168642490922,9.144043360720389e-06,2.9769753382424824e-06,0.0016184956766664982,1.8017022739513777e-05,6.96851429893286e-06,6.1984924286662135e-06,6.167068022477906e-06,0.009087997064634706,0.009080763927446741
2021-07-30_02h22m33s_C11H16N2O8_[M]-_-H2O_76,2021-07-30_02h22m33s,N-Acetylaspartylglutamic acid,C11H16N2O8,[M]-,-H2O,76,1.4958871578872903,5.116572022470344,0.12429378531073447,0.12429378531073447,0.07762821225942819,0.0850763312898185,0.07309034853021953,0.07309034853021953,1.5487518364430808,189,24.627206802368164,20.078266143798828,4359.015625,73.08682250976562,5.877439498901367,4.8122239112854,4.548940658569336,5.412643515687485,4.189412310353928,1.153024822997395e-05,9.314640919910744e-06,0.0020408539567142725,3.661678056232631e-05,2.821511998263304e-06,2.3404340936394874e-06,2.2156073100632057e-06,0.011504758203597549,0.011497807029486537
2021-07-30_02h22m33s_C11H16N2O8_+Cl_-H2O_76,2021-07-30_02h22m33s,N-Acetylaspartylglutamic acid,C11H16N2O8,+Cl,-H2O,76,1.703709972334876,2.697458763208699,0.05084745762711865,0.05084745762711865,0.033485371009011014,0.05652722683014785,0.019845137055477788,0.019845137055477788,1.7113521276786483,189,3.182009696960449,2.011056423187256,563.2156982421875,14.023719787597656,3.8535091876983643,1.178632378578186,1.1709532737731934,2.7151335878057026,0.8255291509268698,1.392298031532846e-06,8.52972789289197e-07,0.00024643674260005355,6.359693998092553e-06,1.6890670622160542e-06,5.431801355371135e-07,5.39325242243649e-07,0.0013915475348215346,0.0013899503122423206
2021-07-30_02h22m33s_C11H16N2O8_[M]-_+HCl_76,2021-07-30_02h22m33s,N-Acetylaspartylglutamic acid,C11H16N2O8,[M]-,+HCl,76,0.6350875370780471,0.7877403684855567,0.03389830508474576,0.03389830508474576,0.052308376905106244,0.06755619665825219,0.04337579956411574,0.04337579956411574,0.6373728515386059,188,2.080225944519043,-0.5456230640411377,368.20001220703125,11.332794189453125,4.384150505065918,2.6397507190704346,2.6258490085601807,0.7919092181317453,0.4743796004529091,1.000550355456653e-06,-2.2581116354558617e-07,0.00017709741950966418,5.530735052161617e-06,1.9537749267328763e-06,1.2312673334236024e-06,1.2263615190022392e-06,0.0009993248219500297,0.0009985993171489549
2021-07-30_02h22m33s_C11H16N2O8_+Cl_-NH3_76,2021-07-30_02h22m33s,N-Acetylaspartylglutamic acid,C11H16N2O8,+Cl,-NH3,76,0.39689446624174757,1.156256512820878,0.005649717514124294,0.005649717514124294,0.007097563688953165,0.01196057218415675,0.004234810496659993,0.004234810496659993,0.4010386509806733,141,0.25239837169647217,0.04401254653930664,44.67451095581055,3.348442792892456,1.4096717834472656,0.2172892540693283,0.20838582515716553,1.2054224372973734,0.17892069201220218,7.814752223112009e-08,-2.004727406301754e-08,1.3832111108058598e-05,1.03674403817422e-06,5.988769089526613e-07,1.0186742827045236e-07,9.819479629413763e-08,7.813984930453518e-05,7.810074949567524e-05
2021-07-30_02h22m33s_C11H16N2O8_[M]-_-CO2_76,2021-07-30_02h22m33s,N-Acetylaspartylglutamic acid,C11H16N2O8,[M]-,-CO2,76,1.4265702253819772,1.793159153715652,0.2033898305084746,0.2033898305084746,0.13673378573812436,0.14343671114316625,0.13257260307954002,0.13257260307954002,1.4375970558551368,189,15.877678871154785,7.105552673339844,2810.34912109375,33.52074432373047,9.72543716430664,8.853584289550781,8.772126197814941,1.8098085577646568,1.632424967430162,7.816629477019887e-06,3.6192445804772433e-06,0.0013835434801876545,1.6927131582633592e-05,4.620531854016008e-06,4.23475921706995e-06,4.197384896542644e-06,0.007783957212580468,0.007780678603685697
2021-07-30_02h22m33s_C11H16N2O8_[M]-_-H2_76,2021-07-30_02h22m33s,N-Acetylaspartylglutamic acid,C11H16N2O8,[M]-,-H2,76,1.3935919063288136,1.5187875053176212,0.327683615819209,0.327683615819209,0.2311158082100345,0.24074407981728574,0.22513599234544712,0.22513599234544712,1.4010787541111203,189,26.333534240722656,9.119232177734375,4661.03564453125,40.80650329589844,19.17568588256836,17.3375244140625,17.21430206298828,1.529658564477817,1.3732056937252064,1.2534239431261085e-05,4.441799319465645e-06,0.002218560315668583,2.0373099687276408e-05,9.0002577053383e-06,8.150239409587812e-06,8.09244011179544e-06,0.012433621097159564,0.012422434321044049
2021-07-30_02h22m33s_C11H16N2O8_+Cl_+HCl_76,2021-07-30_02h22m33s,N-Acetylaspartylglutamic acid,C11H16N2O8,+Cl,+HCl,76,0.8201239792686378,0.802975974137955,0.096045197740113,0.096045197740113,0.12709978863054844,0.16116720759706696,0.10711058348246717,0.10711058348246717,0.8183071125620182,189,5.600399017333984,-1.4048194885253906,991.2706298828125,17.591676712036133,15.36650276184082,6.973553657531738,7.005218505859375,0.7993468962822542,0.3644313005259634,2.5135484520433238e-06,-5.966305707261199e-07,0.0004448980907909572,7.951914994919207e-06,6.990064321144018e-06,3.093179657298606e-06,3.1101790227694437e-06,0.0025057551050793087,0.002496100548656174
2021-07-30_02h22m33s_C11H16N2O8_[M]-_-CH2O2_76,2021-07-30_02h22m33s,N-Acetylaspartylglutamic acid,C11H16N2O8,[M]-,-CH2O2,76,1.3300956389206147,1.767340226437318,0.3785310734463277,0.3785310734463277,0.2791967960841028,0.2864827503305686,0.27458936513280296,0.27458936513280296,1.3382304860040617,189,34.751609802246094,15.23149299621582,6151.03515625,48.14958190917969,21.16217041015625,19.6622257232666,19.520116806030273,1.7802060275317324,1.6420795716679917,1.561122917337343e-05,6.728108928655274e-06,0.002763187512755394,2.2174612240632996e-05,9.521821084490512e-06,8.947552487370558e-06,8.883120244718157e-06,0.015473773780243956,0.015463983885561668
2021-07-30_02h22m33s_C11H16N2O8_-H_+H2_76,2021-07-30_02h22m33s,N-Acetylaspartylglutamic acid,C11H16N2O8,-H,+H2,76,0.6562125009022094,0.8159986327844978,0.2033898305084746,0.2033898305084746,0.31820002224941596,0.34977160716432265,0.29994507149565003,0.29994507149565003,0.6550558669780671,189,94.43329620361328,-21.170928955078125,16714.693359375,196.45858764648438,141.94662475585938,115.72627258300781,115.6042251586914,0.816860103632726,0.6652685902003106,4.475209061638452e-05,-8.405859261984006e-06,0.007921120151877403,9.80533441179432e-05,6.532533734571189e-05,5.314891313901171e-05,5.315794987836853e-05,0.04249323724095995,0.042007909741343066
2021-07-30_02h22m33s_C11H16N2O8_+Cl_-CO2_76,2021-07-30_02h22m33s,N-Acetylaspartylglutamic acid,C11H16N2O8,+Cl,-CO2,76,0.9012926217745704,1.0251945654476085,0.0903954802259887,0.0903954802259887,0.08904216264323062,0.0869094843130184,0.09029537360242394,0.09029537360242394,0.9013135603710393,189,9.398028373718262,0.24984264373779297,1663.4510498046875,33.83648681640625,9.410719871520996,9.166068077087402,9.148185729980469,1.027198337762712,0.9985452714286405,4.28920293416013e-06,-1.6848844097694382e-08,0.0007591889007017016,1.6320705981343053e-05,4.318834726291243e-06,4.307471044739941e-06,4.3060517782578245e-06,0.004270812593995151,0.004270758235186412
2021-07-30_02h22m33s_C11H16N2O8_[M]-__76,2021-07-30_02h22m33s,N-Acetylaspartylglutamic acid,C11H16N2O8,[M]-,,76,5.432353277184882,50.97068647208198,0.2711864406779661,0.2711864406779661,0.0417399043275114,0.043605000601033776,0.03992061945177809,0.03992061945177809,5.450902617279715,189,203.2257080078125,199.27589416503906,35970.94921875,592.6487426757812,4.349663257598877,3.986109495162964,3.9498112201690674,51.43898219442534,46.71143133241996,8.898548549041152e-05,8.710888505447656e-05,0.015750430524349213,0.00023605390742886811,1.955402012754348e-06,1.8908199308498297e-06,1.8766014591165003e-06,0.08881880798574847,0.08881182267359918
2021-07-30_02h22m33s_C3H6O3_-H_+C12H14N2_104,2021-07-30_02h22m33s,Lactic acid,C3H6O3,-H,+C12H14N2,104,0.6801619218512185,1.2342530727355194,0.01694915254237288,0.01694915254237288,0.019390366002892425,0.02698641663661498,0.014919290536350266,0.014919290536350266,0.682193008497818,181,1.0543702840805054,0.20358067750930786,186.62353515625,8.039551734924316,2.4547176361083984,0.8532577753067017,0.8507896065711975,1.2378294780148564,0.42935322391192215,5.054362191003747e-07,8.948515528572898e-08,8.946221350925043e-05,3.913920409104321e-06,1.141964730777545e-06,4.1696898733789567e-07,4.1595106381464575e-07,0.0005052260697791832,0.0005048596871436653
2021-07-30_02h22m33s_C3H6O3_-H_+C12H14N2_125,2021-07-30_02h22m33s,Dihydroxyacetone,C3H6O3,-H,+C12H14N2,125,0.4534412812341457,0.5958462845099177,0.011299435028248588,0.011299435028248588,0.019390366002892425,0.027016468325519894,0.014919290536350266,0.014919290536350266,0.4537898228234108,181,0.5090063214302063,-0.3438020944595337,90.0941162109375,4.761317729949951,2.4576187133789062,0.8532577753067017,0.85280841588974,0.5961598784427289,0.20702938550836678,2.113202839382211e-07,-2.0597413197265269e-07,3.740368993021548e-05,1.979983835553867e-06,1.1435290616645943e-06,4.1696898733789567e-07,4.172944159108738e-07,0.00021123213794659506,0.0002110789090713935
2021-07-30_02h22m33s_C3H6O3_+Cl_+C12H14N2_104,2021-07-30_02h22m33s,Lactic acid,C3H6O3,+Cl,+C12H14N2,104,1.043660273135248,1.2631080047633831,0.5423728813559322,0.5423728813559322,0.510145733674491,0.5107585046279601,0.5096833637507309,0.5096833637507309,1.0449910999348393,189,83.11705017089844,17.54888153076172,14711.7177734375,83.77603912353516,80.6955337524414,65.80259704589844,65.56816864013672,1.267623974723086,1.0299952960294754,4.164985875831917e-05,9.687744750408456e-06,0.0073720249347388744,4.415109287947416e-05,3.868037310894579e-05,3.2046784326666966e-05,3.1962114007910714e-05,0.04035987193033706,0.04009882138588419
2021-07-30_02h22m33s_C3H6O3_+Cl_+C12H14N2_125,2021-07-30_02h22m33s,Dihydroxyacetone,C3H6O3,+Cl,+C12H14N2,125,0.913202738993342,1.1204012563153394,0.4745762711864407,0.4745762711864407,0.510145733674491,0.5111191248948191,0.5096833637507309,0.5096833637507309,0.9146548328118149,189,73.72643280029297,8.133064270019531,13049.578125,84.57125091552734,80.7454833984375,65.80259704589844,65.59336853027344,1.123975037068409,0.9130606027323244,3.429392018006183e-05,2.2759595594834536e-06,0.0060700238682329655,4.13473644584883e-05,3.871949593303725e-05,3.2046784326666966e-05,3.201796062057838e-05,0.03322996448573437,0.033015573804414895
2021-07-30_02h22m33s_C3H6O3_-H_+HCl_104,2021-07-30_02h22m33s,Lactic acid,C3H6O3,-H,+HCl,104,0.36054265448243694,0.864281999568988,0.005649717514124294,0.005649717514124294,0.005896095227500278,0.00628080298112754,0.00567003915870794,0.00567003915870794,0.3597295116443923,82,0.308474600315094,-0.05033347010612488,54.60000228881836,4.092377662658691,0.6592459678649902,0.35591429471969604,0.35880807042121887,0.8573309652392455,0.467211638281708,1.486282883433887e-07,-4.272099829449871e-08,2.630720700835809e-05,1.971777010112419e-06,2.9926914635325375e-07,1.89428533303726e-07,1.9134928663788742e-07,0.0001485998538673567,0.00014858382178987973
2021-07-30_02h22m33s_C3H6O3_-H_+HCl_125,2021-07-30_02h22m33s,Dihydroxyacetone,C3H6O3,-H,+HCl,125,0.0,0.0,0.0,0.0,0.005896095227500278,0.006310854670032456,0.00567003915870794,0.00567003915870794,0.0,82,0.0,-0.3619077205657959,0.0,0.0,0.6608867645263672,0.35591429471969604,0.3619077205657959,0.0,0.0,0.0,-1.9303178078189376e-07,0.0,0.0,3.0005972462276986e-07,1.89428533303726e-07,1.9303178078189376e-07,0.0,0.0
2021-07-30_02h22m33s_C3H6O3_+Cl__104,2021-07-30_02h22m33s,Lactic acid,C3H6O3,+Cl,,104,0.36054265448243694,0.864281999568988,0.005649717514124294,0.005649717514124294,0.005896095227500278,0.00628080298112754,0.00567003915870794,0.00567003915870794,0.3597295116443923,82,0.308474600315094,-0.05033347010612488,54.60000228881836,4.092377662658691,0.6592459678649902,0.35591429471969604,0.35880807042121887,0.8573309652392455,0.467211638281708,1.486282883433887e-07,-4.272099829449871e-08,2.630720700835809e-05,1.971777010112419e-06,2.9926914635325375e-07,1.89428533303726e-07,1.9134928663788742e-07,0.0001485998538673567,0.00014858382178987973
2021-07-30_02h22m33s_C3H6O3_+Cl__125,2021-07-30_02h22m33s,Dihydroxyacetone,C3H6O3,+Cl,,125,0.0,0.0,0.0,0.0,0.005896095227500278,0.006310854670032456,0.00567003915870794,0.00567003915870794,0.0,82,0.0,-0.3619077205657959,0.0,0.0,0.6608867645263672,0.35591429471969604,0.3619077205657959,0.0,0.0,0.0,-1.9303178078189376e-07,0.0,0.0,3.0005972462276986e-07,1.89428533303726e-07,1.9303178078189376e-07,0.0,0.0
2021-07-30_02h22m33s_C3H6O3_[M]-_+C12H14N2_104,2021-07-30_02h22m33s,Lactic acid,C3H6O3,[M]-,+C12H14N2,104,0.0,0.0,0.0,0.0,0.0034597841806652575,0.004868373602596466,0.0026401119832733847,0.0026401119832733847,0.0,94,0.0,-0.15109536051750183,0.0,0.0,0.284502774477005,0.14931006729602814,0.15109536051750183,0.0,0.0,0.0,-7.702472260007198e-08,0.0,0.0,1.3792082143027073e-07,7.627347287098019e-08,7.702472260007198e-08,0.0,0.0
2021-07-30_02h22m33s_C3H6O3_[M]-_+C12H14N2_125,2021-07-30_02h22m33s,Dihydroxyacetone,C3H6O3,[M]-,+C12H14N2,125,0.4469673624411354,2.064783914011151,0.005649717514124294,0.005649717514124294,0.0034597841806652575,0.004838321913691549,0.0026401119832733847,0.0026401119832733847,0.44715588850589255,94,0.31035780906677246,0.1612606793642044,54.93333435058594,4.1173624992370605,0.2828519344329834,0.14931006729602814,0.14909712970256805,2.0677131513559015,1.093379228458445,1.0682371964776394e-07,3.05303800018919e-08,1.8907798221334815e-05,1.4171766906656558e-06,1.373526146153381e-07,7.627347287098019e-08,7.629333964587204e-08,0.0001068155703311772,0.00010680904914559921
2021-07-30_02h22m33s_C3H6O3_+Cl_-H2_104,2021-07-30_02h22m33s,Lactic acid,C3H6O3,+Cl,-H2,104,0.8695559058718867,3.462222873014041,0.011299435028248588,0.011299435028248588,0.006218711758816331,0.011660055295107585,0.002994489430692631,0.002994489430692631,0.881639479378551,90,0.6179683804512024,0.45180544257164,109.38040161132812,5.788656234741211,1.2053149938583374,0.17748890817165375,0.16616293787956238,3.696802582498499,0.5122777911220865,3.036026612335263e-07,2.2773178898205515e-07,5.3737669077236205e-05,2.9179989269323414e-06,5.260474154056283e-07,8.129661921429943e-08,7.58708651460438e-08,0.00030357962838448003,0.00030344303580881623
2021-07-30_02h22m33s_C3H6O3_+Cl_-H2_125,2021-07-30_02h22m33s,Dihydroxyacetone,C3H6O3,+Cl,-H2,125,0.0,0.0,0.0,0.0,0.006218711758816331,0.011720158672917418,0.002994489430692631,0.002994489430692631,0.0,90,0.0,-0.17401452362537384,0.0,0.0,1.2086021900177002,0.17748890817165375,0.17401452362537384,0.0,0.0,0.0,-8.022908559723874e-08,0.0,0.0,5.27662280092045e-07,8.129661921429943e-08,8.022908559723874e-08,0.0,0.0
2021-07-30_02h22m33s_C3H6O3_+Cl_-H2O_104,2021-07-30_02h22m33s,Lactic acid,C3H6O3,+Cl,-H2O,104,0.0,0.0,0.0,0.0,0.00020024474357548114,0.00015025844452458227,0.00023034534082251004,0.00023034534082251004,0.0,5,0.0,-0.012063410133123398,0.0,0.0,0.009179789572954178,0.012685948051512241,0.012063410133123398,0.0,0.0,0.0,-5.224333410325244e-09,0.0,0.0,3.8908791744063365e-09,5.421941118299856e-09,5.224333410325244e-09,0.0,0.0
2021-07-30_02h22m33s_C3H6O3_+Cl_-H2O_125,2021-07-30_02h22m33s,Dihydroxyacetone,C3H6O3,+Cl,-H2O,125,0.0,0.0,0.0,0.0,0.00020024474357548114,0.00015025844452458227,0.00023034534082251004,0.00023034534082251004,0.0,5,0.0,-0.013009591028094292,0.0,0.0,0.009179789572954178,0.012685948051512241,0.013009591028094292,0.0,0.0,0.0,-5.560265137205533e-09,0.0,0.0,3.8908791744063365e-09,5.421941118299856e-09,5.560265137205533e-09,0.0,0.0
2021-07-30_02h22m33s_C3H6O3_+Cl_+H2_104,2021-07-30_02h22m33s,Lactic acid,C3H6O3,+Cl,+H2,104,0.0,0.0,0.0,0.0,0.001312715541217043,0.002163721601153985,0.0008150681290642664,0.0008150681290642664,0.0,38,0.0,-0.04715431109070778,0.0,0.0,0.1515170931816101,0.04699184373021126,0.04715431109070778,0.0,0.0,0.0,-2.1170736275166746e-08,0.0,0.0,6.677602470972488e-08,2.1104211711531207e-08,2.1170736275166746e-08,0.0,0.0
2021-07-30_02h22m33s_C3H6O3_+Cl_+H2_125,2021-07-30_02h22m33s,Dihydroxyacetone,C3H6O3,+Cl,+H2,125,0.0,0.0,0.0,0.0,0.001312715541217043,0.002163721601153985,0.0008150681290642664,0.0008150681290642664,0.0,38,0.0,-0.04725008085370064,0.0,0.0,0.1515170931816101,0.04699184373021126,0.04725008085370064,0.0,0.0,0.0,-2.1227316793215323e-08,0.0,0.0,6.677602470972488e-08,2.1104211711531207e-08,2.1227316793215323e-08,0.0,0.0
2021-07-30_02h22m33s_C3H6O3_-H_+H2_104,2021-07-30_02h22m33s,Lactic acid,C3H6O3,-H,+H2,104,0.0,0.0,0.0,0.0,0.00011124707976415619,6.0103377809832915e-05,0.0001417509789676985,0.0001417509789676985,0.0,2,0.0,-0.007963987067341805,0.0,0.0,0.0032535961363464594,0.007766147144138813,0.007963987067341805,0.0,0.0,0.0,-3.4608189647400422e-09,0.0,0.0,1.0902063696249797e-09,3.3748459582483292e-09,3.4608189647400422e-09,0.0,0.0
2021-07-30_02h22m33s_C3H6O3_-H_+H2_125,2021-07-30_02h22m33s,Dihydroxyacetone,C3H6O3,-H,+H2,125,0.0,0.0,0.0,0.0,0.00011124707976415619,6.0103377809832915e-05,0.0001417509789676985,0.0001417509789676985,0.0,2,0.0,-0.00796427670866251,0.0,0.0,0.0032535961363464594,0.007766147144138813,0.00796427670866251,0.0,0.0,0.0,-3.4609448640310347e-09,0.0,0.0,1.0902063696249797e-09,3.3748459582483292e-09,3.4609448640310347e-09,0.0,0.0
2021-07-30_02h22m33s_C3H6O3_[M]-__104,2021-07-30_02h22m33s,Lactic acid,C3H6O3,[M]-,,104,0.0,0.0,0.0,0.0,0.00015574591166981868,0.00015025844452458227,0.0001594698513386608,0.0001594698513386608,0.0,5,0.0,-0.009586839936673641,0.0,0.0,0.007942130789160728,0.009348684921860695,0.009586839936673641,0.0,0.0,0.0,-4.24747392813174e-09,0.0,0.0,3.4446709928914743e-09,4.141958775960575e-09,4.24747392813174e-09,0.0,0.0
2021-07-30_02h22m33s_C3H6O3_[M]-__125,2021-07-30_02h22m33s,Dihydroxyacetone,C3H6O3,[M]-,,125,0.0,0.0,0.0,0.0,0.00015574591166981868,0.00015025844452458227,0.0001594698513386608,0.0001594698513386608,0.0,5,0.0,-0.009587188251316547,0.0,0.0,0.007942130789160728,0.009348684921860695,0.009587188251316547,0.0,0.0,0.0,-4.247628027087558e-09,0.0,0.0,3.4446709928914743e-09,4.141958775960575e-09,4.247628027087558e-09,0.0,0.0
2021-07-30_02h22m33s_C3H6O3_[M]-_-H2O_104,2021-07-30_02h22m33s,Lactic acid,C3H6O3,[M]-,-H2O,104,0.0,0.0,0.0,0.0,7.787295583490934e-05,6.0103377809832915e-05,8.859436185481156e-05,8.859436185481156e-05,0.0,2,0.0,-0.005094796884804964,0.0,0.0,0.0036692521534860134,0.004968232940882444,0.005094796884804964,0.0,0.0,0.0,-3.2411604511395353e-09,0.0,0.0,1.2240650715256152e-09,3.16064396876925e-09,3.2411604511395353e-09,0.0,0.0
2021-07-30_02h22m33s_C3H6O3_[M]-_-H2O_125,2021-07-30_02h22m33s,Dihydroxyacetone,C3H6O3,[M]-,-H2O,125,0.0,0.0,0.0,0.0,7.787295583490934e-05,6.0103377809832915e-05,8.859436185481156e-05,8.859436185481156e-05,0.0,2,0.0,-0.0050949822179973125,0.0,0.0,0.0036692521534860134,0.004968232940882444,0.0050949822179973125,0.0,0.0,0.0,-3.2412781347801456e-09,0.0,0.0,1.2240650715256152e-09,3.16064396876925e-09,3.2412781347801456e-09,0.0,0.0
2021-07-30_02h22m33s_C3H6O3_[M]-_+HCl_104,2021-07-30_02h22m33s,Lactic acid,C3H6O3,[M]-,+HCl,104,0.0,0.0,0.0,0.0,0.0011458449215708088,0.0014725327563409063,0.0009568191080319648,0.0009568191080319648,0.0,21,0.0,-0.06974557042121887,0.0,0.0,0.10724740475416183,0.07007292658090591,0.06974557042121887,0.0,0.0,0.0,-3.389501657125038e-08,0.0,0.0,4.3909757607707434e-08,3.43683232983949e-08,3.389501657125038e-08,0.0,0.0
2021-07-30_02h22m33s_C3H6O3_[M]-_+HCl_125,2021-07-30_02h22m33s,Dihydroxyacetone,C3H6O3,[M]-,+HCl,125,0.0,0.0,0.0,0.0,0.0011458449215708088,0.0014725327563409063,0.0009568191080319648,0.0009568191080319648,0.0,21,0.0,-0.07087362557649612,0.0,0.0,0.10724740475416183,0.07007292658090591,0.07087362557649612,0.0,0.0,0.0,-3.489406807943851e-08,0.0,0.0,4.3909754054993755e-08,3.43683232983949e-08,3.489406807943851e-08,0.0,0.0
2021-07-30_02h22m33s_C3H6O3_+Cl_+HCl_104,2021-07-30_02h22m33s,Lactic acid,C3H6O3,+Cl,+HCl,104,0.0,0.0,0.0,0.0,0.002480809878740683,0.003636254357494891,0.0018073249818381558,0.0018073249818381558,0.0,74,0.0,-0.10322487354278564,0.0,0.0,0.21863193809986115,0.10488010197877884,0.10322487354278564,0.0,0.0,0.0,-4.178521351150266e-08,0.0,0.0,9.227407815615152e-08,4.241622875156281e-08,4.178521351150266e-08,0.0,0.0
2021-07-30_02h22m33s_C3H6O3_+Cl_+HCl_125,2021-07-30_02h22m33s,Dihydroxyacetone,C3H6O3,+Cl,+HCl,125,0.0,0.0,0.0,0.0,0.002480809878740683,0.003636254357494891,0.0018073249818381558,0.0018073249818381558,0.0,74,0.0,-0.10654570162296295,0.0,0.0,0.21863193809986115,0.10488010197877884,0.10654570162296295,0.0,0.0,0.0,-4.314815882366929e-08,0.0,0.0,9.227407815615152e-08,4.241622875156281e-08,4.314815882366929e-08,0.0,0.0
2021-07-30_02h22m33s_C3H6O3_+Cl_-CH2O3_104,2021-07-30_02h22m33s,Lactic acid,C3H6O3,+Cl,-CH2O3,104,0.0,0.0,0.0,0.0,3.337412392924686e-05,3.0051688904916458e-05,3.5437744741924624e-05,3.5437744741924624e-05,0.0,1,0.0,-0.0018764528213068843,0.0,0.0,0.0017129462212324142,0.0018298382638022304,0.0018764528213068843,0.0,0.0,0.0,-1.0126418592548703e-09,0.0,0.0,9.873452055941812e-10,9.874858708514012e-10,1.0126418592548703e-09,0.0,0.0
2021-07-30_02h22m33s_C3H6O3_+Cl_-CH2O3_125,2021-07-30_02h22m33s,Dihydroxyacetone,C3H6O3,+Cl,-CH2O3,125,0.0,0.0,0.0,0.0,3.337412392924686e-05,3.0051688904916458e-05,3.5437744741924624e-05,3.5437744741924624e-05,0.0,1,0.0,-0.0018765210406854749,0.0,0.0,0.0017129462212324142,0.0018298382638022304,0.0018765210406854749,0.0,0.0,0.0,-1.0126786076369854e-09,0.0,0.0,9.873452055941812e-10,9.874858708514012e-10,1.0126786076369854e-09,0.0,0.0
2021-07-30_02h22m33s_C3H6O3_+Cl_-CH2O2_104,2021-07-30_02h22m33s,Lactic acid,C3H6O3,+Cl,-CH2O2,104,0.0,0.0,0.0,0.0,0.00013349649571698743,0.00012020675561966583,0.0001417509789676985,0.0001417509789676985,0.0,4,0.0,-0.00799961481243372,0.0,0.0,0.00743620190769434,0.007800889667123556,0.00799961481243372,0.0,0.0,0.0,-3.3192752990629515e-09,0.0,0.0,3.6619702825646527e-09,3.2368183688902263e-09,3.3192752990629515e-09,0.0,0.0
2021-07-30_02h22m33s_C3H6O3_+Cl_-CH2O2_125,2021-07-30_02h22m33s,Dihydroxyacetone,C3H6O3,+Cl,-CH2O2,125,0.0,0.0,0.0,0.0,0.00013349649571698743,0.00012020675561966583,0.0001417509789676985,0.0001417509789676985,0.0,4,0.0,-0.006175973452627659,0.0,0.0,0.00743620190769434,0.007800889667123556,0.006175973452627659,0.0,0.0,0.0,-2.671355137096043e-09,0.0,0.0,3.6619702825646527e-09,3.2368183688902263e-09,2.671355137096043e-09,0.0,0.0
2021-07-30_02h22m33s_C3H6O3_-H_-H2O_104,2021-07-30_02h22m33s,Lactic acid,C3H6O3,-H,-H2O,104,0.0,0.0,0.0,0.0,5.5623539882078096e-05,3.0051688904916458e-05,7.087548948384925e-05,7.087548948384925e-05,0.0,1,0.0,-0.003967528697103262,0.0,0.0,0.001803101389668882,0.0038689677603542805,0.003967528697103262,0.0,0.0,0.0,-1.4305241435863536e-09,0.0,0.0,9.879969065096361e-10,1.3949872368357319e-09,1.4305241435863536e-09,0.0,0.0
2021-07-30_02h22m33s_C3H6O3_-H_-H2O_125,2021-07-30_02h22m33s,Dihydroxyacetone,C3H6O3,-H,-H2O,125,0.0,0.0,0.0,0.0,5.5623539882078096e-05,3.0051688904916458e-05,7.087548948384925e-05,7.087548948384925e-05,0.0,1,0.0,-0.00396767258644104,0.0,0.0,0.001803101389668882,0.0038689677603542805,0.00396767258644104,0.0,0.0,0.0,-1.430576102023906e-09,0.0,0.0,9.879969065096361e-10,1.3949872368357319e-09,1.430576102023906e-09,0.0,0.0
2021-07-30_02h22m33s_C3H6O3_[M]-_-H2_104,2021-07-30_02h22m33s,Lactic acid,C3H6O3,[M]-,-H2,104,0.0,0.0,0.0,0.0,0.00010012237178774057,0.00012020675561966583,8.859436185481156e-05,8.859436185481156e-05,0.0,4,0.0,-0.005017983261495829,0.0,0.0,0.006346916779875755,0.004893327131867409,0.005017983261495829,0.0,0.0,0.0,-1.8994719130915882e-09,0.0,0.0,2.5647248769189446e-09,1.8522855471658772e-09,1.8994719130915882e-09,0.0,0.0
2021-07-30_02h22m33s_C3H6O3_[M]-_-H2_125,2021-07-30_02h22m33s,Dihydroxyacetone,C3H6O3,[M]-,-H2,125,0.0,0.0,0.0,0.0,0.00010012237178774057,0.00012020675561966583,8.859436185481156e-05,8.859436185481156e-05,0.0,4,0.0,-0.005018165335059166,0.0,0.0,0.006346916779875755,0.004893327131867409,0.005018165335059166,0.0,0.0,0.0,-1.89954096896372e-09,0.0,0.0,2.5647248769189446e-09,1.8522855471658772e-09,1.89954096896372e-09,0.0,0.0
2021-07-30_02h22m33s_C10H17N3O6S_-H_-H2O_112,2021-07-30_02h22m33s,Glutathione,C10H17N3O6S,-H,-H2O,112,48.62360787270571,2668.346418980118,0.7231638418079096,0.6101694915254238,0.0070641895650239185,0.006971991825940618,0.004872689902014636,0.004872689902014636,63.54208551585894,3,2445.566650390625,2445.36767578125,432865.3125,4736.5751953125,4.738358497619629,0.9155101776123047,0.19898080825805664,12229.006731660213,516.012167389094,0.0009401669376529753,0.0009400724666193128,0.16640955209732056,0.0014725123764947057,1.8205200831289403e-06,4.4395247300599294e-07,9.448368842868149e-08,0.9400781156052018,0.9384584551881232
2021-07-30_02h22m33s_C10H17N3O6S_-H_-CO2_112,2021-07-30_02h22m33s,Glutathione,C10H17N3O6S,-H,-CO2,112,1.1529668308294876,18.249690059928838,1.0,1.0,0.8583268439203471,0.8592679408582762,0.8573276396690115,0.8573276396690115,1.1560569798846339,189,2354.438232421875,2227.583984375,416735.5625,2568.435302734375,123.3728256225586,129.01150512695312,126.85425567626953,18.560036948175995,19.083774216622587,0.0009903255850076675,0.0009286970598623157,0.1752876341342926,0.0009731334284879267,6.048248542356305e-05,6.270541780395433e-05,6.162849604152143e-05,0.9328362875528303,0.9338443572805689
2021-07-30_02h22m33s_C10H17N3O6S_-H_-H2_112,2021-07-30_02h22m33s,Glutathione,C10H17N3O6S,-H,-H2,112,3.818222700678819,38.45146402279584,0.9378531073446328,0.7853107344632768,0.24948270107909667,0.2693232359658613,0.23562556478905683,0.23562556478905683,3.892028378166958,148,464.6971130371094,452.9772033691406,82251.390625,682.0348510742188,19.334693908691406,12.084290504455566,11.719895362854004,39.64689545048178,24.03312315717967,0.00017814725288189948,0.00017242316971533,0.03153206408023834,0.00020144016889389604,8.881052963261027e-06,5.9045219131803606e-06,5.724088168790331e-06,0.1771333261056397,0.17657904503077906
2021-07-30_02h22m33s_C10H17N3O6S_-H_-CH2O2_112,2021-07-30_02h22m33s,Glutathione,C10H17N3O6S,-H,-CH2O2,112,2.0264039208619704,29.21178319403384,0.96045197740113,0.9548022598870056,0.4705973968183335,0.47923428296670273,0.46396867303364814,0.46396867303364814,2.0447384701990066,189,1037.8663330078125,1003.15478515625,183702.34375,1233.9869384765625,37.76731872558594,35.52803039550781,34.711524963378906,29.89890058711497,27.479812923330257,0.00042499147821217775,0.00040826009353622794,0.07522349059581757,0.00042737467447295785,1.829278153309133e-05,1.7141966964118183e-05,1.6731391951907426e-05,0.41799779329748515,0.4173568603445578
2021-07-30_02h22m33s_C10H17N3O6S_-H_-NH3_112,2021-07-30_02h22m33s,Glutathione,C10H17N3O6S,-H,-NH3,112,25.71438638085937,234.092381295992,0.8248587570621468,0.8248587570621468,0.03861386138613861,0.06247746123332131,0.02207771497421904,0.02207771497421904,27.162330691516257,188,297.97174072265625,296.82666015625,52740.99609375,400.9148864746094,4.438606262207031,1.2718809843063354,1.1450676918029785,259.9948876090304,67.11670430308105,0.00011664900375762954,0.00011612291564233601,0.020646873861551285,0.00012539117597043514,1.9044974806092796e-06,5.882337745788391e-07,5.2609124168157e-07,0.11658766800660318,0.11642726831844284
2021-07-30_02h22m33s_C10H17N3O6S_-H_+HCl_112,2021-07-30_02h22m33s,Glutathione,C10H17N3O6S,-H,+HCl,112,2.5430214158979925,4.288074645049118,0.07909604519774012,0.07909604519774012,0.027233285126265435,0.037354249308811156,0.021103176993816114,0.021103176993816114,2.545216931672038,188,5.422731876373291,4.160818576812744,959.8235473632812,18.80314064025879,2.3771297931671143,1.2636076211929321,1.2619131803512573,4.293827921619325,2.2802505952172933,2.0606878479156876e-06,1.486823975938023e-06,0.0003647417470347136,7.334654583246447e-06,1.0288165412930539e-06,5.744845452682057e-07,5.738639288210834e-07,0.0020595059717273215,0.002058569957092422
2021-07-30_02h22m33s_C10H17N3O6S_+Cl__112,2021-07-30_02h22m33s,Glutathione,C10H17N3O6S,+Cl,,112,2.5430214158979925,4.288074645049118,0.07909604519774012,0.07909604519774012,0.027233285126265435,0.037354249308811156,0.021103176993816114,0.021103176993816114,2.545216931672038,188,5.422731876373291,4.160818576812744,959.8235473632812,18.80314064025879,2.3771297931671143,1.2636076211929321,1.2619131803512573,4.293827921619325,2.2802505952172933,2.0606878479156876e-06,1.486823975938023e-06,0.0003647417470347136,7.334654583246447e-06,1.0288165412930539e-06,5.744845452682057e-07,5.738639288210834e-07,0.0020595059717273215,0.002058569957092422
2021-07-30_02h22m33s_C10H17N3O6S_[M]-_-CO2_112,2021-07-30_02h22m33s,Glutathione,C10H17N3O6S,[M]-,-CO2,112,0.24442774705725479,0.2831149866837472,0.062146892655367235,0.062146892655367235,0.250294804761375,0.2615398485394879,0.24425465563371548,0.24425465563371548,0.24448518753358392,189,5.5019612312316895,-13.905376434326172,973.8471069335938,22.755268096923828,21.311826705932617,19.432662963867188,19.407337188720703,0.2834844210368106,0.25815258140771014,2.7273404157313053e-06,-6.631468295381637e-06,0.00048273924039676785,1.164769219030859e-05,1.0182015103055164e-05,9.373002285428811e-06,9.358808711112943e-06,0.0027020524239679895,0.002699850497192896
2021-07-30_02h22m33s_C10H17N3O6S_+Cl_-H2O_112,2021-07-30_02h22m33s,Glutathione,C10H17N3O6S,+Cl,-H2O,112,1.9454718407799674,5.034514699885237,0.03389830508474576,0.03389830508474576,0.011558571587495828,0.018451736987618705,0.007424207523433209,0.007424207523433209,1.9924548957199397,163,2.27335786819458,1.8498167991638184,402.38433837890625,12.314355850219727,1.2400819063186646,0.4505545198917389,0.4235411286354065,5.354858963845943,1.8317549040239292,8.044151513786346e-07,6.096935862842656e-07,0.00014238148287404329,4.408142103784485e-06,5.19722902936337e-07,2.0747705775647773e-07,1.94721565094369e-07,0.0008042585448960319,0.0008039972955702279
2021-07-30_02h22m33s_C10H17N3O6S_[M]-_-CH2O3_112,2021-07-30_02h22m33s,Glutathione,C10H17N3O6S,[M]-,-CH2O3,112,0.7702216676524595,1.0774355930706812,0.14689265536723164,0.14689265536723164,0.19734119479363665,0.22580839043154224,0.1807147793114446,0.1807147793114446,0.7714107662223789,189,13.204608917236328,0.9739751815795898,2337.2158203125,33.944618225097656,16.814577102661133,12.254590034484863,12.230633735656738,1.0795458074209046,0.7852605257982281,6.234681222849758e-06,3.321574695291929e-07,0.001103538554161787,1.640949267311953e-05,7.826514774933457e-06,5.912697815801948e-06,5.9025237533205654e-06,0.006198096809208027,0.006186264333640874
2021-07-30_02h22m33s_C10H17N3O6S_+Cl_-H2_112,2021-07-30_02h22m33s,Glutathione,C10H17N3O6S,+Cl,-H2,112,1.1926764631311249,2.7774193474958815,0.022598870056497175,0.022598870056497175,0.01086883969295806,0.014064190407500902,0.008948030547335967,0.008948030547335967,1.1978241204274847,160,1.452797293663025,0.935020923614502,257.1451110839844,9.628536224365234,0.8641816973686218,0.5220745205879211,0.517776370048523,2.800430739601998,1.679181723424787,7.353589808190009e-07,5.004858962820435e-07,0.00013015854347031564,5.080114533484448e-06,3.6446508033805003e-07,2.369767457821581e-07,2.3487309874781204e-07,0.0007351863053333103,0.0007350910657946502
2021-07-30_02h22m33s_C10H17N3O6S_-H_+H2_112,2021-07-30_02h22m33s,Glutathione,C10H17N3O6S,-H,+H2,112,0.20045934553797587,0.23545901691977913,0.1694915254237288,0.1694915254237288,0.8271109133385248,0.8163541291020555,0.8355157077803569,0.8355157077803569,0.20027047539643478,189,46.71192932128906,-151.3721923828125,8268.01171875,108.75684356689453,191.24942016601562,198.3856658935547,198.08412170410156,0.2358174552406166,0.24424484547924444,2.2156811610329896e-05,-7.406123040709645e-05,0.003921755589544773,5.3098410717211664e-05,9.300735837314278e-05,9.63335987762548e-05,9.621804201742634e-05,0.020212047933049503,0.020271420352840627
2021-07-30_02h22m33s_C10H17N3O6S_+Cl_+H2_112,2021-07-30_02h22m33s,Glutathione,C10H17N3O6S,+Cl,+H2,112,2.437621706698007,3.2822138023526737,0.192090395480226,0.192090395480226,0.07829569473801312,0.09379132107224426,0.06880238141644665,0.06880238141644665,2.4527469008395264,189,13.98743724822998,9.75379753112793,2475.7763671875,30.254289627075195,6.103844165802002,4.260586261749268,4.233639240264893,3.303100088250968,2.2912029968896723,5.73630177314044e-06,3.755606485356111e-06,0.0010153254261240363,1.2912067177239805e-05,2.7383282485970994e-06,1.992134684769553e-06,1.9806952877843287e-06,0.005724962367157069,0.005720636791813453
2021-07-30_02h22m33s_C10H17N3O6S_+Cl_+C12H14N2_112,2021-07-30_02h22m33s,Glutathione,C10H17N3O6S,+Cl,+C12H14N2,112,3.603138535568032,5.7991838568440714,0.10734463276836158,0.10734463276836158,0.023373011458449215,0.02899987979324438,0.019791980438364904,0.019791980438364904,3.606021739953542,187,6.7606072425842285,5.596931457519531,1196.62744140625,19.880596160888672,1.7724627256393433,1.1647859811782837,1.1636759042739868,5.804711179972875,3.8120943535179133,2.8102203941671178e-06,2.3004959075478837e-06,0.0004974090261384845,8.379284736292902e-06,7.267870500982099e-07,5.097659254715836e-07,5.097245434626529e-07,0.0028087886856366486,0.0028081794457116226
2021-07-30_02h22m33s_C10H17N3O6S_+Cl_+HCl_112,2021-07-30_02h22m33s,Glutathione,C10H17N3O6S,+Cl,+HCl,112,2.6015728736116466,11.915975214619806,0.03389830508474576,0.03389830508474576,0.005540104572254978,0.009646592138478183,0.0030299271754345553,0.0030299271754345553,2.597086382213087,111,2.021956443786621,1.8522230386734009,357.88629150390625,11.002995491027832,0.6637892723083496,0.16868451237678528,0.16973337531089783,11.84277204210793,3.041499807549205,6.325661843220587e-07,5.553461051022168e-07,0.00011196421837667003,3.4329661957599455e-06,2.781990531275369e-07,7.662402623509479e-08,7.72201076415513e-08,0.000632517341264881,0.0006323902539522021
2021-07-30_02h22m33s_C10H17N3O6S_-H_-CH2O3_112,2021-07-30_02h22m33s,Glutathione,C10H17N3O6S,-H,-CH2O3,112,3.5148824759533217,7.794743051985839,0.5480225988700564,0.5480225988700564,0.14799199021025697,0.14938694554633972,0.14591491397487463,0.14591491397487463,3.5495726678823556,189,76.22764587402344,66.55376434326172,13492.2939453125,101.49617767333984,10.127065658569336,9.778366088867188,9.673883438110352,7.878921370127828,7.526377537800358,3.157581159030087e-05,2.6890749722952023e-05,0.005588918924331665,3.838479096884839e-05,4.873219040746335e-06,4.740124495583586e-06,4.685061412601499e-06,0.03142856682461749,0.03142268197817352
2021-07-30_02h22m33s_C10H17N3O6S_+Cl_-CH2O2_112,2021-07-30_02h22m33s,Glutathione,C10H17N3O6S,+Cl,-CH2O2,112,8.484874726433187,31.47841330061892,0.1694915254237288,0.1694915254237288,0.014350873289576148,0.02094602716672677,0.009975725144851781,0.009975725144851781,8.539587484457044,180,18.91055679321289,18.319520950317383,3347.168701171875,47.90739822387695,1.403130292892456,0.599746823310852,0.5910364389419556,31.941542022326296,13.467807716232551,7.683601324970368e-06,7.407012162730098e-06,0.0013599974336102605,1.8635904780239798e-05,6.189280270518793e-07,2.8008460617456876e-07,2.7658907697514223e-07,0.007681476712416675,0.007678848670312821
2021-07-30_02h22m33s_C10H17N3O6S_[M]-__112,2021-07-30_02h22m33s,Glutathione,C10H17N3O6S,[M]-,,112,0.0074712454714204,0.022216743303944072,0.005649717514124294,0.005649717514124294,0.7565135165201914,0.7780081740593822,0.7461948721583358,0.7461948721583358,0.007416728304964031,189,3.1451423168182373,-137.9656982421875,556.690185546875,41.725032806396484,158.84060668945312,141.5653076171875,141.11083984375,0.02228829501692263,0.01980049423050233,1.8085548845192534e-06,-6.706744170514867e-05,0.00032011422445066273,2.3993192371563055e-05,7.775748963467777e-05,6.907800707267597e-05,6.887599738547578e-05,0.0016920156210290709,0.0016780722026179474
2021-07-30_02h22m33s_C10H17N3O6S_[M]-_-CH2O2_112,2021-07-30_02h22m33s,Glutathione,C10H17N3O6S,[M]-,-CH2O2,112,0.7073937872797821,0.9621625046871257,0.5423728813559322,0.5423728813559322,0.7573367449104461,0.7595263853828585,0.7567198823466874,0.7567198823466874,0.7079196915736238,189,105.4395980834961,-3.9725112915039062,18662.80859375,115.16092681884766,106.89033508300781,109.5850601196289,109.412109375,0.9636834076446434,0.9864185717356383,5.0226954044774175e-05,-2.2288404579740018e-06,0.008890170603990555,5.7415043556829914e-05,5.138535925652832e-05,5.254206189420074e-05,5.2455794502748176e-05,0.04772357595171473,0.04777216422367858
2021-07-30_02h22m33s_C10H17N3O6S_+Cl_-CO2_112,2021-07-30_02h22m33s,Glutathione,C10H17N3O6S,+Cl,-CO2,112,1.2196663828325471,1.5173105984934898,0.5480225988700564,0.5480225988700564,0.4554789186783847,0.48238971030171895,0.4393217215656396,0.4393217215656396,1.2200309111262817,189,53.2012825012207,18.175819396972656,9416.626953125,53.93300247192383,40.816993713378906,35.06188201904297,35.02546310424805,1.5188882286766887,1.30337818352358,2.2705049559590407e-05,5.577443516813219e-06,0.004018793813884258,2.3251517632161267e-05,1.9686280211317353e-05,1.7132226275862195e-05,1.7127606042777188e-05,0.02232271489309622,0.02226670104346708
2021-07-30_02h22m33s_C10H17N3O6S_-H_+C12H14N2_112,2021-07-30_02h22m33s,Glutathione,C10H17N3O6S,-H,+C12H14N2,112,1.3558067761251564,5.442659155211964,0.4293785310734463,0.4293785310734463,0.3081877850706419,0.310073326120928,0.3066959618689867,0.3066959618689867,1.3558015139784867,189,194.53001403808594,158.8260040283203,34431.8125,376.17449951171875,36.11259078979492,35.74072265625,35.70400619506836,5.448255994560079,5.386615115909681,7.375619316007942e-05,5.706945376005024e-05,0.013054845854640007,0.00011774101585615426,1.662933391344268e-05,1.670353412919212e-05,1.668673758103978e-05,0.07254564305182581,0.07254973931960056
2021-07-30_02h22m33s_C10H17N3O6S_+Cl_-CH2O3_112,2021-07-30_02h22m33s,Glutathione,C10H17N3O6S,+Cl,-CH2O3,112,2.0170859790478533,2.4218436863637156,0.1016949152542373,0.1016949152542373,0.042418511514072756,0.04549825700204351,0.04041674787816504,0.04041674787816504,2.0232523173832635,189,6.162047386169434,3.6264617443084717,1090.682373046875,18.517892837524414,2.9485225677490234,2.5433621406555176,2.535585641860962,2.429268416755942,2.0891677363472767,2.4621122065582313e-06,1.30959585931123e-06,0.00043579385965131223,7.672569154237863e-06,1.2851288602178101e-06,1.156685584646766e-06,1.1525163472470012e-06,0.002459277848635257,0.0024589521362021038
2021-07-30_02h22m33s_C10H17N3O6S_[M]-_-NH3_112,2021-07-30_02h22m33s,Glutathione,C10H17N3O6S,[M]-,-NH3,112,5.7997897413078165,21.80223584090058,0.15254237288135594,0.15254237288135594,0.02054733563243965,0.02704652001442481,0.01630136258128533,0.01630136258128533,5.881844441314905,182,21.415088653564453,20.457794189453125,3790.470703125,61.387081146240234,1.7533501386642456,0.9812427759170532,0.9572938680648804,22.347099743848684,12.206849808140243,1.0011464837589301e-05,9.545405191602185e-06,0.0017720292089506984,2.899080209317617e-05,7.999393574209535e-07,4.788497562913108e-07,4.660601007344667e-07,0.010006801066876042,0.010003462674085807
2021-07-30_02h22m33s_C10H17N3O6S_[M]-_+C12H14N2_112,2021-07-30_02h22m33s,Glutathione,C10H17N3O6S,[M]-,+C12H14N2,112,0.5786293935299833,0.6121993540501505,0.15819209039548024,0.02824858757062147,0.2699521637557014,0.28167448010578194,0.26339103779435474,0.26339103779435474,0.5782649130260024,189,13.026786804199219,-8.27934455871582,2305.7412109375,32.437599182128906,27.075620651245117,21.277667999267578,21.30613136291504,0.6113815408709724,0.4811082953071613,6.290301826084033e-06,-3.869135070999619e-06,0.0011133834486827254,1.5871446521487087e-05,1.2577807865454815e-05,1.01407886177185e-05,1.0159436897083651e-05,0.006227038620166746,0.00621216639079241
2021-07-30_02h22m33s_C10H17N3O6S_[M]-_+H2_112,2021-07-30_02h22m33s,Glutathione,C10H17N3O6S,[M]-,+H2,112,0.8045951489048324,0.9764744993965574,0.4745762711864407,0.4745762711864407,0.5866614751362776,0.5988400048082703,0.5798323794673707,0.5798323794673707,0.805111364010881,189,83.63166809082031,-1.761077880859375,14802.8046875,95.86007690429688,109.84644317626953,85.64554595947266,85.39274597167969,0.9793652584178265,0.7613437843666383,3.967201701016165e-05,-1.3505596143659204e-06,0.007021946832537651,4.94015657750424e-05,5.207527647144161e-05,4.11541732319165e-05,4.1022576624527574e-05,0.038108699946543444,0.03770834454281422
2021-07-30_02h22m33s_C10H17N3O6S_[M]-_-H2_112,2021-07-30_02h22m33s,Glutathione,C10H17N3O6S,[M]-,-H2,112,0.8192906271068853,1.0222696105372422,0.3220338983050847,0.3220338983050847,0.3918789631772166,0.407200384661618,0.38306430178783424,0.38306430178783424,0.8206218102892556,189,32.471031188964844,0.8029994964599609,5747.37255859375,52.269779205322266,35.304500579833984,31.762666702270508,31.668031692504883,1.0253244085340876,0.91971592685792,1.5316709323087707e-05,-8.822098607197404e-10,0.002711057662963867,2.489209691702854e-05,1.713624624244403e-05,1.536460331408307e-05,1.5317591532948427e-05,0.015085633747330436,0.015058660410216886
2021-07-30_02h22m33s_C5H6N2O2_-H__137,2021-07-30_02h22m33s,Thymine,C5H6N2O2,-H,,137,25.551603889654356,1160.699380027416,0.7005649717514124,0.536723163841808,0.020258093225052842,0.02145690587811035,0.017417651540655953,0.017417651540655953,26.97572131327672,4,1243.7447509765625,1242.782470703125,220142.8125,2539.783447265625,2.1598141193389893,1.0705476999282837,0.9622657299041748,1291.1751268264154,575.5908108176534,0.0006135935545898974,0.0006131086265668273,0.10860605537891388,0.0012137291487306356,9.813915085032932e-07,5.406638479144021e-07,4.849171659770946e-07,0.6132961567556587,0.6129919694762727
2021-07-30_02h22m33s_C5H6N2O2_+Cl_+C12H14N2_137,2021-07-30_02h22m33s,Thymine,C5H6N2O2,+Cl,+C12H14N2,137,1.080101826634633,1.1783861347143256,0.6666666666666666,0.6666666666666666,0.6140282567582601,0.6252854910445967,0.6072257561528784,0.6072257561528784,1.0791712498112822,189,152.85279846191406,23.296279907226562,27054.9453125,126.3827133178711,119.2007064819336,129.71267700195312,129.5565185546875,1.1798064687183198,1.28230377712823,7.693147199461237e-05,1.3496814062818885e-05,0.013616870157420635,6.713371840305626e-05,5.853519542142749e-05,6.352966738631949e-05,6.343465793179348e-05,0.07234245322061583,0.07267729247678359
2021-07-30_02h22m33s_C5H6N2O2_-H_+H2_137,2021-07-30_02h22m33s,Thymine,C5H6N2O2,-H,+H2,137,1.2370027370446792,1.2266421103667626,0.2768361581920904,0.22033898305084745,0.22191567471353876,0.2353948791922106,0.21379591402803125,0.21379591402803125,1.244715649099993,189,20.600643157958984,3.888132095336914,3646.313720703125,36.03494644165039,19.63517189025879,16.793338775634766,16.71251106262207,1.2325742377393136,1.0491170719573224,1.0377466423960868e-05,2.2821041056886315e-06,0.0018368115415796638,1.9011149561265483e-05,9.407614015799481e-06,8.136878022924066e-06,8.095362318272237e-06,0.010294131698112635,0.010280749104591595
2021-07-30_02h22m33s_C5H6N2O2_-H_-H2_137,2021-07-30_02h22m33s,Thymine,C5H6N2O2,-H,-H2,137,0.4618415651107449,0.4948298583862475,0.03389830508474576,0.03389830508474576,0.06313271776615864,0.0628380815001803,0.06339812534330315,0.06339812534330315,0.46040931592745205,189,2.2239503860473633,-2.2994956970214844,393.63922119140625,12.206823348999023,4.0540924072265625,4.493373870849609,4.523446083068848,0.49154091909056385,0.5484339597499852,1.1766339866881026e-06,-1.108642436520313e-06,0.00020826421678066254,6.456476057792315e-06,2.0621462226699805e-06,2.270967797812773e-06,2.2852764232084155e-06,0.001173951183725936,0.0011742125886338398
2021-07-30_02h22m33s_C5H6N2O2_+Cl_-H2O_137,2021-07-30_02h22m33s,Thymine,C5H6N2O2,+Cl,-H2O,137,0.6585356988436916,1.3875069352857934,0.011299435028248588,0.011299435028248588,0.011313828012014684,0.018361581920903956,0.007158424437868774,0.007158424437868774,0.655758017666388,173,0.7487316131591797,0.20267343521118164,132.52549743652344,7.117986679077148,1.1810084581375122,0.5386236906051636,0.546058177947998,1.368650800482782,0.6334401484224185,2.718964537962165e-07,1.3278878441269626e-08,4.812567203771323e-05,2.586633854662068e-06,5.153767119736585e-07,2.546273947245936e-07,2.586175753549469e-07,0.0002718261547751505,0.00027175639687793574
2021-07-30_02h22m33s_C5H6N2O2_[M]-_+HCl_137,2021-07-30_02h22m33s,Thymine,C5H6N2O2,[M]-,+HCl,137,0.861635031345151,0.6231012975911313,0.6440677966101694,0.6440677966101694,0.7264879296918456,0.708258204111071,0.7374949058241933,0.7374949058241933,0.8598109971385401,189,115.69956970214844,-70.92695617675781,20478.82421875,106.69098663330078,149.9266815185547,185.68240356445312,186.62652587890625,0.6199491160656568,0.7717025203769975,6.129465327830985e-05,-2.8871872927993536e-05,0.010849153622984886,6.196160393301398e-05,7.320074655581266e-05,8.976502431323752e-05,9.016652620630339e-05,0.05622503700568626,0.05711387499032286
2021-07-30_02h22m33s_C5H6N2O2_[M]-_-H2_137,2021-07-30_02h22m33s,Thymine,C5H6N2O2,[M]-,-H2,137,3.9048303667602875,7.88948119994896,0.15819209039548024,0.15819209039548024,0.028735120703081544,0.02503305685779541,0.030511898222797103,0.030511898222797103,3.8984922787531264,185,15.245420455932617,13.311410903930664,2698.439453125,45.58253479003906,1.9196953773498535,1.9313730001449585,1.9340099096298218,7.87872991247324,7.937448403175739,7.444099537678994e-06,6.466032118623843e-06,0.001317605609074235,2.1979172743158415e-05,9.887686474030488e-07,9.764989954419434e-07,9.780674190551508e-07,0.007436825820642636,0.007436746316082961
2021-07-30_02h22m33s_C5H6N2O2_[M]-_+H2_137,2021-07-30_02h22m33s,Thymine,C5H6N2O2,[M]-,+H2,137,0.0,0.0,0.0,0.0,0.008510401601957948,0.00940617862723885,0.008008930311674965,0.008008930311674965,0.0,143,0.0,-0.4817407727241516,0.0,0.0,0.5637235045433044,0.47382402420043945,0.4817407727241516,0.0,0.0,0.0,-2.3151439165758347e-07,0.0,0.0,2.673238554962154e-07,2.2803124011261389e-07,2.3151439165758347e-07,0.0,0.0
2021-07-30_02h22m33s_C5H6N2O2_-H_+C12H14N2_137,2021-07-30_02h22m33s,Thymine,C5H6N2O2,-H,+C12H14N2,137,1.339641803740694,1.7428296969992632,0.15254237288135594,0.15254237288135594,0.105273111580821,0.10740473614617141,0.10386802983858107,0.10386802983858107,1.3458470446572568,189,39.88434982299805,17.206100463867188,7059.52978515625,96.82919311523438,23.788272857666016,22.88382339477539,22.67824935913086,1.758627421543838,1.676568681255234,2.0474479242693633e-05,8.62172782944981e-06,0.0036239828914403915,5.122276706970297e-05,1.2052158126607537e-05,1.195373715745518e-05,1.1852751413243823e-05,0.02023464304870165,0.020230656175461936
2021-07-30_02h22m33s_C5H6N2O2_[M]-__137,2021-07-30_02h22m33s,Thymine,C5H6N2O2,[M]-,,137,0.0,0.0,0.0,0.0,0.004182890199132273,0.005709820891934126,0.00329571026099899,0.00329571026099899,0.0,71,0.0,-0.1925089955329895,0.0,0.0,0.501477837562561,0.19237525761127472,0.1925089955329895,0.0,0.0,0.0,-9.474748452475978e-08,0.0,0.0,2.1253865156722895e-07,9.488726959716587e-08,9.474748452475978e-08,0.0,0.0
2021-07-30_02h22m33s_C5H6N2O2_[M]-_+C12H14N2_137,2021-07-30_02h22m33s,Thymine,C5H6N2O2,[M]-,+C12H14N2,137,1.0895817729848958,1.1450677352369898,0.3220338983050847,0.3220338983050847,0.28222271665368787,0.27635533116961175,0.28555734713042863,0.28555734713042863,1.0917344668263094,189,34.901695251464844,4.506572723388672,6177.60009765625,53.85433578491211,30.313138961791992,30.479026794433594,30.395122528076172,1.1482285353741084,1.1513338807166853,1.8311262465431355e-05,3.428023774176836e-06,0.0032410933636128902,2.899719765991904e-05,1.479170168749988e-05,1.4922704394848552e-05,1.4883238691254519e-05,0.018042728234476207,0.018044355738208645
2021-07-30_02h22m33s_C5H6N2O2_+Cl_-NH3_137,2021-07-30_02h22m33s,Thymine,C5H6N2O2,+Cl,-NH3,137,0.0,0.0,0.0,0.0,0.0014795861608632773,0.0015025844452458228,0.001470666406789872,0.001470666406789872,0.0,38,0.0,-0.08428458124399185,0.0,0.0,0.08948685973882675,0.08423448354005814,0.08428458124399185,0.0,0.0,0.0,-4.095789307712039e-08,0.0,0.0,4.018340860056924e-08,4.0707213599944225e-08,4.095789307712039e-08,0.0,0.0
2021-07-30_02h22m33s_C5H6N2O2_-H_+HCl_137,2021-07-30_02h22m33s,Thymine,C5H6N2O2,-H,+HCl,137,0.9374300573248379,0.7767139423824397,0.4745762711864407,0.4745762711864407,0.48436978529313607,0.46426854189205435,0.4962524584935415,0.4962524584935415,0.9386675710307717,189,37.42173767089844,-10.844745635986328,6623.6474609375,43.45707702636719,42.39414978027344,48.17856216430664,48.266483306884766,0.7752991270120911,0.8826891251675885,1.9121742298011668e-05,-3.6912351788487285e-06,0.0033845482394099236,2.3406912077916786e-05,2.0152159777353518e-05,2.2796639314037748e-05,2.2812977476860397e-05,0.018695248025873107,0.01874401001335424
2021-07-30_02h22m33s_C5H6N2O2_-H_-CO2_137,2021-07-30_02h22m33s,Thymine,C5H6N2O2,-H,-CO2,137,0.0,0.0,0.0,0.0,6.674824785849372e-05,6.0103377809832915e-05,7.087548948384925e-05,7.087548948384925e-05,0.0,2,0.0,-0.003679462941363454,0.0,0.0,0.0032176519744098186,0.003588384250178933,0.003679462941363454,0.0,0.0,0.0,-1.7892582970802096e-09,0.0,0.0,1.1252756504376293e-09,1.7449682809811407e-09,1.7892582970802096e-09,0.0,0.0
2021-07-30_02h22m33s_C5H6N2O2_+Cl_+HCl_137,2021-07-30_02h22m33s,Thymine,C5H6N2O2,+Cl,+HCl,137,0.3688849767398599,0.8907267154307894,0.005649717514124294,0.005649717514124294,0.005884970519523862,0.006851785070320952,0.005315661711288694,0.005315661711288694,0.36957505583242345,126,0.2866068482398987,-0.03339254856109619,50.72941207885742,3.8022687435150146,0.41680678725242615,0.32076743245124817,0.3199993968009949,0.8928579028376866,0.6859793976174435,1.5786208962254022e-07,1.7338479096906667e-08,2.7941590815316886e-05,2.0942773062415654e-06,1.7451996825457172e-07,1.4135990511476848e-07,1.4052361052563356e-07,0.0001578399093885879,0.00015783454434287203
2021-07-30_02h22m33s_C5H6N2O2_[M]-_-CH2O2_137,2021-07-30_02h22m33s,Thymine,C5H6N2O2,[M]-,-CH2O2,137,0.0,0.0,0.0,0.0,0.00011124707976415619,6.0103377809832915e-05,0.0001417509789676985,0.0001417509789676985,0.0,2,0.0,-0.007346101105213165,0.0,0.0,0.003665599040687084,0.008139841258525848,0.007346101105213165,0.0,0.0,0.0,-2.9993938444050627e-09,0.0,0.0,1.9462680356241435e-09,3.3377860475525267e-09,2.9993938444050627e-09,0.0,0.0
2021-07-30_02h22m33s_C5H6N2O2_-H_-H2O_137,2021-07-30_02h22m33s,Thymine,C5H6N2O2,-H,-H2O,137,0.0,0.0,0.0,0.0,0.0001223717877405718,0.00015025844452458227,0.00010631323422577388,0.00010631323422577388,0.0,5,0.0,-0.006019650958478451,0.0,0.0,0.008519712835550308,0.005870644934475422,0.006019650958478451,0.0,0.0,0.0,-2.57072096943034e-09,0.0,0.0,3.5306997325790235e-09,2.5070872045063197e-09,2.57072096943034e-09,0.0,0.0
2021-07-30_02h22m33s_C5H6N2O2_-H_-NH3_137,2021-07-30_02h22m33s,Thymine,C5H6N2O2,-H,-NH3,137,0.0,0.0,0.0,0.0,0.005762598731783291,0.005799975958648876,0.005758633520562752,0.005758633520562752,0.0,121,0.0,-0.3625572621822357,0.0,0.0,0.3576904237270355,0.3586711883544922,0.3625572621822357,0.0,0.0,0.0,-1.7575521837898123e-07,0.0,0.0,1.6745308073495835e-07,1.738825972097402e-07,1.7575521837898123e-07,0.0,0.0
2021-07-30_02h22m33s_C5H6N2O2_+Cl_+H2_137,2021-07-30_02h22m33s,Thymine,C5H6N2O2,+Cl,+H2,137,0.4412690979634599,0.4048507462386121,0.1977401129943503,0.1977401129943503,0.39921014573367447,0.33429498737829066,0.4381168382444141,0.4381168382444141,0.4402864074050762,189,23.783451080322266,-35.21000671386719,4209.6708984375,50.06364822387695,45.91315460205078,58.74522018432617,58.99345779418945,0.40314721025649924,0.5179982357610471,1.2690156836470123e-05,-1.5907637134660035e-05,0.002246157731860876,2.7447713364381343e-05,2.2367778001353145e-05,2.849950033123605e-05,2.859779488062486e-05,0.012337336225713856,0.012412516424645503
2021-07-30_02h22m33s_C5H6N2O2_+Cl__137,2021-07-30_02h22m33s,Thymine,C5H6N2O2,+Cl,,137,0.9374300573248379,0.7767139423824397,0.4745762711864407,0.4745762711864407,0.48436978529313607,0.46426854189205435,0.4962524584935415,0.4962524584935415,0.9386675710307717,189,37.42173767089844,-10.844745635986328,6623.6474609375,43.45707702636719,42.39414978027344,48.17856216430664,48.266483306884766,0.7752991270120911,0.8826891251675885,1.9121742298011668e-05,-3.6912351788487285e-06,0.0033845482394099236,2.3406912077916786e-05,2.0152159777353518e-05,2.2796639314037748e-05,2.2812977476860397e-05,0.018695248025873107,0.01874401001335424
2021-07-30_02h22m33s_C5H6N2O2_[M]-_-NH3_137,2021-07-30_02h22m33s,Thymine,C5H6N2O2,[M]-,-NH3,137,0.0,0.0,0.0,0.0,0.0020246968517076427,0.0018632047121048202,0.0021262646845154774,0.0021262646845154774,0.0,47,0.0,-0.1389475017786026,0.0,0.0,0.11894812434911728,0.13802294433116913,0.1389475017786026,0.0,0.0,0.0,-6.492487614195852e-08,0.0,0.0,5.316457318826906e-08,6.459791990209851e-08,6.492487614195852e-08,0.0,0.0
2021-07-30_02h22m33s_C5H6N2O2_[M]-_-CO2_137,2021-07-30_02h22m33s,Thymine,C5H6N2O2,[M]-,-CO2,137,0.0,0.0,0.0,0.0,7.787295583490934e-05,9.015506671474937e-05,7.087548948384925e-05,7.087548948384925e-05,0.0,3,0.0,-0.004511157516390085,0.0,0.0,0.004666496999561787,0.004399491474032402,0.004511157516390085,0.0,0.0,0.0,-2.0812036538586653e-09,0.0,0.0,2.0912076514889577e-09,2.029687085070009e-09,2.0812036538586653e-09,0.0,0.0
2021-07-30_02h22m33s_C5H6N2O2_+Cl_-CO2_137,2021-07-30_02h22m33s,Thymine,C5H6N2O2,+Cl,-CO2,137,1.0714420133055529,2.2345148590242045,0.022598870056497175,0.022598870056497175,0.011669818667259984,0.012591657651159995,0.011092014104222407,0.011092014104222407,1.0682255306678157,168,1.5864408016204834,0.8749001026153564,280.8000183105469,10.634568214416504,0.8089794516563416,0.7089710235595703,0.711540699005127,2.226456402891126,1.958618577763105,9.034185950440587e-07,5.7882346027327e-07,0.00015990508836694062,6.198189566930523e-06,3.6796078006773314e-07,3.238255885662511e-07,3.245951347707887e-07,0.0009031254449185504,0.00090308629470659
2021-07-30_02h22m33s_C5H6N2O2_-H_-CH2O2_137,2021-07-30_02h22m33s,Thymine,C5H6N2O2,-H,-CH2O2,137,0.0,0.0,0.0,0.0,4.4498831905662474e-05,6.0103377809832915e-05,3.5437744741924624e-05,3.5437744741924624e-05,0.0,2,0.0,-0.0019290782511234283,0.0,0.0,0.0032512391917407513,0.0018813272472470999,0.0019290782511234283,0.0,0.0,0.0,-9.779592691216976e-10,0.0,0.0,1.1692535828444761e-09,9.537516332258633e-10,9.779592691216976e-10,0.0,0.0
2021-07-30_02h22m33s_C5H6N2O2_+Cl_-CH2O2_137,2021-07-30_02h22m33s,Thymine,C5H6N2O2,+Cl,-CH2O2,137,1.7836225508142514,3.251994880760302,0.03954802259887006,0.03954802259887006,0.011825564578929804,0.011089073205914173,0.012172865318851108,0.012172865318851108,1.7894797466637684,168,2.804741382598877,1.9451091289520264,496.4392395019531,14.517313003540039,0.8100563883781433,0.8614679574966431,0.8596323132514954,3.258931066627603,3.458133642480117,1.6758501715230523e-06,1.2642938145290827e-06,0.00029662548331543803,9.024272912938613e-06,3.8590297890550573e-07,4.129893795834505e-07,4.115564138373884e-07,0.0016751607483728506,0.001675203705422856
2021-07-30_02h22m33s_C6H13N3O3_[M]-_+C12H14N2_160,2021-07-30_02h22m33s,Citrulline,C6H13N3O3,[M]-,+C12H14N2,160,0.6312997844763991,0.8807576059996535,0.02824858757062147,0.02824858757062147,0.04151741016798309,0.05307128260608246,0.03474670871945709,0.03474670871945709,0.6272967970420452,188,1.9535174369812012,-0.2840416431427002,345.7725830078125,11.862249374389648,6.148477077484131,2.216996669769287,2.2375590801239014,0.8726673574650872,0.31767212274582907,7.510764703511086e-07,-3.360327696100285e-07,0.00013294053496792912,4.6146456043061335e-06,2.906226654886268e-06,1.0754582717709127e-06,1.087109239961137e-06,0.0007502608548434272,0.0007488999972173513
2021-07-30_02h22m33s_C6H13N3O3_[M]-_+HCl_160,2021-07-30_02h22m33s,Citrulline,C6H13N3O3,[M]-,+HCl,160,1.0332157378581979,1.477186489594977,0.7909604519774012,0.7570621468926554,0.7715763711202581,0.7986837360259647,0.7555327178978329,0.7555327178978329,1.0342650276044623,189,128.460205078125,41.786033630371094,22737.45703125,86.64920043945312,124.84696197509766,86.96175384521484,86.6741714477539,1.4820876951545263,1.0289331363194205,5.970677375444211e-05,1.6950798453763127e-05,0.010568099096417427,4.5400542148854584e-05,6.208079867064953e-05,4.2803956603165716e-05,4.275597530067898e-05,0.05725862538186429,0.05621679050141376
2021-07-30_02h22m33s_C6H13N3O3_-H_-H2O_160,2021-07-30_02h22m33s,Citrulline,C6H13N3O3,-H,-H2O,160,0.3577112841408537,1.274268054332246,0.005649717514124294,0.005649717514124294,0.0075648014239626206,0.010578194494530593,0.005794071265304676,0.005794071265304676,0.3556152609250649,70,0.6719397902488708,0.1359996199607849,118.93334197998047,8.914287567138672,6.463845729827881,0.5263143181800842,0.5359401702880859,1.251423952669351,0.10393748255254351,2.2985643965967029e-07,-4.4723961423187575e-08,4.068459020345472e-05,3.0493906706396956e-06,2.864748239517212e-06,2.68952845772219e-07,2.7458040108285786e-07,0.0002297933429114075,0.00022919983982204245
2021-07-30_02h22m33s_C6H13N3O3_+Cl_+H2_160,2021-07-30_02h22m33s,Citrulline,C6H13N3O3,+Cl,+H2,160,0.9583578402474294,1.2944658554155168,0.05084745762711865,0.05084745762711865,0.05012793414172878,0.06211684096646231,0.04305685986143842,0.04305685986143842,0.960540213331208,189,3.3318047523498535,0.7640125751495361,589.7294311523438,14.738361358642578,6.63865327835083,2.5728838443756104,2.5677921772003174,1.297031648539638,0.5018040269080758,1.5836455986573128e-06,3.0391538530238904e-07,0.00028030527755618095,7.0002051870687865e-06,2.9588738925667712e-06,1.2796294868167024e-06,1.2797302133549238e-06,0.0015816215497739738,0.0015789736148512775
2021-07-30_02h22m33s_C6H13N3O3_+Cl__160,2021-07-30_02h22m33s,Citrulline,C6H13N3O3,+Cl,,160,1.1498327380873212,1.565901055153871,0.8248587570621468,0.8248587570621468,0.7155412170430526,0.7288135593220338,0.7073728227935574,0.7073728227935574,1.153316684893055,189,252.05429077148438,91.81668090820312,44613.609375,169.1875,207.5396270751953,160.96337890625,160.23760986328125,1.572993493806156,1.2144816864225867,0.00011730616824934259,3.6859950341749936e-05,0.02076319232583046,9.062540630111471e-05,0.00010515444591874257,8.06183015811257e-05,8.044621790759265e-05,0.10857196434684122,0.10614459244365888
2021-07-30_02h22m33s_C6H13N3O3_-H_+HCl_160,2021-07-30_02h22m33s,Citrulline,C6H13N3O3,-H,+HCl,160,1.1498327380873212,1.565901055153871,0.8248587570621468,0.8248587570621468,0.7155412170430526,0.7288135593220338,0.7073728227935574,0.7073728227935574,1.153316684893055,189,252.05429077148438,91.81668090820312,44613.609375,169.1875,207.5396270751953,160.96337890625,160.23760986328125,1.572993493806156,1.2144816864225867,0.00011730616824934259,3.6859950341749936e-05,0.02076319232583046,9.062540630111471e-05,0.00010515444591874257,8.06183015811257e-05,8.044621790759265e-05,0.10857196434684122,0.10614459244365888
2021-07-30_02h22m33s_C6H13N3O3_-H__160,2021-07-30_02h22m33s,Citrulline,C6H13N3O3,-H,,160,71.76430855464801,38791.90592074281,0.7570621468926554,0.5649717514124294,0.0019023250639670709,0.00018031013342949875,0.0005492850434998317,0.0005492850434998317,75.43209062050744,1,9095.6962890625,9095.6669921875,1609938.25,17269.271484375,0.09599476307630539,0.23347407579421997,0.029020821675658226,302979.59154254466,93775.12765206666,0.003650280414149165,0.003650269703939557,0.6460996270179749,0.006176510825753212,4.155289090590486e-08,1.0917211312744257e-07,1.0780391690445867e-08,3.65024106312074,3.6501287407478085
2021-07-30_02h22m33s_C6H13N3O3_+Cl_-CH2O3_160,2021-07-30_02h22m33s,Citrulline,C6H13N3O3,+Cl,-CH2O3,160,0.9579699327598873,1.788204859237313,0.022598870056497175,0.01694915254237288,0.015518967627099789,0.01875225387666787,0.013590375108528093,0.013590375108528093,0.9579303065886101,118,1.373590350151062,0.6045790314674377,243.12548828125,9.329316139221191,3.0697834491729736,0.7671392560005188,0.7690113186836243,1.7838573496546628,0.4473094156219315,5.982037691865116e-07,2.2747695993530215e-07,0.00010588206350803375,4.133532456762623e-06,1.2750433597830124e-06,3.6923248103448714e-07,3.707268092512095e-07,0.0005979820811975599,0.0005974420047255308
2021-07-30_02h22m33s_C6H13N3O3_+Cl_-H2O_160,2021-07-30_02h22m33s,Citrulline,C6H13N3O3,+Cl,-H2O,160,1.002849825336182,1.146892919611421,0.8135593220338984,0.8135593220338984,0.8145511180331516,0.8371198461353528,0.8012474086149157,0.8012474086149157,1.002280768487344,189,247.02134704589844,32.32496643066406,43722.77734375,154.8331756591797,251.8381805419922,215.38209533691406,214.69638061523438,1.1505559422198672,0.9808694044916875,0.00011667621583910659,7.248949259519577e-06,0.020651690661907196,8.584788156440482e-05,0.00012825078738387674,0.00010948353883577511,0.00010942726657958701,0.10516797211846476,0.1034133697434847
2021-07-30_02h22m33s_C6H13N3O3_+Cl_+C12H14N2_160,2021-07-30_02h22m33s,Citrulline,C6H13N3O3,+Cl,+C12H14N2,160,1.1498351047996758,1.4222149641611788,0.11864406779661017,0.11864406779661017,0.09939926576927356,0.10983892294746965,0.0931835497988908,0.0931835497988908,1.1505151701985679,189,8.562335014343262,2.548086166381836,1515.5333251953125,24.39630699157715,7.254945278167725,6.01942253112793,6.014248847961426,1.4234382035990158,1.1800440447237532,3.8004318412276916e-06,8.558552053727908e-07,0.0006726764258928597,1.1337207070027944e-05,3.51295898326498e-06,2.9412929052341497e-06,2.944576635854901e-06,0.0037892740334419667,0.0037871278165437913
2021-07-30_02h22m33s_C6H13N3O3_+Cl_-H2_160,2021-07-30_02h22m33s,Citrulline,C6H13N3O3,+Cl,-H2,160,0.8965842115881097,0.8251484648487564,0.4689265536723164,0.4689265536723164,0.46932918010902214,0.39523981247746126,0.5130145117564718,0.5130145117564718,0.8985118864353346,189,39.42873764038086,-8.20663070678711,6978.88671875,46.09598159790039,34.55836486816406,47.78281021118164,47.63536834716797,0.8277024258656557,1.1408987922895089,1.8809647372108884e-05,-5.5172640713863075e-06,0.0033293075393885374,2.3047346985549666e-05,1.7583646695129573e-05,2.4342964024981484e-05,2.432691144349519e-05,0.018362933905155414,0.0184846203387782
2021-07-30_02h22m33s_C6H13N3O3_-H_+C12H14N2_160,2021-07-30_02h22m33s,Citrulline,C6H13N3O3,-H,+C12H14N2,160,19.42789588031391,156.1083807510262,0.2655367231638418,0.2655367231638418,0.00413839136722661,0.0035460992907801418,0.0036678065807891984,0.0036678065807891984,19.42422218292289,80,32.7780876159668,32.5691032409668,5801.7216796875,64.51789093017578,0.21103747189044952,0.2089700698852539,0.20898529887199402,156.09705913721206,154.58629705272944,1.3442194358503912e-05,1.3339048564375844e-05,0.0023792684078216553,2.6258936486556195e-05,1.0172256992291295e-07,1.0291235952308853e-07,1.0314536069699898e-07,0.013440808001514535,0.013440827123027067
2021-07-30_02h22m33s_C6H13N3O3_+Cl_-CH2O2_160,2021-07-30_02h22m33s,Citrulline,C6H13N3O3,+Cl,-CH2O2,160,0.5138017748922722,0.5828119250592257,0.1016949152542373,0.06779661016949153,0.17214373122705529,0.14575069118884482,0.1879263603664263,0.1879263603664263,0.5166727128478077,189,7.0629448890686035,-4.953494548797607,1250.1412353515625,22.638452529907227,10.40842056274414,12.117737770080566,12.016439437866211,0.5877246085229854,0.6785147018026394,3.0466758289549034e-06,-2.7235146262682974e-06,0.0005392616149038076,1.0195572031079791e-05,4.907323273073416e-06,5.8081982388102915e-06,5.770190455223201e-06,0.003029196786570044,0.003031797816968441
2021-07-30_02h22m33s_C6H13N3O3_+Cl_+HCl_160,2021-07-30_02h22m33s,Citrulline,C6H13N3O3,+Cl,+HCl,160,1.81709602188719,5.424522658114607,0.02824858757062147,0.02824858757062147,0.008343530982311715,0.01298232960692391,0.005546007052111204,0.005546007052111204,1.8175729431801635,156,1.7720173597335815,1.4468005895614624,313.6470642089844,10.442777633666992,0.851988673210144,0.3256678879261017,0.32521679997444153,5.432023610900529,2.077421911201655,7.722824761913216e-07,6.181483058753656e-07,0.00013669399777427316,4.584542693919502e-06,3.5923471841670107e-07,1.5398036623537337e-07,1.5413418452681071e-07,0.0007721634594061846,0.0007720051451403909
2021-07-30_02h22m33s_C6H13N3O3_-H_-NH3_160,2021-07-30_02h22m33s,Citrulline,C6H13N3O3,-H,-NH3,160,4.143749031327501,34.84992330061071,0.5028248587570622,0.5028248587570622,0.12410724218489265,0.14373722803221542,0.11134539397912717,0.11134539397912717,4.175570341342303,189,242.70263671875,235.8017120361328,42958.3671875,457.5228271484375,9.923918724060059,6.963222980499268,6.900925636291504,35.16448155317381,24.453866421131345,0.0001037537440424785,0.00010054453741759062,0.01836441271007061,0.00018060339789371938,4.550362973532174e-06,3.231556320315576e-06,3.209208898624638e-06,0.10342184174762986,0.10328376542054188
2021-07-30_02h22m33s_C6H13N3O3_+Cl_-CO2_160,2021-07-30_02h22m33s,Citrulline,C6H13N3O3,+Cl,-CO2,160,0.3194328780182359,0.4184492161220199,0.011299435028248588,0.011299435028248588,0.025642451885638,0.026175021036182234,0.02537342523521803,0.02537342523521803,0.31786970980635415,187,0.8607510328292847,-1.20460045337677,152.35293579101562,8.25133991241455,2.157397985458374,2.056002378463745,2.0653514862060547,0.41655596280460266,0.39879162166957316,3.796441774284176e-07,-6.496588298432471e-07,6.719701923429966e-05,3.6201702187099727e-06,1.0430137535877293e-06,1.0218766419711756e-06,1.0293030072716647e-06,0.00037925381034091446,0.0003792486159059985
2021-07-30_02h22m33s_C6H13N3O3_-H_-H2_160,2021-07-30_02h22m33s,Citrulline,C6H13N3O3,-H,-H2,160,9.297775036669108,36.03033760768102,0.3728813559322034,0.3728813559322034,0.036322171542996995,0.04507753335737468,0.03010436415826497,0.03010436415826497,9.429331414399712,188,65.26399230957031,63.48553466796875,11551.7265625,113.89823150634766,2.818958044052124,1.8103622198104858,1.7784591913223267,36.676307401616924,23.14360401468582,2.7503670935402624e-05,2.662941551534459e-05,0.004868149757385254,4.623505083145574e-05,1.3595345080830157e-06,8.874864079189138e-07,8.742555905882909e-07,0.027479646700647193,0.027466329512619837
2021-07-30_02h22m33s_C6H13N3O3_+Cl_-NH3_160,2021-07-30_02h22m33s,Citrulline,C6H13N3O3,+Cl,-NH3,160,1.374041609948054,1.0576633845589174,0.655367231638418,0.655367231638418,0.4697185448881967,0.4734042553191489,0.4669631624643408,0.4669631624643408,1.391015802294324,189,692.9361572265625,46.21234130859375,122649.703125,664.6640625,529.9335327148438,655.1565551757812,646.7238159179688,1.0714544117856384,1.3075882292038317,0.00033683254150673747,1.680260174907744e-05,0.05961935967206955,0.0003531035326886922,0.00026451016310602427,0.0003235677140764892,0.00032002993975766003,0.255170380126814,0.26637392986970826
2021-07-30_02h22m33s_C6H13N3O3_[M]-_-H2O_160,2021-07-30_02h22m33s,Citrulline,C6H13N3O3,[M]-,-H2O,160,1.144238044378467,1.2547297185410904,0.24293785310734464,0.24293785310734464,0.21136945155189676,0.22655968265416515,0.20231408473164766,0.20231408473164766,1.1533541297288912,189,17.966699600219727,3.774081230163574,3180.10595703125,34.5211067199707,16.46933937072754,14.3181791305542,14.192618370056152,1.2658294123310747,1.0908518152425957,7.8092998592183e-06,8.87526311998954e-07,0.0013822460314258933,1.5396522940136492e-05,7.868217835493851e-06,6.970144113438437e-06,6.921773547219345e-06,0.007755617233012475,0.007748334277262573
2021-07-30_02h22m33s_C6H13N3O3_[M]-_-CH2O2_160,2021-07-30_02h22m33s,Citrulline,C6H13N3O3,[M]-,-CH2O2,160,0.0,0.0,0.0,0.0,0.003426410056736011,0.002854910445967063,0.0037741198150149724,0.0037741198150149724,0.0,72,0.0,-0.2189793884754181,0.0,0.0,0.16620881855487823,0.2196650356054306,0.2189793884754181,0.0,0.0,0.0,-1.0787780979626405e-07,0.0,0.0,7.691292580602749e-08,1.0789482018935814e-07,1.0787780979626405e-07,0.0,0.0
2021-07-30_02h22m33s_C6H13N3O3_-H_+H2_160,2021-07-30_02h22m33s,Citrulline,C6H13N3O3,-H,+H2,160,0.9700871878687276,6.818059383375964,0.011299435028248588,0.011299435028248588,0.0016909556124151742,0.001712946267580238,0.001647855130499495,0.001647855130499495,0.9666035700313376,45,0.6449319124221802,0.5489559769630432,114.15294647216797,6.041779041290283,0.09885945171117783,0.09359171241521835,0.09597593545913696,6.650432495120782,6.458396289692319,2.0430096014933952e-07,1.5858773849686258e-07,3.616126923589036e-05,1.9120714114251314e-06,4.523965202452018e-08,4.457762869947146e-08,4.571322875790429e-08,0.0002042916213197208,0.00020429171806310285
2021-07-30_02h22m33s_C6H13N3O3_-H_-CH2O2_160,2021-07-30_02h22m33s,Citrulline,C6H13N3O3,-H,-CH2O2,160,0.5419261813903373,12.193869635214584,0.005649717514124294,0.005649717514124294,0.0005673601067971966,0.0007813439115278278,0.0004252529369030955,0.0004252529369030955,0.541363634351581,23,0.2878918945789337,0.2647063732147217,50.95686340332031,3.819317102432251,0.0460975244641304,0.022609559819102287,0.02318553254008293,11.903475522062932,6.112675726686929,9.203925088741016e-08,8.086824720976438e-08,1.6290947314701043e-05,1.2210384738864377e-06,2.1614964040850282e-08,1.0893493218588901e-08,1.1171001901288946e-08,9.203822272824907e-05,9.20372615053123e-05
2021-07-30_02h22m33s_C6H13N3O3_[M]-_+H2_160,2021-07-30_02h22m33s,Citrulline,C6H13N3O3,[M]-,+H2,160,0.0,0.0,0.0,0.0,0.0015018355768161085,0.0015626878230556556,0.001470666406789872,0.001470666406789872,0.0,47,0.0,-0.0805233046412468,0.0,0.0,0.0911768302321434,0.08237148821353912,0.0805233046412468,0.0,0.0,0.0,-3.753009281126651e-08,0.0,0.0,4.523843699644203e-08,3.812427351590486e-08,3.753009281126651e-08,0.0,0.0
2021-07-30_02h22m33s_C6H13N3O3_-H_-CO2_160,2021-07-30_02h22m33s,Citrulline,C6H13N3O3,-H,-CO2,160,0.0,0.0,0.0,0.0,0.00026699299143397487,0.0003606202668589975,0.00021262646845154776,0.00021262646845154776,0.0,11,0.0,-0.011599891819059849,0.0,0.0,0.01933348923921585,0.01131172850728035,0.011599891819059849,0.0,0.0,0.0,-4.814674881004066e-09,0.0,0.0,7.466539386769e-09,4.695069222293569e-09,4.814674881004066e-09,0.0,0.0
2021-07-30_02h22m33s_C43H72O5_[M]-__16,2021-07-30_02h22m33s,DG 18:0-22:6,C43H72O5,[M]-,,16,1.0389451658903248,0.9091805876602423,0.4915254237288136,0.4915254237288136,0.4375013905884971,0.39379733141002526,0.463100448287471,0.463100448287471,1.0435033163119447,189,60.23179244995117,-5.606204986572266,10661.02734375,75.15583801269531,53.37439727783203,66.2474365234375,65.83799743652344,0.9148345934037304,1.1284560962877694,2.5448889573453926e-05,-3.6692617868538946e-06,0.004504453390836716,3.170252239215188e-05,2.3380451239063405e-05,2.9267204809002578e-05,2.911815136030782e-05,0.02472883170879369,0.024867476745956546
2021-07-30_02h22m33s_C43H72O5_+Cl_+HCl_16,2021-07-30_02h22m33s,DG 18:0-22:6,C43H72O5,+Cl,+HCl,16,0.0,0.0,0.0,0.0,0.001991322727778396,0.004267339824498137,0.0006555982777256055,0.0006555982777256055,0.0,54,0.0,-0.04523395746946335,0.0,0.0,0.33273845911026,0.044110268354415894,0.04523395746946335,0.0,0.0,0.0,-2.0418282176137836e-08,0.0,0.0,1.4491953947981528e-07,1.9911052362431292e-08,2.0418282176137836e-08,0.0,0.0
2021-07-30_02h22m33s_C43H72O5_+Cl_-H2_16,2021-07-30_02h22m33s,DG 18:0-22:6,C43H72O5,+Cl,-H2,16,0.5034231292050977,4.0144612267632835,0.005649717514124294,0.005649717514124294,0.0020024474357548112,0.00330568577954081,0.0012226021935963995,0.0012226021935963995,0.5061157375923017,51,0.31073445081710815,0.2376536875963211,55.0,4.122358322143555,0.2686019837856293,0.07640377432107925,0.07308076322078705,4.1945363048030275,1.1525673752615444,8.984594757066588e-08,5.688072945986278e-08,1.5902733139228076e-05,1.1919412372662919e-06,1.1907216190820691e-07,3.442763940597615e-08,3.296521811080311e-08,8.984298587704071e-05,8.983525069315029e-05
2021-07-30_02h22m33s_C43H72O5_[M]-_-H2O_16,2021-07-30_02h22m33s,DG 18:0-22:6,C43H72O5,[M]-,-H2O,16,0.8717379720167123,1.2063781878350042,0.03954802259887006,0.03954802259887006,0.04627878518188897,0.06482149296790479,0.03536686925244077,0.03536686925244077,0.8708365870041466,189,3.0056498050689697,0.5088300704956055,532.0,15.256258010864258,5.821048736572266,2.4904656410217285,2.4968197345733643,1.2033093355243045,0.5162529448076293,1.242905113940651e-06,1.4334875686472515e-07,0.00021999419550411403,6.4984910750354175e-06,2.554149205025169e-06,1.0952917364193127e-06,1.099556357075926e-06,0.0012415399707732236,0.0012397386364878266
2021-07-30_02h22m33s_C43H72O5_[M]-_+C12H14N2_16,2021-07-30_02h22m33s,DG 18:0-22:6,C43H72O5,[M]-,+C12H14N2,16,0.2414876946194118,0.4141889663044593,0.005649717514124294,0.005649717514124294,0.01623094893759039,0.02109628561125135,0.013395467512447507,0.013395467512447507,0.24003721263738023,165,0.3613604009151459,-0.5189605951309204,63.96078872680664,4.793987274169922,1.5785351991653442,0.8714529871940613,0.8803210258483887,0.41002130928090413,0.22877641543290422,1.7363429094530147e-07,-2.0017579061004653e-07,3.073327025049366e-05,2.3035192953102523e-06,6.681619879600476e-07,3.698229704696132e-07,3.73810081555348e-07,0.00017356940895038621,0.00017351835257789548
2021-07-30_02h22m33s_C43H72O5_+Cl_+C12H14N2_16,2021-07-30_02h22m33s,DG 18:0-22:6,C43H72O5,+Cl,+C12H14N2,16,1.0362972109288162,14.899062464073339,0.011299435028248588,0.011299435028248588,0.0027366781621982425,0.005799975958648876,0.0009036624909190779,0.0009036624909190779,1.0358364400427433,70,0.8630774617195129,0.8058162331581116,152.76470947265625,8.22708511352539,0.420393705368042,0.05692830681800842,0.05726124346256256,14.813921063564464,2.0481498672736644,2.4609306592537905e-07,2.224050632548824e-07,4.355847340775654e-05,2.3409274945151992e-06,1.8274859314715286e-07,2.3615882582816994e-08,2.3687997341426126e-08,0.00024608723661157243,0.0002460481009810782
2021-07-30_02h22m33s_C43H72O5_+Cl_-H2O_16,2021-07-30_02h22m33s,DG 18:0-22:6,C43H72O5,+Cl,-H2O,16,0.5400902948060247,9.194229806628229,0.005649717514124294,0.005649717514124294,0.00116809433752364,0.0023440317345834838,0.0004606906816450201,0.0004606906816450201,0.5404227051183289,31,0.30840811133384705,0.2763785719871521,54.58823776245117,4.091496467590332,0.1796313226222992,0.03254365921020508,0.03202952817082405,9.337345351674534,1.7073899856157817,9.435979819727436e-08,8.116094107890603e-08,1.6701684216968715e-05,1.2518243011072627e-06,7.816812086502978e-08,1.346469158391983e-08,1.3198856230189904e-08,9.435855277230222e-05,9.435242284568145e-05
2021-07-30_02h22m33s_C43H72O5_-H_-H2O_16,2021-07-30_02h22m33s,DG 18:0-22:6,C43H72O5,-H,-H2O,16,0.0,0.0,0.0,0.0,0.0010123484258538213,0.002043514845534319,0.0004075340645321332,0.0004075340645321332,0.0,38,0.0,-0.023374145850539207,0.0,0.0,0.13636666536331177,0.025080401450395584,0.023374145850539207,0.0,0.0,0.0,-1.0458317767358949e-08,0.0,0.0,5.895480370554651e-08,1.1083401751932342e-08,1.0458317767358949e-08,0.0,0.0
2021-07-30_02h22m33s_C43H72O5_-H_+C12H14N2_16,2021-07-30_02h22m33s,DG 18:0-22:6,C43H72O5,-H,+C12H14N2,16,0.0,0.0,0.0,0.0,0.0025920569585048394,0.00525904555836038,0.0010276945975158142,0.0010276945975158142,0.0,59,0.0,-0.06561677902936935,0.0,0.0,0.4010048806667328,0.06502499431371689,0.06561677902936935,0.0,0.0,0.0,-2.7952747672088663e-08,0.0,0.0,1.6318450946073426e-07,2.7748546571615407e-08,2.7952747672088663e-08,0.0,0.0
2021-07-30_02h22m33s_C43H72O5_-H_+H2_16,2021-07-30_02h22m33s,DG 18:0-22:6,C43H72O5,-H,+H2,16,0.27966545199317566,0.2985763483955837,0.01694915254237288,0.01694915254237288,0.047202135943931474,0.04159153744440437,0.05060509949146836,0.05060509949146836,0.2805951870800281,189,1.0946494340896606,-2.5563154220581055,193.75294494628906,8.342714309692383,3.0384509563446045,3.665229558944702,3.6509647369384766,0.2997426078673831,0.36014709558141406,4.886927627012483e-07,-1.0697343668653048e-06,8.649862138554454e-05,3.782428620979772e-06,1.297901008001645e-06,1.563193336551194e-06,1.558427129566553e-06,0.0004879323556807621,0.0004880593100307947
2021-07-30_02h22m33s_C43H72O5_[M]-_-H2_16,2021-07-30_02h22m33s,DG 18:0-22:6,C43H72O5,[M]-,-H2,16,1.4294392761850583,3.4463812199354935,0.03389830508474576,0.03389830508474576,0.020958949827567026,0.03317706455102777,0.013714407215124829,0.013714407215124829,1.425912959329677,187,3.119530200958252,2.211970567703247,552.1568603515625,17.239084243774414,2.54310941696167,0.9041610956192017,0.9075596332550049,3.4334897642130833,1.2261776872331949,1.09843244899821e-06,6.981084652579739e-07,0.00019442255143076181,6.01086958340602e-06,1.1247070688114036e-06,3.9830530340623227e-07,4.003239553185267e-07,0.001097992896139116,0.0010971984221768989
2021-07-30_02h22m33s_C43H72O5_[M]-_+H2_16,2021-07-30_02h22m33s,DG 18:0-22:6,C43H72O5,[M]-,+H2,16,0.989822300440191,0.8454848095892196,0.1016949152542373,0.1016949152542373,0.09542774502169318,0.09995191729775213,0.09274057798961674,0.09274057798961674,0.9851143937650294,189,8.280159950256348,-1.5604610443115234,1465.58837890625,25.67086410522461,10.070480346679688,9.792387008666992,9.840620994567871,0.8413410712347713,0.8221393147022431,3.7630450151482364e-06,-9.121392849920085e-07,0.0006660589715465903,1.2052083548041992e-05,4.610101768776076e-06,4.64876802652725e-06,4.675184300140245e-06,0.003745533953612664,0.0037457766038016104
2021-07-30_02h22m33s_C43H72O5_[M]-_-CO2_16,2021-07-30_02h22m33s,DG 18:0-22:6,C43H72O5,[M]-,-CO2,16,0.8222313812750014,1.3327731581706654,0.01694915254237288,0.01694915254237288,0.02519746356658138,0.049975958648876065,0.010613604550206424,0.010613604550206424,0.8223181647370668,187,0.9542927145957947,0.2394721508026123,168.90980529785156,7.274893283843994,7.213507175445557,0.7150203585624695,0.7148205637931824,1.33314515238139,0.13227413756600206,3.6091145716454776e-07,4.662055630433315e-08,6.38813289697282e-05,2.786686536637717e-06,3.1272916203306522e-06,3.136695170269377e-07,3.142909008602146e-07,0.0003607980616167336,0.00035978630048194083
2021-07-30_02h22m33s_C43H72O5_+Cl_-CH2O2_16,2021-07-30_02h22m33s,DG 18:0-22:6,C43H72O5,+Cl,-CH2O2,16,0.0,0.0,0.0,0.0,0.0008343530982311714,0.001652842889770405,0.00035437744741924625,0.00035437744741924625,0.0,33,0.0,-0.025349289178848267,0.0,0.0,0.10917307436466217,0.024719562381505966,0.025349289178848267,0.0,0.0,0.0,-1.0608087741559302e-08,0.0,0.0,4.628827099395494e-08,1.0344562539899016e-08,1.0608087741559302e-08,0.0,0.0
2021-07-30_02h22m33s_C43H72O5_-H_-H2_16,2021-07-30_02h22m33s,DG 18:0-22:6,C43H72O5,-H,-H2,16,0.0,0.0,0.0,0.0,0.0011235955056179776,0.0020134631566294026,0.0006024416606127186,0.0006024416606127186,0.0,26,0.0,-0.0397864431142807,0.0,0.0,0.1368228793144226,0.04222720116376877,0.0397864431142807,0.0,0.0,0.0,-1.6507124556142116e-08,0.0,0.0,5.776859168804549e-08,1.73676415471391e-08,1.6507124556142116e-08,0.0,0.0
2021-07-30_02h22m33s_C43H72O5_-H_-CH2O3_16,2021-07-30_02h22m33s,DG 18:0-22:6,C43H72O5,-H,-CH2O3,16,0.0,0.0,0.0,0.0,0.002213816887306708,0.0031854790239211443,0.001647855130499495,0.001647855130499495,0.0,66,0.0,-0.10500134527683258,0.0,0.0,0.21730470657348633,0.10594044625759125,0.10500134527683258,0.0,0.0,0.0,-4.56316975316895e-08,0.0,0.0,9.538456424706965e-08,4.586684809737562e-08,4.56316975316895e-08,0.0,0.0
2021-07-30_02h22m33s_C43H72O5_+Cl_-CO2_16,2021-07-30_02h22m33s,DG 18:0-22:6,C43H72O5,+Cl,-CO2,16,0.0,0.0,0.0,0.0,0.0007898542663255089,0.0015927395119605722,0.0003189397026773216,0.0003189397026773216,0.0,28,0.0,-0.020439615473151207,0.0,0.0,0.11057042330503464,0.02118913270533085,0.020439615473151207,0.0,0.0,0.0,-8.590208544489997e-09,0.0,0.0,4.6977380208090835e-08,8.82770923027465e-09,8.590208544489997e-09,0.0,0.0
2021-07-30_02h22m33s_C43H72O5_+Cl__16,2021-07-30_02h22m33s,DG 18:0-22:6,C43H72O5,+Cl,,16,4.516546211029314,47.55529790595969,0.05084745762711865,0.05084745762711865,0.0028701746579152298,0.005349200625075129,0.0012580399383383242,0.0012580399383383242,4.510985460640727,56,3.6756398677825928,3.598376989364624,650.5882568359375,16.209598541259766,0.49323660135269165,0.07629191130399704,0.0772627741098404,46.9653664796484,7.437004579836092,1.3776968899037456e-06,1.3443861917039612e-06,0.00024385235155932605,6.042094810254639e-06,2.0043287918269925e-07,3.292819528155633e-08,3.3310719516066456e-08,0.0013776509993577149,0.0013774208094850544
2021-07-30_02h22m33s_C43H72O5_-H_+HCl_16,2021-07-30_02h22m33s,DG 18:0-22:6,C43H72O5,-H,+HCl,16,4.516546211029314,47.55529790595969,0.05084745762711865,0.05084745762711865,0.0028701746579152298,0.005349200625075129,0.0012580399383383242,0.0012580399383383242,4.510985460640727,56,3.6756398677825928,3.598376989364624,650.5882568359375,16.209598541259766,0.49323660135269165,0.07629191130399704,0.0772627741098404,46.9653664796484,7.437004579836092,1.3776968899037456e-06,1.3443861917039612e-06,0.00024385235155932605,6.042094810254639e-06,2.0043287918269925e-07,3.292819528155633e-08,3.3310719516066456e-08,0.0013776509993577149,0.0013774208094850544
2021-07-30_02h22m33s_C43H72O5_[M]-_+HCl_16,2021-07-30_02h22m33s,DG 18:0-22:6,C43H72O5,[M]-,+HCl,16,2.3818382020014623,3.291701427727983,0.11299435028248588,0.11299435028248588,0.0454444320836578,0.058660896742396926,0.037439977319843366,0.037439977319843366,2.3813904944938864,189,8.277301788330078,5.760509490966797,1465.0823974609375,24.109743118286133,4.467767238616943,2.513596773147583,2.516792058944702,3.287523987107734,1.852256191998904,3.4145107292715693e-06,2.338473677809816e-06,0.0006043683970347047,1.0026829841081053e-05,1.9361696104169823e-06,1.074425767910725e-06,1.0760369377749157e-06,0.0034108405388628927,0.00340791243278425
2021-07-30_02h22m33s_C43H72O5_-H__16,2021-07-30_02h22m33s,DG 18:0-22:6,C43H72O5,-H,,16,0.0,0.0,0.0,0.0,0.01663143842474135,0.014695275874504147,0.017825185605188087,0.017825185605188087,0.0,170,0.0,-1.1955589056015015,0.0,0.0,1.0472477674484253,1.2125957012176514,1.1955589056015015,0.0,0.0,0.0,-5.092473429613165e-07,0.0,0.0,4.3943131800006086e-07,5.151497930455662e-07,5.092473429613165e-07,0.0,0.0
2021-07-30_02h22m33s_C43H72O5_[M]-_-CH2O2_16,2021-07-30_02h22m33s,DG 18:0-22:6,C43H72O5,[M]-,-CH2O2,16,2.3065684827118123,4.307728598751314,0.05649717514124294,0.05649717514124294,0.027522527533652242,0.04946507993749249,0.014494037599447172,0.014494037599447172,2.3077314980504733,189,4.05993127822876,3.1182475090026855,718.6078491210938,17.05666732788086,6.476679801940918,0.9414761066436768,0.941683828830719,4.306779382504732,0.6267570183095922,1.7036185226970701e-06,1.2882180726592196e-06,0.0003015404799953103,7.288555025297683e-06,2.811204922181787e-06,4.1533448325026256e-07,4.154005068812694e-07,0.0017029111325494353,0.0016988427276590622
2021-07-30_02h22m33s_C43H72O5_+Cl_-CH2O3_16,2021-07-30_02h22m33s,DG 18:0-22:6,C43H72O5,+Cl,-CH2O3,16,0.5400902948060247,10.03516755642592,0.005649717514124294,0.005649717514124294,0.0007342307264434309,0.0011720158672917419,0.0004606906816450201,0.0004606906816450201,0.5423078458006986,29,0.3056386411190033,0.27928605675697327,54.09804153442383,4.054755687713623,0.07399845123291016,0.02945675514638424,0.026352573186159134,11.174036133231576,4.075266036758978,1.2801672255591257e-07,1.1522672593855532e-07,2.2658960006083362e-05,1.698333676358743e-06,3.184578289960882e-08,1.4216293031665828e-08,1.2789996617357247e-08,0.00012801508524340534,0.00012801264589298305
2021-07-30_02h22m33s_C43H72O5_-H_-CH2O2_16,2021-07-30_02h22m33s,DG 18:0-22:6,C43H72O5,-H,-CH2O2,16,0.0,0.0,0.0,0.0,0.0005673601067971966,0.0009316023560524101,0.00035437744741924625,0.00035437744741924625,0.0,26,0.0,-0.021444324404001236,0.0,0.0,0.05951295047998428,0.020911604166030884,0.021444324404001236,0.0,0.0,0.0,-9.238121378984943e-09,0.0,0.0,2.5463224417876518e-08,9.008630286189145e-09,9.238121378984943e-09,0.0,0.0
2021-07-30_02h22m33s_C6H6N2O_-H__136,2021-07-30_02h22m33s,Niacinamide,C6H6N2O,-H,,136,0.8424703079858399,1.2045158691943025,0.02824858757062147,0.005649717514124294,0.024440983424185114,0.02596465921384782,0.023530662508637952,0.023530662508637952,0.8419524530377342,118,1.4846129417419434,0.2531750202178955,262.7764892578125,9.191821098327637,3.434483289718628,1.2315391302108765,1.2314379215240479,1.2046147849021498,0.4321409293955657,8.218797802328481e-07,2.2142512534628622e-07,0.0001454727171221748,5.311174845701316e-06,1.6119449810503284e-06,6.012345465933322e-07,6.004546548865619e-07,0.0008213865748405238,0.0008205570873542222
2021-07-30_02h22m33s_C6H6N2O_+Cl_+C12H14N2_136,2021-07-30_02h22m33s,Niacinamide,C6H6N2O,+Cl,+C12H14N2,136,0.3736399303287352,1.0674499809671074,0.005649717514124294,0.005649717514124294,0.006107464679052175,0.007783387426373362,0.005120754115208108,0.005120754115208108,0.37495959678600593,78,8.22492504119873,0.6131319999694824,1455.811767578125,109.115966796875,16.000507354736328,7.704208850860596,7.611793041229248,1.0804083332693148,0.5140093904193478,5.179541403776966e-06,8.703259481990244e-07,0.0009167788084596395,6.871438381494954e-05,7.612971785420086e-06,4.369858288555406e-06,4.309215455577942e-06,0.005157317411876387,0.005140407625558035
2021-07-30_02h22m33s_C6H6N2O_+Cl__136,2021-07-30_02h22m33s,Niacinamide,C6H6N2O,+Cl,,136,2.6308395214736953,2.0796586880093235,0.096045197740113,0.011299435028248588,0.07162086995216375,0.14800456785671354,0.02650743306695962,0.02650743306695962,2.6024743295308475,141,9.315963745117188,4.734338760375977,1648.925537109375,32.39811706542969,15.081809043884277,4.4785637855529785,4.581624984741211,2.0328880884071023,0.6176544248496331,4.350016752141528e-06,2.164101715607103e-06,0.0007699529523961246,1.4795883544138633e-05,6.849858891655458e-06,2.1366199689509813e-06,2.185915036534425e-06,0.004340528725134746,0.004320422467884184
2021-07-30_02h22m33s_C6H6N2O_-H_+HCl_136,2021-07-30_02h22m33s,Niacinamide,C6H6N2O,-H,+HCl,136,2.6308395214736953,2.0796586880093235,0.096045197740113,0.011299435028248588,0.07162086995216375,0.14800456785671354,0.02650743306695962,0.02650743306695962,2.6024743295308475,141,9.315963745117188,4.734338760375977,1648.925537109375,32.39811706542969,15.081809043884277,4.4785637855529785,4.581624984741211,2.0328880884071023,0.6176544248496331,4.350016752141528e-06,2.164101715607103e-06,0.0007699529523961246,1.4795883544138633e-05,6.849858891655458e-06,2.1366199689509813e-06,2.185915036534425e-06,0.004340528725134746,0.004320422467884184
2021-07-30_02h22m33s_C6H6N2O_-H_+H2_136,2021-07-30_02h22m33s,Niacinamide,C6H6N2O,-H,+H2,136,0.6361984244233821,1.4125234284251011,0.011299435028248588,0.011299435028248588,0.007753921459561687,0.0077232840485635295,0.007760866098481493,0.007760866098481493,0.6334376053451285,125,0.6601529121398926,0.18954265117645264,116.84706115722656,6.193615436553955,0.4846703112125397,0.46635714173316956,0.47061026096343994,1.3997848791315184,1.3592614102594294,2.4591827241238207e-07,1.2060382914569345e-08,4.352753239800222e-05,2.3220245566335507e-06,2.2744686134501535e-07,2.3164241724771273e-07,2.3385788949781272e-07,0.00024586077593021275,0.00024586235179214404
2021-07-30_02h22m33s_C6H6N2O_[M]-_+HCl_136,2021-07-30_02h22m33s,Niacinamide,C6H6N2O,[M]-,+HCl,136,0.7414125276870357,0.8257294395049971,0.03389830508474576,0.03389830508474576,0.035309823117143174,0.03461954561846376,0.03572124669986002,0.03572124669986002,0.7368974828098336,187,1.8585577011108398,-0.40960073471069336,328.9647216796875,9.946391105651855,2.2788307666778564,2.249807119369507,2.268158435821533,0.8190515354816826,0.8152173960785296,8.970920362116885e-07,-2.0650600163207855e-07,0.00015878528938628733,4.967077074979898e-06,1.1037266176572302e-06,1.0960176268781652e-06,1.103598037843767e-06,0.0008961030985903785,0.0008961029834966412
2021-07-30_02h22m33s_C6H6N2O_+Cl_-NH3_136,2021-07-30_02h22m33s,Niacinamide,C6H6N2O,+Cl,-NH3,136,0.33444843800899204,0.8762223666182911,0.005649717514124294,0.005649717514124294,0.007442429636222049,0.00838442120447169,0.006892641352304339,0.006892641352304339,0.3337725509722748,112,0.36951369047164917,-0.053531646728515625,65.40392303466797,4.902153968811035,0.6686499118804932,0.4207122325897217,0.4230453372001648,0.8714013763514756,0.5518012978363435,1.638029232253757e-07,-4.093162431217934e-08,2.8993117666686885e-05,2.173090933865751e-06,3.1140305623011955e-07,2.0342852735666384e-07,2.0473454753755504e-07,0.00016376939397260023,0.00016375193037379372
2021-07-30_02h22m33s_C6H6N2O_+Cl_-H2O_136,2021-07-30_02h22m33s,Niacinamide,C6H6N2O,+Cl,-H2O,136,1.313554293036032,1.5823690329284938,0.07909604519774012,0.07909604519774012,0.051741016798309045,0.05418319509556437,0.05021528429930719,0.05021528429930719,1.3118705593809465,189,5.351212978363037,1.9633536338806152,947.1646728515625,18.510726928710938,3.74520206451416,3.3807730674743652,3.387859344482422,1.5790602189127811,1.4284368238041183,2.8080917218176182e-06,1.2291619668758358e-06,0.0004970322479493916,9.853065421339124e-06,1.6915894320845837e-06,1.5763351939312997e-06,1.5789297549417824e-06,0.0028036649318338588,0.002803349605250937
2021-07-30_02h22m33s_C6H6N2O_[M]-__136,2021-07-30_02h22m33s,Niacinamide,C6H6N2O,[M]-,,136,0.0,0.0,0.0,0.0,0.007854043831349427,0.007332612092799616,0.008186119035384588,0.008186119035384588,0.0,132,0.0,-0.4955388605594635,0.0,0.0,0.4582953155040741,0.49283695220947266,0.4955388605594635,0.0,0.0,0.0,-2.436221393509186e-07,0.0,0.0,2.338786231348422e-07,2.424945932943956e-07,2.436221393509186e-07,0.0,0.0
2021-07-30_02h22m33s_C6H6N2O_[M]-_-H2_136,2021-07-30_02h22m33s,Niacinamide,C6H6N2O,[M]-,-H2,136,0.0,0.0,0.0,0.0,0.0013238402491934586,0.002103618223344152,0.0008682247461771533,0.0008682247461771533,0.0,46,0.0,-0.05025910958647728,0.0,0.0,0.1285085827112198,0.04885384812951088,0.05025910958647728,0.0,0.0,0.0,-2.3521877778875933e-08,0.0,0.0,5.765996036188881e-08,2.2864194093585866e-08,2.3521877778875933e-08,0.0,0.0
2021-07-30_02h22m33s_C6H6N2O_[M]-_+H2_136,2021-07-30_02h22m33s,Niacinamide,C6H6N2O,[M]-,+H2,136,0.0,0.0,0.0,0.0,0.0014239626209811992,0.0019533597788195696,0.0011162889593706257,0.0011162889593706257,0.0,47,0.0,-0.06624383479356766,0.0,0.0,0.11254746466875076,0.06531217694282532,0.06624383479356766,0.0,0.0,0.0,-3.2544587469374164e-08,0.0,0.0,4.890489435638301e-08,3.200244336198921e-08,3.2544587469374164e-08,0.0,0.0
2021-07-30_02h22m33s_C6H6N2O_[M]-_-H2O_136,2021-07-30_02h22m33s,Niacinamide,C6H6N2O,[M]-,-H2O,136,0.0,0.0,0.0,0.0,0.0001779953276226499,0.0002103618223344152,0.0001594698513386608,0.0001594698513386608,0.0,7,0.0,-0.008309716358780861,0.0,0.0,0.011354353278875351,0.009176082909107208,0.008309716358780861,0.0,0.0,0.0,-3.3352698380895163e-09,0.0,0.0,5.144884962504648e-09,3.6458709384845633e-09,3.3352698380895163e-09,0.0,0.0
2021-07-30_02h22m33s_C6H6N2O_-H_-NH3_136,2021-07-30_02h22m33s,Niacinamide,C6H6N2O,-H,-NH3,136,0.0,0.0,0.0,0.0,0.000233618867504728,0.00024041351123933166,0.00023034534082251004,0.00023034534082251004,0.0,8,0.0,-0.01188229862600565,0.0,0.0,0.013064352795481682,0.01243753731250763,0.01188229862600565,0.0,0.0,0.0,-4.665491992739135e-09,0.0,0.0,4.713223589192239e-09,4.813637932699066e-09,4.665491992739135e-09,0.0,0.0
2021-07-30_02h22m33s_C6H6N2O_-H_-H2O_136,2021-07-30_02h22m33s,Niacinamide,C6H6N2O,-H,-H2O,136,0.0,0.0,0.0,0.0,0.0001668706196462343,0.00027046520014424813,0.00010631323422577388,0.00010631323422577388,0.0,8,0.0,-0.005033653229475021,0.0,0.0,0.015324239619076252,0.005848478525876999,0.005033653229475021,0.0,0.0,0.0,-2.228896844869155e-09,0.0,0.0,5.827404780944789e-09,2.5824669069862694e-09,2.228896844869155e-09,0.0,0.0
2021-07-30_02h22m33s_C6H6N2O_[M]-_-NH3_136,2021-07-30_02h22m33s,Niacinamide,C6H6N2O,[M]-,-NH3,136,0.0,0.0,0.0,0.0,0.0001779953276226499,0.00018031013342949875,0.00017718872370962313,0.00017718872370962313,0.0,6,0.0,-0.010379193350672722,0.0,0.0,0.009781411848962307,0.010088986717164516,0.010379193350672722,0.0,0.0,0.0,-4.005439979692937e-09,0.0,0.0,3.859774277970018e-09,3.89344645412848e-09,4.005439979692937e-09,0.0,0.0
2021-07-30_02h22m33s_C27H46O_+Cl_-H2O_22,2021-07-30_02h22m33s,Cholesterol,C27H46O,+Cl,-H2O,22,1.1161002759845031,93.67192121187107,0.011299435028248588,0.011299435028248588,0.0008788519301368339,0.002103618223344152,0.00012403210659673618,0.00012403210659673618,1.1157533260760715,16,0.6983715891838074,0.6917522549629211,123.61177062988281,6.614518165588379,0.5863428711891174,0.006455506198108196,0.0066193570382893085,91.65754875041335,1.189035610102672,2.8691866305052827e-07,2.837795136656496e-07,5.0784605264198035e-05,2.688602307898691e-06,2.2919940079191292e-07,3.0614453194743874e-09,3.139149606923297e-09,0.00028691776237274727,0.0002868529165339433
2021-07-30_02h22m33s_C27H46O_+Cl_+C12H14N2_22,2021-07-30_02h22m33s,Cholesterol,C27H46O,+Cl,+C12H14N2,22,0.8905488712040193,1.1341063851334132,0.05084745762711865,0.05084745762711865,0.04184002669929914,0.0328765476619786,0.047096762762017824,0.047096762762017824,0.8875004971765748,188,3.574831247329712,0.4093320369720459,632.7451171875,15.824664115905762,2.180320978164673,3.1511127948760986,3.165499210357666,1.1289537782407733,1.6388377882550396,1.673872930041398e-06,2.940631702585961e-07,0.0002962755097541958,7.585983439639676e-06,9.486823842053127e-07,1.375901888422959e-06,1.3798097597828018e-06,0.0016715664862894898,0.001672286461334185
2021-07-30_02h22m33s_C27H46O_[M]-_+HCl_22,2021-07-30_02h22m33s,Cholesterol,C27H46O,[M]-,+HCl,22,0.0,0.0,0.0,0.0,0.0005896095227500278,0.0014124293785310734,0.00010631323422577388,0.00010631323422577388,0.0,4,0.0,-0.0058823530562222,0.0,0.0,0.17440442740917206,0.005736745428293943,0.0058823530562222,0.0,0.0,0.0,-2.956040745516475e-09,0.0,0.0,6.217226200533332e-08,2.8828690545879e-09,2.956040745516475e-09,0.0,0.0
2021-07-30_02h22m33s_C27H46O_[M]-_+C12H14N2_22,2021-07-30_02h22m33s,Cholesterol,C27H46O,[M]-,+C12H14N2,22,0.910715218934478,0.9343683615470746,0.11864406779661017,0.11864406779661017,0.11380576259873178,0.1028068277437192,0.12027570565409218,0.12027570565409218,0.9122386974079997,189,10.506569862365723,-0.7142925262451172,1859.662841796875,32.096317291259766,9.227923393249512,11.243569374084473,11.22086238861084,0.9362590182026227,1.1384393839535762,4.675219315686263e-06,-3.3209789762622677e-07,0.0008275138097815216,1.370903555653058e-05,4.055132649227744e-06,5.022986897529336e-06,5.00731721331249e-06,0.004651925648312419,0.004656337250476043
2021-07-30_02h22m33s_C27H46O_-H_+HCl_22,2021-07-30_02h22m33s,Cholesterol,C27H46O,-H,+HCl,22,0.0,0.0,0.0,0.0,0.001223717877405718,0.0019233080899146533,0.0008150681290642664,0.0008150681290642664,0.0,16,0.0,-0.051226913928985596,0.0,0.0,0.17501986026763916,0.051844723522663116,0.051226913928985596,0.0,0.0,0.0,-2.3174232310907428e-08,0.0,0.0,7.661338941034046e-08,2.34241142038627e-08,2.3174232310907428e-08,0.0,0.0
2021-07-30_02h22m33s_C27H46O_+Cl__22,2021-07-30_02h22m33s,Cholesterol,C27H46O,+Cl,,22,0.0,0.0,0.0,0.0,0.001223717877405718,0.0019233080899146533,0.0008150681290642664,0.0008150681290642664,0.0,16,0.0,-0.051226913928985596,0.0,0.0,0.17501986026763916,0.051844723522663116,0.051226913928985596,0.0,0.0,0.0,-2.3174232310907428e-08,0.0,0.0,7.661338941034046e-08,2.34241142038627e-08,2.3174232310907428e-08,0.0,0.0
2021-07-30_02h22m33s_C27H46O_+Cl_+HCl_22,2021-07-30_02h22m33s,Cholesterol,C27H46O,+Cl,+HCl,22,0.0,0.0,0.0,0.0,0.0007119813104905996,0.001322274311816324,0.00035437744741924625,0.00035437744741924625,0.0,25,0.0,-0.020320981740951538,0.0,0.0,0.09763793647289276,0.01981797069311142,0.020320981740951538,0.0,0.0,0.0,-8.991663413837614e-09,0.0,0.0,3.94656325397591e-08,8.769090342752861e-09,8.991663413837614e-09,0.0,0.0
2021-07-30_02h22m33s_C27H46O_-H__22,2021-07-30_02h22m33s,Cholesterol,C27H46O,-H,,22,0.0,0.0,0.0,0.0,0.00011124707976415619,0.00018031013342949875,7.087548948384925e-05,7.087548948384925e-05,0.0,2,0.0,-0.004093921277672052,0.0,0.0,0.012874732725322247,0.003992583602666855,0.004093921277672052,0.0,0.0,0.0,-1.8047559002809521e-09,0.0,0.0,4.883843551795053e-09,1.7600823021268752e-09,1.8047559002809521e-09,0.0,0.0
2021-07-30_02h22m33s_C27H46O_[M]-_-H2_22,2021-07-30_02h22m33s,Cholesterol,C27H46O,[M]-,-H2,22,0.0,0.0,0.0,0.0,0.00011124707976415619,0.00024041351123933166,3.5437744741924624e-05,3.5437744741924624e-05,0.0,2,0.0,-0.0018749999580904841,0.0,0.0,0.025724245235323906,0.0018285876139998436,0.0018749999580904841,0.0,0.0,0.0,-1.2299694596151767e-09,0.0,0.0,8.710703269798614e-09,1.1995237025885785e-09,1.2299694596151767e-09,0.0,0.0
2021-07-30_02h22m33s_C27H46O_+Cl_+H2_22,2021-07-30_02h22m33s,Cholesterol,C27H46O,+Cl,+H2,22,0.0,0.0,0.0,0.0,0.0004116141951273779,0.0006911888448130785,0.00024806421319347236,0.00024806421319347236,0.0,5,0.0,-0.013536821119487286,0.0,0.0,0.04994190111756325,0.013201740570366383,0.013536821119487286,0.0,0.0,0.0,-6.364970328576192e-09,0.0,0.0,1.7748076786006095e-08,6.207416358705586e-09,6.364970328576192e-09,0.0,0.0
2021-07-30_02h22m33s_C27H46O_-H_-H2O_22,2021-07-30_02h22m33s,Cholesterol,C27H46O,-H,-H2O,22,0.4215570518987172,1.5158965059224185,0.005649717514124294,0.005649717514124294,0.003426410056736011,0.0034559442240653924,0.003402023495224764,0.003402023495224764,0.4205578198233718,84,0.29314279556274414,0.09891755878925323,51.88627624511719,3.8889787197113037,0.19609907269477844,0.1923791617155075,0.1942252367734909,1.5015619927400143,1.4872865283171375,1.1015043810402858e-07,3.121908775938209e-08,1.949662691913545e-05,1.4613106031902134e-06,7.681281743998625e-08,7.824769454600755e-08,7.893135034464649e-08,0.00011014174446740846,0.00011014197778839625
2021-07-30_02h22m33s_C27H46O_-H_+H2_22,2021-07-30_02h22m33s,Cholesterol,C27H46O,-H,+H2,22,0.0,0.0,0.0,0.0,1.1124707976415618e-05,0.0,1.7718872370962312e-05,1.7718872370962312e-05,0.0,0,0.0,-0.0009629360283724964,0.0,0.0,0.0,0.0009391002240590751,0.0009629360283724964,0.0,0.0,0.0,-3.417666150085097e-10,0.0,0.0,0.0,3.3330679882759284e-10,3.417666150085097e-10,0.0,0.0
2021-07-30_02h22m33s_C27H46O_-H_-H2_22,2021-07-30_02h22m33s,Cholesterol,C27H46O,-H,-H2,22,0.0,0.0,0.0,0.0,0.0001223717877405718,0.00015025844452458227,0.00010631323422577388,0.00010631323422577388,0.0,3,0.0,-0.00555766886100173,0.0,0.0,0.011613740585744381,0.0054200985468924046,0.00555766886100173,0.0,0.0,0.0,-2.7453521678211246e-09,0.0,0.0,4.498684980092094e-09,2.6773956385284237e-09,2.7453521678211246e-09,0.0,0.0
2021-07-30_02h22m33s_C27H46O_[M]-_-H2O_22,2021-07-30_02h22m33s,Cholesterol,C27H46O,[M]-,-H2O,22,0.0,0.0,0.0,0.0,0.0006341083546556903,0.0005409304002884963,0.0006910360224675301,0.0006910360224675301,0.0,18,0.0,-0.037012651562690735,0.0,0.0,0.030196646228432655,0.03810182958841324,0.037012651562690735,0.0,0.0,0.0,-1.610958122455486e-08,0.0,0.0,1.1576181790928786e-08,1.6710428596411475e-08,1.610958122455486e-08,0.0,0.0
2021-07-30_02h22m33s_C27H46O_[M]-_+H2_22,2021-07-30_02h22m33s,Cholesterol,C27H46O,[M]-,+H2,22,0.0,0.0,0.0,0.0,4.4498831905662474e-05,3.0051688904916458e-05,5.315661711288694e-05,5.315661711288694e-05,0.0,1,0.0,-0.00285482220351696,0.0,0.0,0.0015655162278562784,0.002784156007692218,0.00285482220351696,0.0,0.0,0.0,-1.1780578734743585e-09,0.0,0.0,5.804268177200811e-10,1.1488970885764616e-09,1.1780578734743585e-09,0.0,0.0
2021-07-30_02h22m33s_C27H46O_-H_+C12H14N2_22,2021-07-30_02h22m33s,Cholesterol,C27H46O,-H,+C12H14N2,22,0.440788403368446,1.7866568851086801,0.005649717514124294,0.005649717514124294,0.0026143063744576704,0.0022538766678687344,0.0028173007069830077,0.0028173007069830077,0.4408285398035174,61,0.2920571565628052,0.12974241375923157,51.69411849975586,3.87457537651062,0.12702815234661102,0.16246572136878967,0.1623147428035736,1.788308584694501,2.2811948091863257,1.0466224864558171e-07,4.40815881574963e-08,1.852521745604463e-05,1.3885018006476457e-06,4.653594132264516e-08,6.062397517325735e-08,6.058066048808541e-08,0.0001046559085215195,0.00010465737831596541
2021-07-30_02h22m33s_C6H10O5_+Cl__77,2021-07-30_02h22m33s,3-Hydroxymethylglutaric acid,C6H10O5,+Cl,,77,0.0,0.0,0.0,0.0,0.018956502391812215,0.030051688904916458,0.012474086149157468,0.012474086149157468,0.0,13,0.0,-1.4641433954238892,0.0,0.0,22.132061004638672,1.4707574844360352,1.4641433954238892,0.0,0.0,0.0,-6.744001552760892e-07,0.0,0.0,9.185675480694044e-06,6.788617383790552e-07,6.744001552760892e-07,0.0,0.0
2021-07-30_02h22m33s_C6H10O5_-H_+HCl_77,2021-07-30_02h22m33s,3-Hydroxymethylglutaric acid,C6H10O5,-H,+HCl,77,0.0,0.0,0.0,0.0,0.018956502391812215,0.030051688904916458,0.012474086149157468,0.012474086149157468,0.0,13,0.0,-1.4641433954238892,0.0,0.0,22.132061004638672,1.4707574844360352,1.4641433954238892,0.0,0.0,0.0,-6.744001552760892e-07,0.0,0.0,9.185675480694044e-06,6.788617383790552e-07,6.744001552760892e-07,0.0,0.0
2021-07-30_02h22m33s_C6H10O5_+Cl_+C12H14N2_77,2021-07-30_02h22m33s,3-Hydroxymethylglutaric acid,C6H10O5,+Cl,+C12H14N2,77,1.0114678194573814,1.0539598912813044,0.768361581920904,0.615819209039548,0.761430637445767,0.7813739632167328,0.7496500522706735,0.7496500522706735,1.0109597927408134,189,80.41210174560547,3.950653076171875,14232.9423828125,56.979427337646484,100.89569091796875,76.29421997070312,76.4614486694336,1.0516548076199759,0.7969746184340405,3.7867153878323734e-05,2.0500046957749873e-06,0.006702486425638199,2.805398980854079e-05,4.675018499256112e-05,3.5696913982974365e-05,3.5817149182548746e-05,0.03655775916454745,0.036175922795363864
2021-07-30_02h22m33s_C6H10O5_[M]-_-CH2O2_77,2021-07-30_02h22m33s,3-Hydroxymethylglutaric acid,C6H10O5,[M]-,-CH2O2,77,0.8296066850390804,1.2403843344733125,0.022598870056497175,0.022598870056497175,0.018856380020024474,0.021577112633730015,0.017240462816946328,0.017240462816946328,0.8391400837790985,171,1.343436360359192,0.28482353687286377,237.78823852539062,8.914668083190918,1.4943077564239502,1.0820807218551636,1.0586128234863281,1.2678558909272448,0.8984346898407316,6.076311933611578e-07,1.102020519283542e-07,0.00010755071707535535,4.0584150156064425e-06,7.112400908226846e-07,5.089757451059995e-07,4.974291414328036e-07,0.0006073290901732658,0.0006071993288553552
2021-07-30_02h22m33s_C6H10O5_-H_-CH2O2_77,2021-07-30_02h22m33s,3-Hydroxymethylglutaric acid,C6H10O5,-H,-CH2O2,77,11.574707861527141,32.48735243645917,0.2824858757062147,0.2824858757062147,0.10523973745689176,0.2583543695155668,0.01440544323759236,0.01440544323759236,11.600408811834654,186,27.754072189331055,26.903385162353516,4912.470703125,48.71048355102539,23.854333877563477,0.8533039093017578,0.8506864309310913,32.587195452896204,1.1634325611109737,1.1919476492039394e-05,1.151815740740858e-05,0.0021097473800182343,1.992199759115465e-05,1.0581268725218251e-05,4.018484389689547e-07,4.013193404261983e-07,0.011914694894542936,0.011794673878207765
2021-07-30_02h22m33s_C6H10O5_+Cl_-H2O_77,2021-07-30_02h22m33s,3-Hydroxymethylglutaric acid,C6H10O5,+Cl,-H2O,77,0.7322269510428885,0.8633938851292533,0.01694915254237288,0.01694915254237288,0.01688730670819891,0.02322995552350042,0.013147403299254035,0.013147403299254035,0.7275023977169056,154,1.8899967670440674,-0.3245201110839844,334.5294189453125,15.154584884643555,10.36616325378418,2.1880319118499756,2.2145168781280518,0.8530726105959415,0.1823060678005807,6.949986754989368e-07,-3.4158358630520524e-07,0.00012301476090215147,5.3572352953779045e-06,4.425728093337966e-06,1.0232819249722525e-06,1.036582261804142e-06,0.0006942789982046547,0.000691936353341153
2021-07-30_02h22m33s_C6H10O5_-H_-H2O_77,2021-07-30_02h22m33s,3-Hydroxymethylglutaric acid,C6H10O5,-H,-H2O,77,4.7386554833357675,9.872356906928635,0.24293785310734464,0.24293785310734464,0.10335966180887751,0.20792763553311697,0.041267253751971225,0.041267253751971225,4.749828625416005,189,25.022443771362305,22.497133255004883,4428.97265625,49.11195373535156,20.539443969726562,2.5335967540740967,2.525311231613159,9.904735195823196,1.2182036478004816,1.1407241800043266e-05,1.018682996800635e-05,0.0020190817303955555,2.167545972042717e-05,9.160020454146434e-06,1.2220227745274315e-06,1.220411490976403e-06,0.011393337240354568,0.011303699679769052
2021-07-30_02h22m33s_C6H10O5_-H__77,2021-07-30_02h22m33s,3-Hydroxymethylglutaric acid,C6H10O5,-H,,77,1.250509519541225,1.688605487877543,0.4293785310734463,0.4293785310734463,0.3544888196684837,0.389920663541291,0.33336286478728494,0.33336286478728494,1.2529374003086224,189,45.45461654663086,18.602975845336914,8045.466796875,60.05226135253906,41.26930618286133,26.917434692382812,26.851640701293945,1.6927428870874714,1.1013879166592466,2.1157859009690583e-05,8.448534572380595e-06,0.003744940971955657,2.772662992356345e-05,1.9217070075683296e-05,1.2723411600745749e-05,1.2709324437309988e-05,0.02089233158927068,0.020758933136902306
2021-07-30_02h22m33s_C6H10O5_-H_+C12H14N2_77,2021-07-30_02h22m33s,3-Hydroxymethylglutaric acid,C6H10O5,-H,+C12H14N2,77,1.275336929432309,1.373094703712207,0.14124293785310735,0.14124293785310735,0.10330403826899544,0.10743478783507633,0.1007495083012917,0.1007495083012917,1.2788943773059167,189,8.978487014770508,2.46345853805542,1589.1922607421875,22.814136505126953,7.281250476837158,6.537869453430176,6.515028476715088,1.3779078846654786,1.2329275192234341,4.6412606025114655e-06,1.414684220435447e-06,0.0008215031120926142,1.204511590913171e-05,3.4827810395654524e-06,3.233117695344845e-06,3.2265763820760185e-06,0.004626333384477501,0.004625152210089063
2021-07-30_02h22m33s_C6H10O5_[M]-_+HCl_77,2021-07-30_02h22m33s,3-Hydroxymethylglutaric acid,C6H10O5,[M]-,+HCl,77,0.7448765731058206,1.0184696876418127,0.03389830508474576,0.03389830508474576,0.03784625653576593,0.04183195095564371,0.03550862023140847,0.03550862023140847,0.7447704422723082,189,2.2504045963287354,0.04041934013366699,398.32159423828125,12.792352676391602,2.7087128162384033,2.2085940837860107,2.2099852561950684,1.0178288570777287,0.8304956092921777,1.033429953167797e-06,2.3624579625902697e-08,0.0001829170942073688,5.811743449157802e-06,1.2161041240688064e-06,1.0077749266201863e-06,1.0098053735418944e-06,0.0010323874427805,0.0010321747212325466
2021-07-30_02h22m33s_C6H10O5_[M]-__77,2021-07-30_02h22m33s,3-Hydroxymethylglutaric acid,C6H10O5,[M]-,,77,0.8533445981189911,0.8494010577248456,0.10734463276836158,0.10734463276836158,0.1123261764378685,0.10647313379011901,0.11579283094423871,0.11579283094423871,0.857810224912063,189,6.843691349029541,-1.1678481101989746,1211.3333740234375,20.0280704498291,7.517462253570557,8.056078910827637,8.011539459228516,0.8541226391275063,0.910251474066979,3.5027876492677024e-06,-5.206236437516054e-07,0.0006199934286996722,1.039098970068153e-05,3.7280551623553038e-06,4.043655735586071e-06,4.023411293019308e-06,0.0034887509692196122,0.0034897775659973145
2021-07-30_02h22m33s_C6H10O5_[M]-_+C12H14N2_77,2021-07-30_02h22m33s,3-Hydroxymethylglutaric acid,C6H10O5,[M]-,+C12H14N2,77,1.0432832886895016,1.1319552829799362,0.0847457627118644,0.0847457627118644,0.07031927911892313,0.06869816083663902,0.0712298669312685,0.0712298669312685,1.0493828549062303,189,5.143303871154785,0.6320648193359375,910.36474609375,17.080062866210938,4.410708427429199,4.542734146118164,4.511239051818848,1.1398562469959477,1.1658304159851067,2.4815901724650757e-06,2.501260496501345e-07,0.00043924147030338645,8.44675741973333e-06,2.1788114281662274e-06,2.244032884846092e-06,2.2314641228149412e-06,0.002476064922424924,0.002476195010477878
2021-07-30_02h22m33s_C6H10O5_+Cl_+H2_77,2021-07-30_02h22m33s,3-Hydroxymethylglutaric acid,C6H10O5,+Cl,+H2,77,0.9395837285833364,1.0518172928573053,0.5141242937853108,0.5141242937853108,0.5517743909222383,0.5767219617742517,0.5371830536704644,0.5371830536704644,0.9409994257778849,189,54.238887786865234,2.8083229064941406,9600.283203125,58.59348678588867,59.375240325927734,51.565834045410156,51.430564880371094,1.054583657196197,0.9134779751822856,2.4203476641559973e-05,1.2391319614835083e-06,0.004284015391021967,2.595186924736481e-05,2.625454726512544e-05,2.29921661230037e-05,2.2964344680076465e-05,0.02366013709806221,0.023584281995202874
2021-07-30_02h22m33s_C6H10O5_-H_-H2_77,2021-07-30_02h22m33s,3-Hydroxymethylglutaric acid,C6H10O5,-H,-H2,77,3.474373578360692,4.495188515472461,0.3389830508474576,0.01694915254237288,0.1703749026588052,0.30992306767640343,0.08756666725729574,0.08756666725729574,3.4752033254678762,153,31.84065818786621,24.747079849243164,5635.79638671875,50.272274017333984,64.3631820678711,7.082275390625,7.093577861785889,4.488027167813913,0.494695297367264,1.4377925253938884e-05,1.0915702659985982e-05,0.002544892719015479,2.175651206925977e-05,2.8065025617252104e-05,3.454464831520454e-06,3.4622230487002525e-06,0.014328317423107508,0.013985423971899395
2021-07-30_02h22m33s_C6H10O5_-H_-CO2_77,2021-07-30_02h22m33s,3-Hydroxymethylglutaric acid,C6H10O5,-H,-CO2,77,0.0,0.0,0.0,0.0,0.0016687061964623428,0.002824858757062147,0.0009922568527738894,0.0009922568527738894,0.0,70,0.0,-0.05614667385816574,0.0,0.0,0.1658938080072403,0.057924456894397736,0.05614667385816574,0.0,0.0,0.0,-2.610101823563582e-08,0.0,0.0,7.69764554320318e-08,2.6991305190904313e-08,2.610101823563582e-08,0.0,0.0
2021-07-30_02h22m33s_C6H10O5_[M]-_-CH2O3_77,2021-07-30_02h22m33s,3-Hydroxymethylglutaric acid,C6H10O5,[M]-,-CH2O3,77,0.0,0.0,0.0,0.0,0.00015574591166981868,6.0103377809832915e-05,0.00021262646845154776,0.00021262646845154776,0.0,2,0.0,-0.010872704908251762,0.0,0.0,0.0035160474944859743,0.011634698137640953,0.010872704908251762,0.0,0.0,0.0,-4.999578973041707e-09,0.0,0.0,1.3646394014799057e-09,5.448619333492388e-09,4.999578973041707e-09,0.0,0.0
2021-07-30_02h22m33s_C6H10O5_-H_+H2_77,2021-07-30_02h22m33s,3-Hydroxymethylglutaric acid,C6H10O5,-H,+H2,77,0.901156535537681,0.8405630330336739,0.8022598870056498,0.8022598870056498,0.8616642563132718,0.8304483711984614,0.8802558605170367,0.8802558605170367,0.9021403822932735,189,123.52692413330078,-22.96398162841797,21864.265625,83.821533203125,122.19231414794922,146.95635986328125,146.49090576171875,0.8432337847677918,1.0109139357963304,5.816325210616924e-05,-9.232357115251943e-06,0.010294895619153976,4.099352372577414e-05,5.656040957546793e-05,6.752828630851582e-05,6.739560922142118e-05,0.05449081072067987,0.05504962288861417
2021-07-30_02h22m33s_C6H10O5_+Cl_-CH2O2_77,2021-07-30_02h22m33s,3-Hydroxymethylglutaric acid,C6H10O5,+Cl,-CH2O2,77,0.7982170131377607,1.3564019045156073,0.01694915254237288,0.01694915254237288,0.013260651907887418,0.016678687342228632,0.011233765083190106,0.011233765083190106,0.7944008786942195,170,1.009128212928772,0.2591443657875061,178.61569213867188,7.793037414550781,1.2390691041946411,0.7429743409156799,0.7499838471412659,1.3437415688368957,0.8137677243270625,4.893469736089173e-07,1.483123241996509e-07,8.661441097501665e-05,3.802960009124945e-06,5.302092631609412e-07,3.3725854109434295e-07,3.410346494092664e-07,0.00048918014622925,0.0004890876548038427
2021-07-30_02h22m33s_C6H10O5_+Cl_-CO2_77,2021-07-30_02h22m33s,3-Hydroxymethylglutaric acid,C6H10O5,+Cl,-CO2,77,0.29521413101753474,0.25801603164813924,0.02824858757062147,0.022598870056497175,0.07436867282233842,0.05541531434066595,0.08568846678597374,0.08568846678597374,0.29019477574755487,163,42.864009857177734,-126.77674865722656,7586.9296875,330.174560546875,96.31056213378906,166.1282501220703,169.64076232910156,0.2526736887702359,0.44505570159514335,1.7344445950584486e-05,-5.6651329941814765e-05,0.003069967031478882,0.00011660706513794139,4.0849448851076886e-05,7.246275345096365e-05,7.399577589239925e-05,0.01614945453223289,0.01666374130257728
2021-07-30_02h22m33s_C6H10O5_[M]-_-CO2_77,2021-07-30_02h22m33s,3-Hydroxymethylglutaric acid,C6H10O5,[M]-,-CO2,77,0.0,0.0,0.0,0.0,0.0013572143731227055,0.002313980045678567,0.000797349256693304,0.000797349256693304,0.0,29,0.0,-0.04296749085187912,0.0,0.0,0.24370011687278748,0.04378576576709747,0.04296749085187912,0.0,0.0,0.0,-2.0099980346799384e-08,0.0,0.0,1.1913162012433531e-07,2.0343380313647685e-08,2.0099980346799384e-08,0.0,0.0
2021-07-30_02h22m33s_C6H10O5_-H_-CH2O3_77,2021-07-30_02h22m33s,3-Hydroxymethylglutaric acid,C6H10O5,-H,-CH2O3,77,0.0,0.0,0.0,0.0,0.00018912003559906553,0.00018031013342949875,0.00019490759608058544,0.00019490759608058544,0.0,6,0.0,-0.010914166457951069,0.0,0.0,0.009411009959876537,0.010645359754562378,0.010914166457951069,0.0,0.0,0.0,-4.295435118706337e-09,0.0,0.0,4.16415657511493e-09,4.189641522600596e-09,4.295435118706337e-09,0.0,0.0
2021-07-30_02h22m33s_C6H10O5_[M]-_+H2_77,2021-07-30_02h22m33s,3-Hydroxymethylglutaric acid,C6H10O5,[M]-,+H2,77,0.40973946727915955,0.5868147394631877,0.011299435028248588,0.0,0.020703081544109467,0.02605481428056257,0.017577121391994615,0.017577121391994615,0.4093532613345443,5,0.8797164559364319,-0.6237217783927917,155.70980834960938,8.22899341583252,12.524260520935059,1.4981383085250854,1.5034382343292236,0.584747473084973,0.07023538188814916,4.620144977707241e-07,-2.907912062255491e-07,8.177656854968518e-05,4.323894245317206e-06,6.083874268369982e-06,7.50167657770362e-07,7.528057039962732e-07,0.00046166695225571944,0.00045922065703190375
2021-07-30_02h22m33s_C51H96O6_+Cl_-H2O_46,2021-07-30_02h22m33s,TG 15:0-18:1-15:0,C51H96O6,+Cl,-H2O,46,0.5302111966753126,7.4502092880183595,0.005649717514124294,0.005649717514124294,0.0029369229057737236,0.006791681692511119,0.0006555982777256055,0.0006555982777256055,0.5292726688209616,54,0.3011631965637207,0.26060351729393005,53.305885314941406,3.995382308959961,0.6521952152252197,0.03942345455288887,0.040559668093919754,7.246525546910741,0.461061547212774,1.9317394617246464e-07,1.7614277680877422e-07,3.419178756303154e-05,2.5627418835938442e-06,2.67441436108129e-07,1.6554070114693786e-08,1.7031172916404103e-08,0.00019317065624961568,0.0001931222972679388
2021-07-30_02h22m33s_C51H96O6_-H_-H2O_46,2021-07-30_02h22m33s,TG 15:0-18:1-15:0,C51H96O6,-H,-H2O,46,0.0,0.0,0.0,0.0,0.0028812993658916455,0.007272508714989782,0.0003012208303063593,0.0003012208303063593,0.0,47,0.0,-0.019200073555111885,0.0,0.0,0.8536174893379211,0.018662212416529655,0.019200073555111885,0.0,0.0,0.0,-7.583831340696179e-09,0.0,0.0,3.563278028195782e-07,7.371381283149958e-09,7.583831340696179e-09,0.0,0.0
2021-07-30_02h22m33s_C51H96O6_-H_-CO2_46,2021-07-30_02h22m33s,TG 15:0-18:1-15:0,C51H96O6,-H,-CO2,46,1.0931419419738169,28.74858312314977,0.011299435028248588,0.011299435028248588,0.0018467015240849927,0.004357494891212886,0.00033665857504828393,0.00033665857504828393,1.0940444223199741,51,0.6181455850601196,0.598039448261261,109.4117660522461,5.782222270965576,0.3219596743583679,0.020501775667071342,0.020106116309762,29.287509648291614,1.9140023790530658,2.8394782702889643e-07,2.7564632887333573e-07,5.0258764531463385e-05,2.670091589607182e-06,1.358264682949084e-07,8.607866419652055e-09,8.301494602847015e-09,0.0002839454698571109,0.0002839092646361647
2021-07-30_02h22m33s_C51H96O6_[M]-_-CO2_46,2021-07-30_02h22m33s,TG 15:0-18:1-15:0,C51H96O6,[M]-,-CO2,46,0.9079348700674368,4.376052045992106,0.011299435028248588,0.011299435028248588,0.006685949493825787,0.013853828585166487,0.002445204387192799,0.002445204387192799,0.9054601611394247,123,0.6757062077522278,0.519912838935852,119.5999984741211,6.374802589416504,1.4438453912734985,0.15341000258922577,0.15579335391521454,4.309533477532559,0.46766679108596865,3.402289223686239e-07,2.736888120580261e-07,6.022051820764318e-05,3.1952854442351963e-06,5.994492084937519e-07,6.553071330017701e-08,6.654011741602517e-08,0.00034020628500247416,0.000340025094594801
2021-07-30_02h22m33s_C51H96O6_-H_-H2_46,2021-07-30_02h22m33s,TG 15:0-18:1-15:0,C51H96O6,-H,-H2,46,0.0,0.0,0.0,0.0,0.003949271331627545,0.00982690227190768,0.0004961284263869447,0.0004961284263869447,0.0,52,0.0,-0.0321340449154377,0.0,0.0,1.056598424911499,0.031233860179781914,0.0321340449154377,0.0,0.0,0.0,-1.2768080814851146e-08,0.0,0.0,4.4768151497009967e-07,1.2410401595275289e-08,1.2768080814851146e-08,0.0,0.0
2021-07-30_02h22m33s_C51H96O6_-H_-CH2O2_46,2021-07-30_02h22m33s,TG 15:0-18:1-15:0,C51H96O6,-H,-CH2O2,46,0.0,0.0,0.0,0.0,0.003482033596618089,0.008504627960091358,0.0005315661711288693,0.0005315661711288693,0.0,47,0.0,-0.031399860978126526,0.0,0.0,1.0264933109283447,0.030520237982273102,0.031399860978126526,0.0,0.0,0.0,-1.3663622233650585e-08,0.0,0.0,4.281781400550244e-07,1.3280854638253459e-08,1.3663622233650585e-08,0.0,0.0
2021-07-30_02h22m33s_C51H96O6_[M]-_-H2O_46,2021-07-30_02h22m33s,TG 15:0-18:1-15:0,C51H96O6,[M]-,-H2O,46,0.5002637515801384,3.519674489449385,0.005649717514124294,0.005649717514124294,0.004983869173434198,0.011239331650438755,0.0012934776830802487,0.0012934776830802487,0.5010361225342768,103,0.3090727925300598,0.2231685221195221,54.70588302612305,4.100313663482666,0.9130799770355225,0.08681289106607437,0.08590427041053772,3.5564741648482063,0.3381244533245572,1.5350659055002325e-07,1.1631732377281878e-07,2.717066672630608e-05,2.0364950614748523e-06,3.789877780491224e-07,3.767084066907955e-08,3.7189270329918145e-08,0.00015350088196422799,0.00015344843546841996
2021-07-30_02h22m33s_C51H96O6_+Cl_-CH2O3_46,2021-07-30_02h22m33s,TG 15:0-18:1-15:0,C51H96O6,+Cl,-CH2O3,46,0.0,0.0,0.0,0.0,0.0020358215596840584,0.005108787113835798,0.00023034534082251004,0.00023034534082251004,0.0,53,0.0,-0.015617074444890022,0.0,0.0,0.43111222982406616,0.015179583802819252,0.015617074444890022,0.0,0.0,0.0,-6.336500213421914e-09,0.0,0.0,1.7706229016312136e-07,6.158992427174326e-09,6.336500213421914e-09,0.0,0.0
2021-07-30_02h22m33s_C51H96O6_[M]-__46,2021-07-30_02h22m33s,TG 15:0-18:1-15:0,C51H96O6,[M]-,,46,0.7154225682817074,1.8791767661452703,0.011299435028248588,0.011299435028248588,0.008844142841250418,0.01400408702969107,0.005794071265304676,0.005794071265304676,0.717775033477239,143,0.7203279733657837,0.3404795229434967,127.498046875,6.7910847663879395,1.0741459131240845,0.3823210299015045,0.379848450422287,1.8913769310787003,0.6699815946588168,4.1451372112533136e-07,2.548396764723293e-07,7.33689303160645e-05,4.001909928774694e-06,4.523518839505414e-07,1.6106746159039176e-07,1.5967404465300206e-07,0.00041444754460958705,0.0004143262998430271
2021-07-30_02h22m33s_C51H96O6_[M]-_-CH2O3_46,2021-07-30_02h22m33s,TG 15:0-18:1-15:0,C51H96O6,[M]-,-CH2O3,46,0.42892921068193873,1.5409386248073753,0.005649717514124294,0.005649717514124294,0.007475803760151296,0.014785430941218897,0.003171678154402254,0.003171678154402254,0.4283278566460311,128,0.3133710026741028,0.10953064262866974,55.46666717529297,4.157336235046387,1.2338663339614868,0.20236371457576752,0.20384036004543304,1.529830364507258,0.25376916841582325,1.4645591761563992e-07,5.9566410470779374e-08,2.5922698114300147e-05,1.9429571693763137e-06,5.275713874652865e-07,8.631709391693221e-08,8.688950714486054e-08,0.00014644319323875468,0.00014637869240579203
2021-07-30_02h22m33s_C51H96O6_-H_+C12H14N2_46,2021-07-30_02h22m33s,TG 15:0-18:1-15:0,C51H96O6,-H,+C12H14N2,46,0.0,0.0,0.0,0.0,0.002358438091000111,0.005890131025363625,0.000283501957935397,0.000283501957935397,0.0,50,0.0,-0.017086876556277275,0.0,0.0,0.5439685583114624,0.016608212143182755,0.017086876556277275,0.0,0.0,0.0,-7.025011239392143e-09,0.0,0.0,2.2516184117193916e-07,6.828215326493137e-09,7.025011239392143e-09,0.0,0.0
2021-07-30_02h22m33s_C51H96O6_-H_+HCl_46,2021-07-30_02h22m33s,TG 15:0-18:1-15:0,C51H96O6,-H,+HCl,46,1.0765336102254768,24.62472340175292,0.011299435028248588,0.011299435028248588,0.002280565135165202,0.00525904555836038,0.0004961284263869447,0.0004961284263869447,1.0769369099826334,63,0.7745652794837952,0.7444165945053101,137.09805297851562,7.259994983673096,0.38407331705093384,0.030454780906438828,0.030148668214678764,24.866722202870374,2.011474815798112,4.220478047045617e-07,4.095381029856071e-07,7.470246055163443e-05,3.948367520933971e-06,1.5213937842872838e-07,1.2814567185159831e-08,1.2509691948991986e-08,0.00042204252508258356,0.000421983604381284
2021-07-30_02h22m33s_C51H96O6_+Cl__46,2021-07-30_02h22m33s,TG 15:0-18:1-15:0,C51H96O6,+Cl,,46,1.0765336102254768,24.62472340175292,0.011299435028248588,0.011299435028248588,0.002280565135165202,0.00525904555836038,0.0004961284263869447,0.0004961284263869447,1.0769369099826334,63,0.7745652794837952,0.7444165945053101,137.09805297851562,7.259994983673096,0.38407331705093384,0.030454780906438828,0.030148668214678764,24.866722202870374,2.011474815798112,4.220478047045617e-07,4.095381029856071e-07,7.470246055163443e-05,3.948367520933971e-06,1.5213937842872838e-07,1.2814567185159831e-08,1.2509691948991986e-08,0.00042204252508258356,0.000421983604381284
2021-07-30_02h22m33s_C51H96O6_-H_+H2_46,2021-07-30_02h22m33s,TG 15:0-18:1-15:0,C51H96O6,-H,+H2,46,0.0,0.0,0.0,0.0,0.0026031816664812547,0.006070441158793124,0.000567003915870794,0.000567003915870794,0.0,61,0.0,-0.03601200506091118,0.0,0.0,0.524302065372467,0.036395538598299026,0.03601200506091118,0.0,0.0,0.0,-1.434675578337874e-08,0.0,0.0,2.1597678312446078e-07,1.4723849695030822e-08,1.434675578337874e-08,0.0,0.0
2021-07-30_02h22m33s_C51H96O6_[M]-_-CH2O2_46,2021-07-30_02h22m33s,TG 15:0-18:1-15:0,C51H96O6,[M]-,-CH2O2,46,0.4482240006531521,1.948144565905418,0.005649717514124294,0.005649717514124294,0.00683057069751919,0.01400408702969107,0.0026046742385314597,0.0026046742385314597,0.4487964897399245,118,0.31552010774612427,0.15533708035945892,55.84706115722656,4.185847282409668,1.1895208358764648,0.16095928847789764,0.16018302738666534,1.9575268740251197,0.2650269514299071,1.5922067575502297e-07,9.082921081926543e-08,2.8182059395476244e-05,2.112300990120275e-06,4.983976964467729e-07,6.881955272319829e-08,6.839146493575754e-08,0.0001592097871644467,0.0001591413600677558
2021-07-30_02h22m33s_C51H96O6_+Cl_+C12H14N2_46,2021-07-30_02h22m33s,TG 15:0-18:1-15:0,C51H96O6,+Cl,+C12H14N2,46,0.0,0.0,0.0,0.0,0.0017577038602736678,0.004417598269022719,0.00019490759608058544,0.00019490759608058544,0.0,43,0.0,-0.012810438871383667,0.0,0.0,0.39053264260292053,0.012451572343707085,0.012810438871383667,0.0,0.0,0.0,-5.622104115587945e-09,0.0,0.0,1.5539954745236173e-07,5.46460832140383e-09,5.622104115587945e-09,0.0,0.0
2021-07-30_02h22m33s_C51H96O6_[M]-_+HCl_46,2021-07-30_02h22m33s,TG 15:0-18:1-15:0,C51H96O6,[M]-,+HCl,46,1.5216359507489767,2.3686794365563153,0.04519774011299435,0.04519774011299435,0.023962620981199244,0.031073446327683617,0.01970338607651009,0.01970338607651009,1.5159133456665717,185,3.048100233078003,1.7533843517303467,539.5137329101562,14.338747024536133,2.276204824447632,1.2858352661132812,1.2947158813476562,2.352444912466239,1.3385270399720688,1.571436996528064e-06,1.015600901155267e-06,0.00027814434724859893,7.346414349740371e-06,9.714518682812923e-07,5.533755711439881e-07,5.558360385293781e-07,0.001570564020444683,0.001569911902677171
2021-07-30_02h22m33s_C51H96O6_+Cl_-H2_46,2021-07-30_02h22m33s,TG 15:0-18:1-15:0,C51H96O6,+Cl,-H2,46,0.0,0.0,0.0,0.0,0.0033374123929246855,0.007362663781704532,0.0009745379804029272,0.0009745379804029272,0.0,66,0.0,-0.062067389488220215,0.0,0.0,0.6379188895225525,0.060328658670186996,0.062067389488220215,0.0,0.0,0.0,-2.6236794070655378e-08,0.0,0.0,2.59636038890676e-07,2.550181044114197e-08,2.6236794070655378e-08,0.0,0.0
2021-07-30_02h22m33s_C51H96O6_+Cl_-CO2_46,2021-07-30_02h22m33s,TG 15:0-18:1-15:0,C51H96O6,+Cl,-CO2,46,0.0,0.0,0.0,0.0,0.0021248192234953832,0.005228993869455464,0.0003012208303063593,0.0003012208303063593,0.0,53,0.0,-0.018039174377918243,0.0,0.0,0.6220019459724426,0.018583761528134346,0.018039174377918243,0.0,0.0,0.0,-8.202452050909415e-09,0.0,0.0,2.477168834502663e-07,8.37691782606953e-09,8.202452050909415e-09,0.0,0.0
2021-07-30_02h22m33s_C51H96O6_+Cl_+H2_46,2021-07-30_02h22m33s,TG 15:0-18:1-15:0,C51H96O6,+Cl,+H2,46,0.0,0.0,0.0,0.0,0.0027366781621982425,0.005409304002884962,0.0011694455764835127,0.0011694455764835127,0.0,67,0.0,-0.07499779015779495,0.0,0.0,0.3897014558315277,0.07516102492809296,0.07499779015779495,0.0,0.0,0.0,-3.1677895862003425e-08,0.0,0.0,1.5692467059125192e-07,3.189897412880782e-08,3.1677895862003425e-08,0.0,0.0
2021-07-30_02h22m33s_C51H96O6_[M]-_+C12H14N2_46,2021-07-30_02h22m33s,TG 15:0-18:1-15:0,C51H96O6,[M]-,+C12H14N2,46,0.5475094997074588,16.250387445679493,0.005649717514124294,0.005649717514124294,0.002636555790410502,0.006551268181271787,0.0003189397026773216,0.0003189397026773216,0.5489600821078402,62,0.3286806344985962,0.31092292070388794,58.17647171020508,4.360440731048584,0.5542115569114685,0.019226018339395523,0.017757723107933998,17.52241637256994,0.5919917019144579,1.8200549334324023e-07,1.7491217363385658e-07,3.221497172489762e-05,2.41457541960699e-06,2.315663891749864e-07,7.841118865314911e-09,7.093315268491551e-09,0.0001820042023300529,0.00018196335674575646
2021-07-30_02h22m33s_C51H96O6_[M]-_+H2_46,2021-07-30_02h22m33s,TG 15:0-18:1-15:0,C51H96O6,[M]-,+H2,46,0.2815803203410835,0.4900640096481393,0.005649717514124294,0.005649717514124294,0.013694515518967627,0.019894218055054695,0.010064319506706594,0.010064319506706594,0.28083738442386663,172,0.31157639622688293,-0.3263641893863678,55.14902114868164,4.133528232574463,1.4257696866989136,0.6347871422767639,0.6379405856132507,0.48764533548582467,0.2183789010458798,1.740977921826925e-07,-1.032567666925388e-07,3.0815310310572386e-05,2.3096681616152637e-06,6.095756361901294e-07,2.7643906719276856e-07,2.773545588752313e-07,0.00017404951875519571,0.00017399173106253822
2021-07-30_02h22m33s_C51H96O6_-H__46,2021-07-30_02h22m33s,TG 15:0-18:1-15:0,C51H96O6,-H,,46,0.0,0.0,0.0,0.0,0.00233618867504728,0.004898425291501383,0.0008327870014352287,0.0008327870014352287,0.0,70,0.0,-0.053699955344200134,0.0,0.0,0.34904223680496216,0.054156795144081116,0.053699955344200134,0.0,0.0,0.0,-2.2837992830204712e-08,0.0,0.0,1.4288629301972833e-07,2.317801417461851e-08,2.2837992830204712e-08,0.0,0.0
2021-07-30_02h22m33s_C8H20NO6P_+Cl__95,2021-07-30_02h22m33s,Glycerophosphocholine,C8H20NO6P,+Cl,,95,5.916924181923726,142.54584016721472,0.7401129943502824,0.4745762711864407,0.12048058738458116,0.1263373001562688,0.11508407604940021,0.11508407604940021,6.009450485669267,16,1342.1953125,1332.96923828125,237568.5625,3121.910400390625,11.505541801452637,9.414885520935059,9.226122856140137,145.46195313817066,116.64628136409806,0.000516737753059715,0.0005121758440509439,0.09146258234977722,0.0010640042601153255,5.487702310347231e-06,4.649489255825756e-06,4.561896275845356e-06,0.514391153970091,0.5139175266613277
2021-07-30_02h22m33s_C8H20NO6P_-H_+HCl_95,2021-07-30_02h22m33s,Glycerophosphocholine,C8H20NO6P,-H,+HCl,95,5.916924181923726,142.54584016721472,0.7401129943502824,0.4745762711864407,0.12048058738458116,0.1263373001562688,0.11508407604940021,0.11508407604940021,6.009450485669267,16,1342.1953125,1332.96923828125,237568.5625,3121.910400390625,11.505541801452637,9.414885520935059,9.226122856140137,145.46195313817066,116.64628136409806,0.000516737753059715,0.0005121758440509439,0.09146258234977722,0.0010640042601153255,5.487702310347231e-06,4.649489255825756e-06,4.561896275845356e-06,0.514391153970091,0.5139175266613277
2021-07-30_02h22m33s_C8H20NO6P_[M]-__95,2021-07-30_02h22m33s,Glycerophosphocholine,C8H20NO6P,[M]-,,95,0.6205061599984479,0.6077295170998502,0.1864406779661017,0.1864406779661017,0.3026143063744577,0.32383699963937973,0.2904654747771852,0.2904654747771852,0.6189207337004342,189,142.0319366455078,-91.97064208984375,25139.65234375,378.5586242675781,273.7461242675781,233.7081298828125,234.00257873535156,0.606964805466245,0.5188435751627354,6.329343159450218e-05,-4.381171311251819e-05,0.011202937923371792,0.00014963951252866536,0.00012204095401102677,0.00010688120528357103,0.00010710514470702037,0.057170208174989454,0.056409199119019114
2021-07-30_02h22m33s_C8H20NO6P_[M]-_+C12H14N2_95,2021-07-30_02h22m33s,Glycerophosphocholine,C8H20NO6P,[M]-,+C12H14N2,95,0.32217635646153353,0.37657736523242386,0.011299435028248588,0.011299435028248588,0.028412504171765492,0.03416877028489001,0.02507220440491167,0.02507220440491167,0.3191873787889148,182,0.6325911283493042,-1.0708537101745605,111.9686279296875,5.957671165466309,2.4347400665283203,1.6788437366485596,1.7034448385238647,0.37114203642821325,0.2597120838312363,2.9332812800930697e-07,-5.270302949611505e-07,5.191907985135913e-05,2.829495542755467e-06,1.105552996705228e-06,8.082586191449082e-07,8.203584229704575e-07,0.00029308769105328245,0.00029300419634199385
2021-07-30_02h22m33s_C8H20NO6P_-H_-NH3_95,2021-07-30_02h22m33s,Glycerophosphocholine,C8H20NO6P,-H,-NH3,95,1.3570263543765717,1.4287543289683413,0.2598870056497175,0.20903954802259886,0.1919568361330515,0.20931001322274312,0.18151212856813792,0.18151212856813792,1.3640227625690802,189,18.043603897094727,5.501269340515137,3193.7177734375,32.597530364990234,19.628725051879883,12.62790584564209,12.54233455657959,1.4385013662598976,0.9191979943380175,8.406706001551356e-06,2.5547701625328045e-06,0.001487986883148551,1.5397063179989345e-05,8.769446139922366e-06,5.89262526773382e-06,5.851935839018552e-06,0.008357796711440445,0.008333624728345802
2021-07-30_02h22m33s_C8H20NO6P_[M]-_+H2_95,2021-07-30_02h22m33s,Glycerophosphocholine,C8H20NO6P,[M]-,+H2,95,0.9385094746590368,0.9844311117068612,0.3672316384180791,0.12994350282485875,0.3780620758705084,0.37264094242096407,0.381292414550738,0.381292414550738,0.937141874221822,189,41.89531707763672,-0.7031135559082031,7415.47119140625,64.07528686523438,41.8039665222168,42.5568962097168,42.59843063354492,0.9834712918591512,1.0021612397505906,1.940886977536138e-05,2.5293047656305134e-08,0.003435370046645403,2.767217119981069e-05,1.8726601410889998e-05,1.935046566359233e-05,1.9383576727705076e-05,0.01903981015435353,0.019052088900477302
2021-07-30_02h22m33s_C8H20NO6P_[M]-_-H2O_95,2021-07-30_02h22m33s,Glycerophosphocholine,C8H20NO6P,[M]-,-H2O,95,1.691462018703949,1.9247457943293966,0.2824858757062147,0.2824858757062147,0.19628434753587717,0.2624413992066354,0.15700692807909705,0.15700692807909705,1.6904224493408606,189,24.983116149902344,12.023635864257812,4422.01171875,42.75536346435547,25.735239028930664,12.97895622253418,12.959480285644531,1.9276381429764216,0.9707368711418277,1.1561172868823633e-05,5.362561296351487e-06,0.0020463275723159313,2.106266219925601e-05,1.1752274986065459e-05,6.207827482285211e-06,6.198611572472146e-06,0.01148995112481422,0.011426881020833743
2021-07-30_02h22m33s_C8H20NO6P_-H_+C12H14N2_95,2021-07-30_02h22m33s,Glycerophosphocholine,C8H20NO6P,-H,+C12H14N2,95,1.0812428401452474,1.5947458864169188,0.03389830508474576,0.03389830508474576,0.024240738680609632,0.02909003485995913,0.021351241207009587,0.021351241207009587,1.072620655207164,184,2.1216351985931396,0.7759146690368652,375.5294189453125,11.614049911499023,1.9588892459869385,1.3293907642364502,1.3457205295562744,1.575408670195433,1.08252810863542,1.0703953421398182e-06,4.2134917066505295e-07,0.00018945996998809278,5.98504038862302e-06,9.353016139357351e-07,6.404844725693692e-07,6.490461714747653e-07,0.0010697010567643028,0.001069395135143983
2021-07-30_02h22m33s_C8H20NO6P_+Cl_-H2O_95,2021-07-30_02h22m33s,Glycerophosphocholine,C8H20NO6P,+Cl,-H2O,95,1.3879048970981285,1.9520195945473908,0.05649717514124294,0.05649717514124294,0.038246746022916896,0.050937612693833394,0.030706805818877688,0.030706805818877688,1.3979138121291008,186,3.68162202835083,1.8140403032302856,651.6470947265625,15.276205062866211,3.4139864444732666,1.8850579261779785,1.8675817251205444,1.970276161249155,1.0780780797268112,1.8934086938315886e-06,9.883115126285702e-07,0.00033513334346935153,7.970662409206852e-06,1.5904432757452014e-06,9.141814416580019e-07,9.050971243595995e-07,0.0018916965247468792,0.0018904021164969514
2021-07-30_02h22m33s_C8H20NO6P_-H_-CH2O3_95,2021-07-30_02h22m33s,Glycerophosphocholine,C8H20NO6P,-H,-CH2O3,95,0.8284237126963091,0.9527784379205595,0.0847457627118644,0.0847457627118644,0.09787518077650462,0.10740473614617141,0.09229760618034269,0.09229760618034269,0.8304703898481927,189,5.713836193084717,-0.2626948356628418,1011.3489990234375,19.101404190063477,7.129389762878418,5.996025085449219,5.976531028747559,0.9558856600836261,0.8013357450432187,2.84788779936207e-06,-1.0818052942340728e-07,0.000504076131619513,9.756045074027497e-06,3.5350824418856064e-06,2.964879286082578e-06,2.956068328785477e-06,0.0028394940608988724,0.0028378557453440996
2021-07-30_02h22m33s_C8H20NO6P_[M]-_-CH2O2_95,2021-07-30_02h22m33s,Glycerophosphocholine,C8H20NO6P,[M]-,-CH2O2,95,1.9974694280503291,2.3480957529451136,0.192090395480226,0.192090395480226,0.11615307598175548,0.16660656328885684,0.08616687633998972,0.08616687633998972,2.0021799920537307,189,12.766168594360352,7.34730339050293,2259.61181640625,27.69904899597168,12.020855903625488,5.435817718505859,5.418865203857422,2.35544023959755,1.0619132933135889,5.96774270889e-06,3.353051852172939e-06,0.001056290464475751,1.3832567674398888e-05,5.5276859711739235e-06,2.6207515020360006e-06,2.6146908567170613e-06,0.005952179599314136,0.005934936245068324
2021-07-30_02h22m33s_C8H20NO6P_-H_-H2_95,2021-07-30_02h22m33s,Glycerophosphocholine,C8H20NO6P,-H,-H2,95,0.0,0.0,0.0,0.0,0.009266881744354211,0.015236206274792644,0.005776352392933714,0.005776352392933714,0.0,4,0.0,-1.6726311445236206,0.0,0.0,34.50169372558594,1.6902940273284912,1.6726311445236206,0.0,0.0,0.0,-8.113495368888834e-07,0.0,0.0,1.309504295932129e-05,8.19198419321765e-07,8.113495368888834e-07,0.0,0.0
2021-07-30_02h22m33s_C8H20NO6P_+Cl_-NH3_95,2021-07-30_02h22m33s,Glycerophosphocholine,C8H20NO6P,+Cl,-NH3,95,1.513038087021419,2.2985502888481317,0.05649717514124294,0.05649717514124294,0.03460896651462899,0.04682053131385984,0.027340220068394847,0.027340220068394847,1.5277203890299251,189,4.0316386222839355,2.301459550857544,713.6000366210938,17.022335052490234,3.1191251277923584,1.7529919147491455,1.7301790714263916,2.328839742131412,1.2921400447604863,1.802060978661757e-06,9.89626187219983e-07,0.0003189647977706045,7.71304803492967e-06,1.4254395637181005e-06,8.222472729357833e-07,8.124347345983551e-07,0.001800598110213967,0.001799495906002592
2021-07-30_02h22m33s_C8H20NO6P_+Cl_-CH2O2_95,2021-07-30_02h22m33s,Glycerophosphocholine,C8H20NO6P,+Cl,-CH2O2,95,1.2806754486570993,1.4001348375497367,0.12994350282485875,0.12994350282485875,0.10508399154522194,0.12805024642384902,0.09146481917890746,0.09146481917890746,1.2850569967324021,189,8.454968452453613,2.4362893104553223,1496.5294189453125,22.486364364624023,8.94472599029541,6.037681579589844,6.018679141998291,1.4045546702754832,0.9451405578066906,4.229758815199602e-06,1.3258936633064877e-06,0.0007486672839149833,1.1750370504159946e-05,4.222637926432071e-06,2.91229366666812e-06,2.9038651518931147e-06,0.004217511729859563,0.004211973177515113
2021-07-30_02h22m33s_C8H20NO6P_-H_+H2_95,2021-07-30_02h22m33s,Glycerophosphocholine,C8H20NO6P,-H,+H2,95,1.0764825001585978,1.3252899203299653,0.1807909604519774,0.1807909604519774,0.16648125486705975,0.18088111551869215,0.15794602831475804,0.15794602831475804,1.080578004095827,189,13.768739700317383,3.421441078186035,2437.06689453125,30.019832611083984,12.221224784851074,10.388228416442871,10.347298622131348,1.3305317330977406,1.1265330120080224,6.228244728845311e-06,1.5479536159546115e-06,0.0011023993138223886,1.3949158528703265e-05,5.441344001155812e-06,4.695700681622839e-06,4.6802911128907e-06,0.006199230525310938,0.006194538116027733
2021-07-30_02h22m33s_C8H20NO6P_+Cl_+H2_95,2021-07-30_02h22m33s,Glycerophosphocholine,C8H20NO6P,+Cl,+H2,95,0.6515524277255761,0.9648402772335759,0.05084745762711865,0.05084745762711865,0.07234397597063078,0.07975718235364827,0.06804046990449528,0.06804046990449528,0.6504637835061887,189,10.540712356567383,-0.3738069534301758,1865.7060546875,47.581844329833984,13.209389686584473,10.923826217651367,10.914519309997559,0.9656629297438108,0.797910781335374,5.052496817370411e-06,-7.908374755061232e-08,0.000894291908480227,2.3744167265249416e-05,6.090418537496589e-06,5.12652059114771e-06,5.131580564921023e-06,0.0050267018916376315,0.005021911275842357
2021-07-30_02h22m33s_C8H20NO6P_+Cl_-H2_95,2021-07-30_02h22m33s,Glycerophosphocholine,C8H20NO6P,+Cl,-H2,95,1.5036491921909156,2.5831690681767157,0.03954802259887006,0.03954802259887006,0.02054733563243965,0.02764755379252314,0.01630136258128533,0.01630136258128533,1.5017759785540097,182,2.537299156188965,1.5565940141677856,449.1019592285156,12.716891288757324,1.8537639379501343,0.9812427759170532,0.9807051420211792,2.584583748807771,1.367990343284958,1.0356902748753782e-06,5.578184527621488e-07,0.0001833171845646575,5.361971489037387e-06,8.476828270431724e-07,4.788497562913108e-07,4.778718221132294e-07,0.0010351955840753725,0.0010348130815969088
2021-07-30_02h22m33s_C8H20NO6P_+Cl_+C12H14N2_95,2021-07-30_02h22m33s,Glycerophosphocholine,C8H20NO6P,+Cl,+C12H14N2,95,1.2813881551839672,1.239295049581508,0.2598870056497175,0.2598870056497175,0.2029146734898209,0.21973794927274912,0.1928167691408119,0.1928167691408119,1.2810724773316406,189,25.980060577392578,5.02264404296875,4598.470703125,46.538917541503906,22.342605590820312,20.96257972717285,20.957416534423828,1.2396003550516703,1.1627514848394152,1.292017986997962e-05,3.1283561838790774e-06,0.0022868718951940536,2.332651274628006e-05,1.0381480933574494e-05,9.787049748410936e-06,9.791823686100543e-06,0.012794894518769574,0.012787427435864723
2021-07-30_02h22m33s_C8H20NO6P_+Cl_-H3PO4_95,2021-07-30_02h22m33s,Glycerophosphocholine,C8H20NO6P,+Cl,-H3PO4,95,0.8284237126963091,0.9527784379205595,0.0847457627118644,0.0847457627118644,0.09787518077650462,0.10740473614617141,0.09229760618034269,0.09229760618034269,0.8304703898481927,189,5.713836193084717,-0.2626948356628418,1011.3489990234375,19.101404190063477,7.129389762878418,5.996025085449219,5.976531028747559,0.9558856600836261,0.8013357450432187,2.84788779936207e-06,-1.0818052942340728e-07,0.000504076131619513,9.756045074027497e-06,3.5350824418856064e-06,2.964879286082578e-06,2.956068328785477e-06,0.0028394940608988724,0.0028378557453440996
2021-07-30_02h22m33s_C8H20NO6P_+Cl_+HCl_95,2021-07-30_02h22m33s,Glycerophosphocholine,C8H20NO6P,+Cl,+HCl,95,3.703948773694379,4.708179534619865,0.15819209039548024,0.15819209039548024,0.036544665702525306,0.04240293304483712,0.032709038396796425,0.032709038396796425,3.828109757906085,178,10.79627799987793,8.613116264343262,1910.9412841796875,26.892066955566406,3.311624526977539,2.2920897006988525,2.183161973953247,4.942984141573114,3.2591312151300547,5.05701063957531e-06,4.0634295146446675e-06,0.0008950908668339252,1.292997785640182e-05,1.4839650930298376e-06,1.0428809673612705e-06,9.93581352304318e-07,0.005051991075450735,0.005049517332117798
2021-07-30_02h22m33s_C8H20NO6P_[M]-_-CH2O3_95,2021-07-30_02h22m33s,Glycerophosphocholine,C8H20NO6P,[M]-,-CH2O3,95,1.8435011283327216,2.5898210772041446,0.0903954802259887,0.0903954802259887,0.05227500278117699,0.0745281884841928,0.039034675833229976,0.039034675833229976,1.8424023436249586,189,6.473779201507568,3.9720559120178223,1145.85888671875,21.116201400756836,5.154913902282715,2.498701333999634,2.501723289489746,2.5866939540197587,1.2556026582680881,3.0580545171687845e-06,1.8239769588035415e-06,0.0005412756581790745,1.0117877536686137e-05,2.3880636490503093e-06,1.2307893939578207e-06,1.234077558365243e-06,0.0030542852922327947,0.0030507690864118777
2021-07-30_02h22m33s_C8H20NO6P_[M]-_+HCl_95,2021-07-30_02h22m33s,Glycerophosphocholine,C8H20NO6P,[M]-,+HCl,95,0.6355304898730653,0.7126684899970293,0.12994350282485875,0.12994350282485875,0.19202358438091,0.18821372761149177,0.19446462427131136,0.19446462427131136,0.6345124118319653,189,18.364906311035156,-7.396036148071289,3250.58837890625,52.79071807861328,25.959640502929688,25.768213272094727,25.760942459106445,0.7128696269773496,0.707413451873911,8.795294888841454e-06,-3.6491428545559756e-06,0.001556767150759697,2.7295998734189197e-05,1.2295538908801973e-05,1.2441414583008736e-05,1.244443774339743e-05,0.008687187722068961,0.008688465522946283
2021-07-30_02h22m33s_C8H20NO6P_-H_-H2O_95,2021-07-30_02h22m33s,Glycerophosphocholine,C8H20NO6P,-H,-H2O,95,1.179400535471422,1.2159558253066893,0.21468926553672316,0.21468926553672316,0.18629435977305595,0.21033177064551029,0.1720325318496731,0.1720325318496731,1.182507850643207,189,13.150771141052246,2.3769054412841797,2327.6865234375,26.11105728149414,14.891077041625977,10.81417179107666,10.773865699768066,1.2205044134643204,0.8830716564448012,6.318603482213803e-06,1.1332122085150331e-06,0.0011183927999809384,1.288705607294105e-05,7.1044273681764025e-06,5.204918579693185e-06,5.1853912736987695e-06,0.006286008070816988,0.006274030091125647
2021-07-30_02h22m33s_C8H20NO6P_-H__95,2021-07-30_02h22m33s,Glycerophosphocholine,C8H20NO6P,-H,,95,1.4876142227666707,1.406964339260346,0.03954802259887006,0.0,0.02338413616642563,0.034829907440798176,0.016584864539220725,0.016584864539220725,1.4673543311872954,10,5.965703010559082,1.6270480155944824,1055.929443359375,29.399307250976562,41.9140510559082,4.239123821258545,4.3386549949646,1.3746952274964768,0.1423284204664753,2.315785195605713e-06,2.714652964641573e-07,0.00040989398257806897,1.1855311640829314e-05,1.756707570166327e-05,1.9976655494247098e-06,2.0443198991415557e-06,0.0023110606483342003,0.0022758059403689564
2021-07-30_02h22m33s_C8H20NO6P_-H_-HPO3_95,2021-07-30_02h22m33s,Glycerophosphocholine,C8H20NO6P,-H,-HPO3,95,0.0,0.0,0.0,0.0,0.0002781176994103905,0.000330568577954081,0.00024806421319347236,0.00024806421319347236,0.0,11,0.0,-0.012730027548968792,0.0,0.0,0.018107380717992783,0.013372954912483692,0.012730027548968792,0.0,0.0,0.0,-5.400844660385928e-09,0.0,0.0,6.608937397345471e-09,5.768079347490129e-09,5.400844660385928e-09,0.0,0.0
2021-07-30_02h22m33s_C8H20NO6P_[M]-_-HPO3_95,2021-07-30_02h22m33s,Glycerophosphocholine,C8H20NO6P,[M]-,-HPO3,95,0.4533220173516539,2.203380241860878,0.005649717514124294,0.005649717514124294,0.00269217933029258,0.0030652722683014787,0.0024629232595637612,0.0024629232595637612,0.4536886873593815,78,0.31585246324539185,0.17417386174201965,55.9058837890625,4.190256118774414,0.17743365466594696,0.14234904944896698,0.1416786015033722,2.2137339441046224,1.7701395167672396,1.585626137057261e-07,9.45710141309064e-08,2.806558222800959e-05,2.103570523104281e-06,7.636344179218213e-08,6.434924415543719e-08,6.39915995748197e-08,0.00015855246767970275,0.00015855050624337147
2021-07-30_02h22m33s_C8H20NO6P_[M]-_-H3PO4_95,2021-07-30_02h22m33s,Glycerophosphocholine,C8H20NO6P,[M]-,-H3PO4,95,0.0,0.0,0.0,0.0,0.00045611302703304037,0.0003906719557639139,0.0004961284263869447,0.0004961284263869447,0.0,11,0.0,-0.028341200202703476,0.0,0.0,0.022250033915042877,0.027638660743832588,0.028341200202703476,0.0,0.0,0.0,-1.187999210117141e-08,0.0,0.0,9.584764981696026e-09,1.1585504111621958e-08,1.187999210117141e-08,0.0,0.0
2021-07-30_02h22m33s_C8H20NO6P_+Cl_-CH2O3_95,2021-07-30_02h22m33s,Glycerophosphocholine,C8H20NO6P,+Cl,-CH2O3,95,0.8728617042869528,1.1654868567373016,0.04519774011299435,0.04519774011299435,0.05642451885638002,0.08131987017670393,0.04178110105072913,0.04178110105072913,0.8761043679743405,189,3.0104353427886963,0.44400882720947266,532.8470458984375,14.029027938842773,5.34117317199707,2.5819852352142334,2.5664265155792236,1.1725497592711152,0.5635226051017926,1.4675213151349453e-06,2.379988472966943e-07,0.0002597512793727219,7.030081633274676e-06,2.4656580990267685e-06,1.236812067872961e-06,1.229522467838251e-06,0.0014657191804710147,0.0014639118091265115
2021-07-30_02h22m33s_C8H20NO6P_[M]-_-CO2_95,2021-07-30_02h22m33s,Glycerophosphocholine,C8H20NO6P,[M]-,-CO2,95,0.9935068482120565,1.148095893372357,0.05649717514124294,0.05649717514124294,0.04933807987540327,0.05349200625075129,0.046866417421195315,0.046866417421195315,0.9926929444779142,189,3.338252067565918,0.42759180068969727,590.87060546875,13.864548683166504,3.4618947505950928,2.906642198562622,2.9106602668762207,1.1465115300513296,0.9640062167619287,1.7575839592609555e-06,2.965562089229934e-07,0.0003110923571512103,7.443643880833406e-06,1.6475828488182742e-06,1.4573275848306366e-06,1.461027750337962e-06,0.0017550198265919113,0.001754692957239665
2021-07-30_02h22m33s_C8H20NO6P_-H_-H3PO4_95,2021-07-30_02h22m33s,Glycerophosphocholine,C8H20NO6P,-H,-H3PO4,95,0.0,0.0,0.0,0.0,0.0003003671153632217,0.000330568577954081,0.000283501957935397,0.000283501957935397,0.0,9,0.0,-0.015007812529802322,0.0,0.0,0.020414406433701515,0.015701700001955032,0.015007812529802322,0.0,0.0,0.0,-6.237175220746849e-09,0.0,0.0,9.334608641609066e-09,6.467374191743147e-09,6.237175220746849e-09,0.0,0.0
2021-07-30_02h22m33s_C15H23N6O5S_[M]-_+C12H14N2_153,2021-07-30_02h22m33s,S-Adenosylmethionine,C15H23N6O5S,[M]-,+C12H14N2,153,0.5301164338560176,0.4900648880705052,0.15819209039548024,0.15819209039548024,0.2842362887974191,0.27782786392595266,0.28841008558215353,0.28841008558215353,0.5275743344123787,189,13.133334159851074,-13.842144966125488,2324.60009765625,33.028892517089844,25.64031219482422,26.798173904418945,26.975479125976562,0.48684389458387634,0.512194308156432,5.001256340619875e-06,-7.517897302022902e-06,0.0008852223982103169,1.241003701579757e-05,1.1606877706071828e-05,1.2409987903083675e-05,1.2519153642642777e-05,0.004939418995312174,0.004943873406595223
2021-07-30_02h22m33s_C15H23N6O5S_-H_+C12H14N2_153,2021-07-30_02h22m33s,S-Adenosylmethionine,C15H23N6O5S,-H,+C12H14N2,153,0.41093024801803363,0.47569841031536053,0.05084745762711865,0.05084745762711865,0.11052397374568917,0.10539127298954201,0.11373744174920708,0.11373744174920708,0.40743655653141214,189,3.967985153198242,-4.456457138061523,702.3333740234375,17.71098518371582,7.776907444000244,8.340388298034668,8.424442291259766,0.47095274242332413,0.5101610146131378,1.5530484915871057e-06,-2.36681853493792e-06,0.00027488957857713103,6.985047548369039e-06,3.499568038023426e-06,3.874841695505893e-06,3.9198671402118634e-06,0.0015469845178093283,0.0015476324465425772
2021-07-30_02h22m33s_C15H23N6O5S_+Cl_-NH3_153,2021-07-30_02h22m33s,S-Adenosylmethionine,C15H23N6O5S,+Cl,-NH3,153,1.7561189116453042,2.433890679285853,0.07344632768361582,0.07344632768361582,0.03882523083769051,0.050516889049164564,0.03182309477824831,0.03182309477824831,1.7522808708732291,189,4.9315385818481445,2.9013891220092773,872.88232421875,17.75873565673828,3.6993932723999023,2.025195598602295,2.030149459838867,2.4279545544813663,1.332706612194703,2.04258572011895e-06,1.1263941814831924e-06,0.00036153767723590136,7.410609669022961e-06,1.5824921320017893e-06,9.119237915911071e-07,9.161914817923389e-07,0.0020407160334723258,0.002039358451415254
2021-07-30_02h22m33s_C15H23N6O5S_+Cl_+HCl_153,2021-07-30_02h22m33s,S-Adenosylmethionine,C15H23N6O5S,+Cl,+HCl,153,1.010766742430443,2.5027468132954005,0.01694915254237288,0.01694915254237288,0.008510401601957948,0.011419641783868253,0.006768609245707603,0.006768609245707603,1.0060070239402006,159,0.9892544746398926,0.5903316140174866,175.09803771972656,7.534149169921875,0.7220560312271118,0.3942674994468689,0.398922860622406,2.4736132190600477,1.3681574206095901,2.726376351347426e-07,1.0143652673377801e-07,4.8256861191475764e-05,2.0860013592027826e-06,2.92118699007915e-07,1.6892856535832834e-07,1.7120110840096459e-07,0.00027259096725900777,0.0002725580158417507
2021-07-30_02h22m33s_C15H23N6O5S_+Cl_-H2_153,2021-07-30_02h22m33s,S-Adenosylmethionine,C15H23N6O5S,+Cl,-H2,153,0.26763566930897437,0.5829458911308868,0.005649717514124294,0.005649717514124294,0.015652464122816775,0.02341026565692992,0.01110973297659337,0.01110973297659337,0.26916990325226064,178,0.37897416949272156,-0.2630961239337921,67.07843017578125,5.027660369873047,1.551411747932434,0.6491017937660217,0.6420702934265137,0.5893199753846637,0.2441196222570816,1.8992459160926956e-07,-8.99777177210126e-08,3.3616652217460796e-05,2.5196343358402373e-06,6.245047075026378e-07,2.824372700160893e-07,2.7990230933028215e-07,0.00018987144615301545,0.00018980605683326468
2021-07-30_02h22m33s_C15H23N6O5S_[M]-_-H2_153,2021-07-30_02h22m33s,S-Adenosylmethionine,C15H23N6O5S,[M]-,-H2,153,4.732974656635501,9.810410235164445,0.5423728813559322,0.5423728813559322,0.12737790632995885,0.1638117562206996,0.10459450360579053,0.10459450360579053,4.830398661381265,188,65.85231018066406,59.29889678955078,11655.859375,73.63406372070312,12.251639366149902,6.711493015289307,6.553411960601807,10.04702032409597,5.374540799967785,2.569786192907486e-05,2.264619615743868e-05,0.004548521712422371,2.7943997338297777e-05,5.530802809516899e-06,3.112544618488755e-06,3.0516662263835315e-06,0.025619679219270632,0.025556513890249214
2021-07-30_02h22m33s_C15H23N6O5S_+Cl_-CO2_153,2021-07-30_02h22m33s,S-Adenosylmethionine,C15H23N6O5S,+Cl,-CO2,153,0.8420401183129086,0.9024599757921951,0.2994350282485876,0.2994350282485876,0.3614640115696963,0.38868854429618943,0.3456066055956199,0.3456066055956199,0.8460453811392674,189,24.85620880126953,-2.5031871795654297,4399.548828125,41.28951644897461,31.26863670349121,27.54172706604004,27.35939598083496,0.9084740154594425,0.7948991872519698,1.0295864740328398e-05,-2.4426135496469215e-06,0.0018223680090159178,1.7634891264606267e-05,1.4607237972086295e-05,1.2795942893717438e-05,1.2738478289975319e-05,0.010166360774316707,0.010147635809209214
2021-07-30_02h22m33s_C15H23N6O5S_+Cl_-CH2O3_153,2021-07-30_02h22m33s,S-Adenosylmethionine,C15H23N6O5S,+Cl,-CH2O3,153,1.151327869715173,1.1709785500200929,0.1638418079096045,0.1638418079096045,0.13772388474802535,0.14677244861161198,0.1323068199939756,0.1323068199939756,1.1464821933754885,189,10.282353401184082,1.4555540084838867,1819.9765625,23.769412994384766,10.198116302490234,8.77999210357666,8.826799392700195,1.1647697170924245,1.008161206934519,3.9018309507810045e-06,-2.610322553664446e-07,0.0006906241178512573,9.236039659299422e-06,4.713911494036438e-06,4.132736648898572e-06,4.162863206147449e-06,0.0038856554984746396,0.003883524360659919
2021-07-30_02h22m33s_C15H23N6O5S_+Cl_-CH2O2_153,2021-07-30_02h22m33s,S-Adenosylmethionine,C15H23N6O5S,+Cl,-CH2O2,153,1.140497954892907,1.1774825843928585,0.22033898305084745,0.22033898305084745,0.1918122149293581,0.20627479264334656,0.18319542144337933,0.18319542144337933,1.1459343116403529,189,14.951035499572754,2.325566291809082,2646.333251953125,29.627960205078125,14.823997497558594,12.696457862854004,12.625469207763672,1.1841026381610917,1.008501721638396,6.304411272139987e-06,4.943049134453759e-07,0.0011158807901665568,1.3126586054568179e-05,6.741060587955872e-06,5.832002443639794e-06,5.810106358694611e-06,0.0062679935628840175,0.0062621974199185745
2021-07-30_02h22m33s_C15H23N6O5S_-H_-H2_153,2021-07-30_02h22m33s,S-Adenosylmethionine,C15H23N6O5S,-H,-H2,153,1.2040421613520749,1.642509339872394,0.05084745762711865,0.05084745762711865,0.03975970630770942,0.05247024882798413,0.03223062884278045,0.03223062884278045,1.2037277888248112,189,3.199313163757324,1.2508834600448608,566.2784423828125,14.05223560333252,3.3477587699890137,1.9468203783035278,1.9484297037124634,1.6411533884318077,0.955372836177095,1.4173108411341673e-06,5.005512093703146e-07,0.0002508640172891319,6.2890280787542e-06,1.509184130554786e-06,9.144312684838951e-07,9.167596317638527e-07,0.001416012697854709,0.001415175081359423
2021-07-30_02h22m33s_C15H23N6O5S_-H_-NH3_153,2021-07-30_02h22m33s,S-Adenosylmethionine,C15H23N6O5S,-H,-NH3,153,1.0145608856390242,1.053673393504245,0.12994350282485875,0.12994350282485875,0.13164979419290243,0.154676042793605,0.11807856548009285,0.11807856548009285,1.0097747713704295,189,9.682685852050781,0.4395122528076172,1713.8353271484375,26.034311294555664,14.249885559082031,9.188456535339355,9.243173599243164,1.0474366094599867,0.6794445027228533,3.893368557328358e-06,-5.137771950103343e-07,0.0006891262601129711,1.0587641554593574e-05,6.580110493814573e-06,4.372895091364626e-06,4.4071457523386925e-06,0.00387628520345908,0.0038679172345441283
2021-07-30_02h22m33s_C15H23N6O5S_+Cl_+H2_153,2021-07-30_02h22m33s,S-Adenosylmethionine,C15H23N6O5S,+Cl,+H2,153,0.7995734663676692,0.7932918230095458,0.1694915254237288,0.1694915254237288,0.2089776393369674,0.22106022358456545,0.2019774261565994,0.2019774261565994,0.797009868789791,189,11.288268089294434,-2.9929628372192383,1998.0234375,25.48333740234375,16.0299129486084,14.228653907775879,14.281230926513672,0.790371486595892,0.7041562838923867,4.406579591886839e-06,-2.1577511688519735e-06,0.0007799645536579192,1.0114874385180883e-05,7.237976205942687e-06,6.528448466269765e-06,6.564330760738812e-06,0.004377841989052448,0.004374914067959901
2021-07-30_02h22m33s_C15H23N6O5S_[M]-_+HCl_153,2021-07-30_02h22m33s,S-Adenosylmethionine,C15H23N6O5S,[M]-,+HCl,153,1.092060869665964,1.0777788512007744,0.13559322033898305,0.13559322033898305,0.12814551118033152,0.15182113234763794,0.11416269468611018,0.11416269468611018,1.0898285808401502,189,8.502226829528809,0.5840411186218262,1504.8941650390625,22.10146141052246,11.437524795532227,7.887656211853027,7.918185710906982,1.0736238724416844,0.7432974952198114,3.446689333941322e-06,-1.4217812349670567e-07,0.0006100640166550875,9.228228009305894e-06,4.991452897229465e-06,3.569326963770436e-06,3.5888674574380275e-06,0.0034343638572570108,0.0034295707928709922
2021-07-30_02h22m33s_C15H23N6O5S_-H__153,2021-07-30_02h22m33s,S-Adenosylmethionine,C15H23N6O5S,-H,,153,2.384131536597185,2.9523448727133483,0.20903954802259886,0.20903954802259886,0.0888196684837023,0.10707416756821733,0.07767953647429877,0.07767953647429877,2.4007890296479077,189,14.44705867767334,9.594371795654297,2557.12939453125,29.611310958862305,7.016508102416992,4.892418384552002,4.852687358856201,2.9765120020169302,2.058716351563233,5.651144419971388e-06,3.3553467346791876e-06,0.001000252552330494,1.1501327207952272e-05,3.2812215522426413e-06,2.3074123873811914e-06,2.2957976852922e-06,0.005638200252881608,0.0056326624066860625
2021-07-30_02h22m33s_C15H23N6O5S_[M]-_-CH2O2_153,2021-07-30_02h22m33s,S-Adenosylmethionine,C15H23N6O5S,[M]-,-CH2O2,153,1.05408952512413,0.8633727336195035,0.4180790960451977,0.4180790960451977,0.384447658248971,0.380574588291862,0.38662579513439765,0.38662579513439765,1.054664780380455,189,48.756263732910156,-7.751365661621094,8629.8583984375,62.31666564941406,51.874855041503906,56.47085952758789,56.50762939453125,0.8628109415378716,0.9398642912758184,2.0360803318908438e-05,-7.3213996074628085e-06,0.0036038621328771114,2.6775374863063917e-05,2.5156967240036465e-05,2.7602813133853488e-05,2.7682202926371247e-05,0.019812353722707406,0.019861156846765142
2021-07-30_02h22m33s_C15H23N6O5S_-H_-CH2O3_153,2021-07-30_02h22m33s,S-Adenosylmethionine,C15H23N6O5S,-H,-CH2O3,153,1.1101174249587409,1.0006559586339254,0.0847457627118644,0.0847457627118644,0.07974190677494716,0.1024462074768602,0.0663394581568829,0.0663394581568829,1.104385215533153,189,15.462413787841797,-0.08086299896240234,2736.84716796875,53.31404495239258,23.814023971557617,15.451277732849121,15.5432767868042,0.9947335601337274,0.6492713929790128,5.946338205831125e-06,-1.1853426258312538e-06,0.0010525018442422152,2.2065951270633377e-05,1.0930421012744773e-05,7.070012088661315e-06,7.131680831662379e-06,0.005904231113969921,0.005882044977807786
2021-07-30_02h22m33s_C15H23N6O5S_-H_-CO2_153,2021-07-30_02h22m33s,S-Adenosylmethionine,C15H23N6O5S,-H,-CO2,153,1.155124105689017,1.2445413730803025,0.062146892655367235,0.062146892655367235,0.044298587162087,0.045047481668469766,0.04380105250101884,0.04380105250101884,1.1544924064733382,188,8.526775360107422,1.6402955055236816,1509.2392578125,34.059452056884766,6.927988052368164,6.850339412689209,6.88647985458374,1.2380109329006168,1.2305946114589088,3.731962806341471e-06,3.292259407317033e-07,0.000660557416267693,1.5109349078556988e-05,3.317165010230383e-06,3.377626171641168e-06,3.402736865609768e-06,0.00371930698335469,0.00371962419909702
2021-07-30_02h22m33s_C15H23N6O5S_[M]-__153,2021-07-30_02h22m33s,S-Adenosylmethionine,C15H23N6O5S,[M]-,,153,1.6664748885546166,2.1992737512098084,0.3785310734463277,0.3785310734463277,0.22288352430748692,0.23178867652362062,0.21714478090614314,0.21714478090614314,1.6693412189052839,189,35.61936569213867,19.443683624267578,6304.6279296875,48.981231689453125,18.625694274902344,16.19496726989746,16.175682067871094,2.201895638592241,1.912275209248068,1.3886688066122588e-05,6.277515240071807e-06,0.002457943744957447,1.9267332390882075e-05,8.676244760863483e-06,7.599012860737275e-06,7.609172826050781e-06,0.013781819817275448,0.013767240121149911
2021-07-30_02h22m33s_C15H23N6O5S_-H_+H2_153,2021-07-30_02h22m33s,S-Adenosylmethionine,C15H23N6O5S,-H,+H2,153,0.7656019313213205,0.7616675087383096,0.13559322033898305,0.13559322033898305,0.17441317165424408,0.1870116600552951,0.16710668533054557,0.16710668533054557,0.7655802873609981,189,9.577556610107422,-3.013493537902832,1695.2275390625,25.946176528930664,14.49811840057373,12.573458671569824,12.591050148010254,0.7606034360989922,0.6605613076260166,4.0072736737784e-06,-2.0050324565090705e-06,0.0007092874147929251,1.1098277354903985e-05,6.804755230405135e-06,5.99278655499802e-06,6.01230613028747e-06,0.003983324706228218,0.003980189458741028
2021-07-30_02h22m33s_C15H23N6O5S_[M]-_+H2_153,2021-07-30_02h22m33s,S-Adenosylmethionine,C15H23N6O5S,[M]-,+H2,153,1.1190388374625801,1.0424165615090764,0.14124293785310735,0.14124293785310735,0.12266103014795862,0.1334896021156389,0.1162180838811418,0.1162180838811418,1.1219701029541924,189,9.265536308288574,0.4037656784057617,1640.0,23.558849334716797,10.807365417480469,8.887516021728516,8.861770629882812,1.045444669079864,0.8572560188706553,3.7383599647000665e-06,-4.838650511373999e-07,0.0006616897298954427,9.680651601229329e-06,5.046665137342643e-06,4.22379662268213e-06,4.222225015837466e-06,0.003722642131965471,0.0037195884473575245
2021-07-30_02h22m33s_C15H23N6O5S_[M]-_-H2O_153,2021-07-30_02h22m33s,S-Adenosylmethionine,C15H23N6O5S,[M]-,-H2O,153,0.9249096632831043,1.0204139122303633,0.20903954802259886,0.20903954802259886,0.21006786071865613,0.199993989662219,0.21601077307440156,0.21601077307440156,0.9278208894796993,189,19.342681884765625,0.4621410369873047,3423.65478515625,39.55354309082031,18.738935470581055,18.954721450805664,18.88054084777832,1.0244228498460475,1.0321637401116344,8.21946650830796e-06,-6.520513124996796e-07,0.0014548455365002155,1.7025477063725702e-05,8.699094905750826e-06,8.883370355761144e-06,8.87151782080764e-06,0.008147188579634253,0.008148581226868214
2021-07-30_02h22m33s_C15H23N6O5S_[M]-_-CH2O3_153,2021-07-30_02h22m33s,S-Adenosylmethionine,C15H23N6O5S,[M]-,-CH2O3,153,1.5921934738273638,1.743226351847158,0.2033898305084746,0.2033898305084746,0.12405161864501058,0.13433104940497656,0.11774190690504456,0.11774190690504456,1.5874633465772532,189,42.21774673461914,17.91679573059082,7472.541015625,87.97838592529297,29.892230987548828,24.217166900634766,24.30095100402832,1.7372163546713215,1.4122844985275675,1.7433889297535643e-05,5.4352913139155135e-06,0.0030857983510941267,3.809703412116505e-05,1.4322567949420772e-05,1.1933182577195112e-05,1.199859798362013e-05,0.01722718720388763,0.017187717052160652
2021-07-30_02h22m33s_C5H4N4O_[M]-_+H2_135,2021-07-30_02h22m33s,Hypoxanthine,C5H4N4O,[M]-,+H2,135,1.0674925164015758,1.1201782416278276,0.288135593220339,0.0903954802259887,0.25814884859272447,0.25498858035821614,0.25991813880964615,0.25991813880964615,1.075692302769487,189,17.990917205810547,2.0905942916870117,3184.392333984375,31.203214645385742,17.55680274963379,16.059762954711914,15.900322914123535,1.1314100910328058,1.0246679190074504,8.205029189412016e-06,3.62765604222659e-07,0.0014522902201861143,1.4864203876641113e-05,8.442645594186615e-06,7.89667774370173e-06,7.842263585189357e-06,0.008141183879533222,0.008136336979856216
2021-07-30_02h22m33s_C5H4N4O_+Cl_-H2_135,2021-07-30_02h22m33s,Hypoxanthine,C5H4N4O,+Cl,-H2,135,0.2929638885164354,0.46717047148911633,0.005649717514124294,0.0,0.020324841472911335,0.03912729895420122,0.00928468912238425,0.00928468912238425,0.2897300478841623,16,0.6135371923446655,-0.7297853231430054,108.59608459472656,8.13948917388916,51.23687744140625,1.3123047351837158,1.343322515487671,0.4563913683481652,0.011974289782910779,2.423712714971771e-07,-3.938905308586982e-07,4.2899715481325984e-05,3.215418018953642e-06,2.1692252630600706e-05,6.215029202394362e-07,6.362618023558753e-07,0.00024221715797168448,0.00023722531992694668
2021-07-30_02h22m33s_C5H4N4O_-H_+H2_135,2021-07-30_02h22m33s,Hypoxanthine,C5H4N4O,-H,+H2,135,1.1218511261586408,2.854892135296249,0.9830508474576272,0.9830508474576272,0.8443097118700634,0.8063168650078134,0.8662756702163474,0.8662756702163474,1.1230168103209164,189,564.0607299804688,367.6604919433594,99838.75,367.95880126953125,154.2840118408203,197.57589721679688,196.40023803710938,2.871981539514997,3.6559658209860606,0.00024652728461660445,0.00014833865861874074,0.043635331094264984,0.00016243311983998865,7.695698150200769e-05,9.845262684393674e-05,9.818862599786371e-05,0.22448537417021475,0.22891098609415056
2021-07-30_02h22m33s_C5H4N4O_-H_-H2_135,2021-07-30_02h22m33s,Hypoxanthine,C5H4N4O,-H,-H2,135,1.2385212525175138,2.053980760222828,0.384180790960452,0.384180790960452,0.2642785626877294,0.2027286933525664,0.3001931357088435,0.3001931357088435,1.2581581356891043,189,281.7926940917969,147.1364288330078,49877.30859375,381.5731506347656,96.68563842773438,137.19244384765625,134.65626525878906,2.092666099747665,2.9144946879336864,0.00013556548219639808,6.765757279936224e-05,0.023995090276002884,0.00019128301937598735,4.892436845693737e-05,6.89098087605089e-05,6.790790939703584e-05,0.1269449181933125,0.12924238035944113
2021-07-30_02h22m33s_C5H4N4O_[M]-__135,2021-07-30_02h22m33s,Hypoxanthine,C5H4N4O,[M]-,,135,0.16522253159399014,0.2011893915757265,0.1638418079096045,0.1638418079096045,0.9812214929358104,0.9848539487919221,0.9816432482236831,0.9816432482236831,0.16513906128057448,189,132.3540496826172,-524.8622436523438,23426.66796875,320.633056640625,535.044189453125,657.8569946289062,657.21630859375,0.20138552036283947,0.24736985266216033,5.7067743910010904e-05,-0.00027560186572372913,0.010100990533828735,0.00014718444435857236,0.00026919873198494315,0.00033197825541719794,0.00033266961690969765,0.0428221242428744,0.04496359984599158
2021-07-30_02h22m33s_C5H4N4O_[M]-_-H2O_135,2021-07-30_02h22m33s,Hypoxanthine,C5H4N4O,[M]-,-H2O,135,1.0441369338420616,1.095659197421171,0.14124293785310735,0.14124293785310735,0.11803315162976973,0.10563168650078135,0.12527242766270355,0.12527242766270355,1.0545623951658323,189,9.343436241149902,0.9190235137939453,1653.7882080078125,23.94377326965332,7.0887579917907715,8.526684761047363,8.424412727355957,1.108958877564926,1.3178780223483881,4.236207587382523e-06,1.251469257113058e-07,0.0007498087361454964,1.1250675015617162e-05,3.5167317946616095e-06,4.151725988776889e-06,4.1110606616712175e-06,0.004218863583268392,0.004221362188756541
2021-07-30_02h22m33s_C5H4N4O_-H_+C12H14N2_135,2021-07-30_02h22m33s,Hypoxanthine,C5H4N4O,-H,+C12H14N2,135,2.8466088699069148,8.628573080481498,0.1807909604519774,0.1807909604519774,0.050728668372455224,0.04531794686861402,0.05351099456030618,0.05351099456030618,2.830371060608814,189,77.43224334716797,68.43195343017578,13705.5068359375,178.80116271972656,7.172745704650879,8.972933769226074,9.000292778015137,8.602346935796755,10.793837213516941,3.079232556046918e-05,2.6355080990470015e-05,0.005450241733342409,7.225797889987007e-05,3.3253622859774623e-06,4.4095772864238825e-06,4.437244569999166e-06,0.030656296077164493,0.030690269296404424
2021-07-30_02h22m33s_C5H4N4O_-H__135,2021-07-30_02h22m33s,Hypoxanthine,C5H4N4O,-H,,135,52.33546927306954,2274.871154422292,1.0,0.9943502824858758,0.008877516965179664,0.0032155307128260606,0.009107500398674629,0.009107500398674629,99.45802395534118,2,49651.8125,49651.75390625,8788371.0,55093.5625,4.039916038513184,21.82520866394043,0.059557799249887466,819907.8089861772,12287.266557082166,0.02114756964147091,0.02114754170179367,3.743119955062866,0.021687621250748634,1.9170531686540926e-06,9.840839993557893e-06,2.844845070626434e-08,21.14696804299295,21.107106196655494
2021-07-30_02h22m33s_C5H4N4O_+Cl_+HCl_135,2021-07-30_02h22m33s,Hypoxanthine,C5H4N4O,+Cl,+HCl,135,1.8451192036072759,2.6302769681361804,0.10734463276836158,0.10734463276836158,0.05325397708310157,0.06157591056617382,0.04817761397664653,0.04817761397664653,1.8680537462254538,188,7.811233043670654,4.888827323913574,1382.5882568359375,23.368318557739258,3.8680624961853027,2.968737840652466,2.922405481338501,2.67196360324748,2.018895546756386,3.175808615196729e-06,1.8129934460375807e-06,0.0005621181335300207,9.729353223519865e-06,1.771413167261926e-06,1.3813712484989082e-06,1.3628151691591484e-06,0.0031714864653329903,0.003170192893761959
2021-07-30_02h22m33s_C5H4N4O_+Cl_-NH3_135,2021-07-30_02h22m33s,Hypoxanthine,C5H4N4O,+Cl,-NH3,135,0.47790808747893426,0.8918466643921973,0.011299435028248588,0.011299435028248588,0.01356101902325064,0.013433104940497657,0.01364353172564098,0.01364353172564098,0.47721785966580715,165,0.6998781561851501,-0.08608335256576538,123.87843322753906,6.577693939208984,0.8937016725540161,0.7837516665458679,0.7859615087509155,0.889342297434615,0.7822475107118972,3.37308534881231e-07,-4.0829092995409155e-08,5.970361235085875e-05,3.25682299262553e-06,4.1527275129737973e-07,3.760333981972508e-07,3.781376278766402e-07,0.0003371810340448523,0.00033716851798311733
2021-07-30_02h22m33s_C5H4N4O_-H_-H2O_135,2021-07-30_02h22m33s,Hypoxanthine,C5H4N4O,-H,-H2O,135,2.325216434173581,3.268851060192604,0.4124293785310734,0.4124293785310734,0.1728668372455223,0.18091116720759706,0.16737246841611,0.16737246841611,2.337510109740865,189,45.268150329589844,31.486175537109375,8012.462890625,64.32615661621094,15.1462984085083,13.847336769104004,13.781975746154785,3.284352462291671,2.9885296446105887,1.9907032765331678e-05,1.354364758299198e-05,0.0035235448740422726,2.8360893338685855e-05,6.885166385472985e-06,6.374008989951108e-06,6.363385182339698e-06,0.019781157639916308,0.0197709067825422
2021-07-30_02h22m33s_C5H4N4O_[M]-_-H2_135,2021-07-30_02h22m33s,Hypoxanthine,C5H4N4O,[M]-,-H2,135,0.9444774849259597,1.4682734009962115,0.9209039548022598,0.9209039548022598,0.9604294137278896,0.9528188484192812,0.9650406648120914,0.9650406648120914,0.9443083173208283,189,1188.5504150390625,381.05987548828125,210373.421875,711.6557006835938,644.8863525390625,809.4874877929688,807.4905395507812,1.471904480510433,1.843035702839387,0.0005304561927914619,0.00012019669520668685,0.09389074146747589,0.00033235791488550603,0.00032684343750588596,0.0004099748039152473,0.0004102594975847751,0.37614084053319735,0.3997880818467769
2021-07-30_02h22m33s_C5H4N4O_[M]-_-NH3_135,2021-07-30_02h22m33s,Hypoxanthine,C5H4N4O,[M]-,-NH3,135,0.0,0.0,0.0,0.0,0.0011347202135943931,0.0012922226229114076,0.0010454134698867764,0.0010454134698867764,0.0,39,0.0,-0.06295894086360931,0.0,0.0,0.07415106892585754,0.06269145011901855,0.06295894086360931,0.0,0.0,0.0,-2.699931478389317e-08,0.0,0.0,3.525939007431589e-08,2.7022935000786674e-08,2.699931478389317e-08,0.0,0.0
2021-07-30_02h22m33s_C5H4N4O_+Cl_+H2_135,2021-07-30_02h22m33s,Hypoxanthine,C5H4N4O,+Cl,+H2,135,0.8202132268084609,1.0443040867440165,0.6101694915254238,0.6101694915254238,0.7429079986650351,0.7588652482269503,0.733915693605259,0.733915693605259,0.8176430072330482,189,217.04974365234375,8.62957763671875,38417.8046875,195.4624786376953,236.0063934326172,207.84051513671875,208.420166015625,1.0413997186642352,0.9196734919845378,9.35405696509406e-05,-6.112168193794787e-06,0.01655668020248413,8.547721517970785e-05,0.00011099979747086763,9.909246728057042e-05,9.965273784473538e-05,0.0850637355155187,0.08419494752733597
2021-07-30_02h22m33s_C5H4N4O_+Cl_-H2O_135,2021-07-30_02h22m33s,Hypoxanthine,C5H4N4O,+Cl,-H2O,135,1.4538149020599853,1.7703665203413552,0.3050847457627119,0.22033898305084745,0.19791967960841028,0.19407380694795048,0.19985116147208393,0.19985116147208393,1.452859904214995,187,34.860416412353516,15.032791137695312,6170.2939453125,73.2215805053711,21.48098373413086,19.690073013305664,19.827625274658203,1.7580853906653104,1.6227745465129844,1.4061463843972888e-05,4.447801075002644e-06,0.002488879021257162,2.7872310965904035e-05,1.030918792821467e-05,9.52592381509021e-06,9.613662768970244e-06,0.013927568893439757,0.013917980764688438
2021-07-30_02h22m33s_C5H4N4O_-H_-NH3_135,2021-07-30_02h22m33s,Hypoxanthine,C5H4N4O,-H,-NH3,135,0.0,0.0,0.0,0.0,0.0003003671153632217,0.0003606202668589975,0.0002657830855644347,0.0002657830855644347,0.0,11,0.0,-0.014021852985024452,0.0,0.0,0.019258184358477592,0.014618415385484695,0.014021852985024452,0.0,0.0,0.0,-6.175576050537757e-09,0.0,0.0,7.836833404439858e-09,6.434847321656889e-09,6.175576050537757e-09,0.0,0.0
2021-07-30_02h22m33s_C7H5NO4_-H_+C12H14N2_172,2021-07-30_02h22m33s,Quinolinic acid,C7H5NO4,-H,+C12H14N2,172,0.9617332315059904,1.0716799214719153,0.7570621468926554,0.7570621468926554,0.7207030815441094,0.6247145089554033,0.7771851799351489,0.7771851799351489,0.9623383709688048,189,197.11410522460938,13.759780883789062,34889.1953125,165.92263793945312,118.792724609375,183.92901611328125,183.3543243408203,1.0750388947430525,1.6592972892530509,0.00010548791033215821,1.3510187272913754e-05,0.01867135986685753,8.87189235072583e-05,5.878306910744868e-05,9.240194776793942e-05,9.197772305924445e-05,0.0966026211932485,0.0996312780304319
2021-07-30_02h22m33s_C7H5NO4_-H_+H2_172,2021-07-30_02h22m33s,Quinolinic acid,C7H5NO4,-H,+H2,172,0.8194778814952538,0.9078960946161144,0.5084745762711864,0.5084745762711864,0.612659917677161,0.616901069840125,0.6104860286691355,0.6104860286691355,0.8131920730446025,189,380.1988830566406,-42.126251220703125,67295.203125,546.2369384765625,332.1562194824219,418.7681579589844,422.32513427734375,0.9002494806702208,1.144635313509304,0.00019965303363278508,-6.891670636832714e-06,0.03533858805894852,0.0002716577728278935,0.00016308329941239208,0.00020508861052803695,0.0002065447042696178,0.16547504035803223,0.17165841323115286
2021-07-30_02h22m33s_C7H5NO4_[M]-_-H2O_172,2021-07-30_02h22m33s,Quinolinic acid,C7H5NO4,[M]-,-H2O,172,0.9689080551973892,1.3355928202496221,0.6892655367231638,0.6892655367231638,0.6673823562131495,0.6095985094362303,0.7013838439321721,0.7013838439321721,0.9653614434436814,189,256.100341796875,63.32598876953125,45329.76171875,264.62091064453125,158.8656463623047,191.7493133544922,192.77435302734375,1.3284911051909685,1.6120459999692016,0.00014128940529190004,4.6063454647082835e-05,0.025008223950862885,0.00013775644765701145,7.849111716495827e-05,9.488448267802596e-05,9.52259506448172e-05,0.12900480052423477,0.13100655447520893
2021-07-30_02h22m33s_C7H5NO4_-H_-CH2O2_172,2021-07-30_02h22m33s,Quinolinic acid,C7H5NO4,-H,-CH2O2,172,0.4174263320000513,0.27811586125069065,0.14124293785310735,0.0847457627118644,0.31465124040493936,0.2923127779781224,0.32836614277867354,0.32836614277867354,0.414445656916378,189,10.614291191101074,-28.098121643066406,1878.7294921875,28.977291107177734,31.482351303100586,38.163997650146484,38.7124137878418,0.274176058181533,0.3371398136403523,6.022280558681814e-06,-1.2717575373244472e-05,0.0010659436229616404,1.7069385648937896e-05,1.5336483556893654e-05,1.8502953025745228e-05,1.8739856386673637e-05,0.005911499899534698,0.005931315043053271
2021-07-30_02h22m33s_C7H5NO4_+Cl_+H2_172,2021-07-30_02h22m33s,Quinolinic acid,C7H5NO4,+Cl,+H2,172,0.4948292244279417,3.4825338732246127,0.005649717514124294,0.005649717514124294,0.002625431082434086,0.00465801178026205,0.001417509789676985,0.001417509789676985,0.4946444399903814,66,0.27539604902267456,0.19693972170352936,48.74509811401367,3.6535418033599854,0.39214637875556946,0.0780792161822319,0.0784563273191452,3.46600526747877,0.7004923964819126,8.829079689576247e-08,5.318850071489578e-08,1.5627470929757692e-05,1.1713099183907616e-06,1.746155788850956e-07,3.493710210022982e-08,3.510229618086669e-08,8.828769779484535e-05,8.82753826387217e-05
2021-07-30_02h22m33s_C7H5NO4_+Cl_-H2O_172,2021-07-30_02h22m33s,Quinolinic acid,C7H5NO4,+Cl,-H2O,172,0.0,0.0,0.0,0.0,0.013171654244076092,0.012231037384300997,0.013767563832237716,0.013767563832237716,0.0,159,0.0,-0.847839891910553,0.0,0.0,0.8155152797698975,0.8361826539039612,0.847839891910553,0.0,0.0,0.0,-3.9540486795885954e-07,0.0,0.0,3.7821510545654746e-07,3.908230041815841e-07,3.9540486795885954e-07,0.0,0.0
2021-07-30_02h22m33s_C7H5NO4_+Cl_-NH3_172,2021-07-30_02h22m33s,Quinolinic acid,C7H5NO4,+Cl,-NH3,172,0.0,0.0,0.0,0.0,0.0042496384469907665,0.005439355691789879,0.003561493346563425,0.003561493346563425,0.0,104,0.0,-0.2088778167963028,0.0,0.0,0.3356333076953888,0.20529182255268097,0.2088778167963028,0.0,0.0,0.0,-9.173844972565348e-08,0.0,0.0,1.4204255194272264e-07,9.021542979326114e-08,9.173844972565348e-08,0.0,0.0
2021-07-30_02h22m33s_C7H5NO4_[M]-_+H2_172,2021-07-30_02h22m33s,Quinolinic acid,C7H5NO4,[M]-,+H2,172,0.7927652351070816,0.7121786494214125,0.2598870056497175,0.2598870056497175,0.3163978195572366,0.3142805625676163,0.317823413717951,0.317823413717951,0.7884736228315022,189,21.16805076599121,-8.810035705566406,3746.7451171875,38.788818359375,28.79189109802246,29.72195053100586,29.978086471557617,0.7060939227108939,0.7351832330392506,1.1225854905205779e-05,-3.3378109947079793e-06,0.001986976247280836,2.1620029656332918e-05,1.4072650628804695e-05,1.4457685210800264e-05,1.4563665899913758e-05,0.011064712134401631,0.011070069682132604
2021-07-30_02h22m33s_C7H5NO4_+Cl_-CO2_172,2021-07-30_02h22m33s,Quinolinic acid,C7H5NO4,+Cl,-CO2,172,0.0,0.0,0.0,0.0,0.0012348425853821337,0.001983411467724486,0.000797349256693304,0.000797349256693304,0.0,31,0.0,-0.043860580772161484,0.0,0.0,0.14385496079921722,0.04464808478951454,0.043860580772161484,0.0,0.0,0.0,-1.9352521363202868e-08,0.0,0.0,5.7223541460871274e-08,1.976331986952573e-08,1.9352521363202868e-08,0.0,0.0
2021-07-30_02h22m33s_C7H5NO4_+Cl_-CH2O3_172,2021-07-30_02h22m33s,Quinolinic acid,C7H5NO4,+Cl,-CH2O3,172,0.0,0.0,0.0,0.0,0.007442429636222049,0.008414472893376608,0.006892641352304339,0.006892641352304339,0.0,112,0.0,-0.4279909133911133,0.0,0.0,0.6706153750419617,0.4207122325897217,0.4279909133911133,0.0,0.0,0.0,-2.0657832067172421e-07,0.0,0.0,3.12274352154418e-07,2.0342852735666384e-07,2.0657832067172421e-07,0.0,0.0
2021-07-30_02h22m33s_C7H5NO4_[M]-_+HCl_172,2021-07-30_02h22m33s,Quinolinic acid,C7H5NO4,[M]-,+HCl,172,0.43066724387081157,1.860700250969579,0.005649717514124294,0.005649717514124294,0.005484481032372901,0.0094963336939536,0.003118521537289367,0.003118521537289367,0.4319186640966164,148,0.33986929059028625,0.15992645919322968,60.156864166259766,4.508875370025635,0.5688796639442444,0.18165665864944458,0.17994283139705658,1.878324153359164,0.5963878202601351,1.353842975504449e-07,5.4504397439814056e-08,2.396302079432644e-05,1.796075707716227e-06,2.395177887137834e-07,8.21183760990607e-08,8.087990011063084e-08,0.0001353733485675351,0.00013535187836783997
2021-07-30_02h22m33s_C7H5NO4_+Cl__172,2021-07-30_02h22m33s,Quinolinic acid,C7H5NO4,+Cl,,172,0.0,0.0,0.0,0.0,0.001457336744910446,0.0023740834234884,0.0009213813632900402,0.0009213813632900402,0.0,43,0.0,-0.05297752842307091,0.0,0.0,0.1692992001771927,0.05242423713207245,0.05297752842307091,0.0,0.0,0.0,-2.4777239815421126e-08,0.0,0.0,6.995501422579764e-08,2.4578318047474568e-08,2.4777239815421126e-08,0.0,0.0
2021-07-30_02h22m33s_C7H5NO4_-H_+HCl_172,2021-07-30_02h22m33s,Quinolinic acid,C7H5NO4,-H,+HCl,172,0.0,0.0,0.0,0.0,0.001457336744910446,0.0023740834234884,0.0009213813632900402,0.0009213813632900402,0.0,43,0.0,-0.05297752842307091,0.0,0.0,0.1692992001771927,0.05242423713207245,0.05297752842307091,0.0,0.0,0.0,-2.4777239815421126e-08,0.0,0.0,6.995501422579764e-08,2.4578318047474568e-08,2.4777239815421126e-08,0.0,0.0
2021-07-30_02h22m33s_C7H5NO4_+Cl_-CH2O2_172,2021-07-30_02h22m33s,Quinolinic acid,C7H5NO4,+Cl,-CH2O2,172,0.8964480013063042,4.399650689778632,0.011299435028248588,0.011299435028248588,0.0027923017020803206,0.0030652722683014787,0.0026046742385314597,0.0026046742385314597,0.8937274622406622,58,0.6647391319274902,0.5124987363815308,117.65882873535156,6.266297817230225,0.21277020871639252,0.1500890702009201,0.15224038064479828,4.33788489124361,3.109596682900727,3.4044734320559655e-07,2.658234734553844e-07,6.0259179008426145e-05,3.230167067158618e-06,9.254681287984567e-08,7.363890830447417e-08,7.46238839610669e-08,0.0003404219395982782,0.00034041583880466136
2021-07-30_02h22m33s_C7H5NO4_-H_-CH2O3_172,2021-07-30_02h22m33s,Quinolinic acid,C7H5NO4,-H,-CH2O3,172,0.0,0.0,0.0,0.0,0.000233618867504728,0.00024041351123933166,0.00023034534082251004,0.00023034534082251004,0.0,8,0.0,-0.012794832699000835,0.0,0.0,0.013064352795481682,0.01243753731250763,0.012794832699000835,0.0,0.0,0.0,-4.951920207219018e-09,0.0,0.0,4.713223589192239e-09,4.813637932699066e-09,4.951920207219018e-09,0.0,0.0
2021-07-30_02h22m33s_C7H5NO4_[M]-_-CO2_172,2021-07-30_02h22m33s,Quinolinic acid,C7H5NO4,[M]-,-CO2,172,0.09634893152830026,0.09436603336327214,0.0847457627118644,0.0847457627118644,0.8622204917120926,0.8538886885442962,0.8695713804773464,0.8695713804773464,0.09580404813028011,189,50.328678131103516,-486.6868896484375,8908.17578125,170.17593383789062,415.30767822265625,533.3336791992188,537.0155639648438,0.09371904240629406,0.12118378635016433,2.6224057364743203e-05,-0.00024338511866517365,0.0046416581608355045,9.191007848130539e-05,0.00020835005852859467,0.0002681235782802105,0.00026960918330587447,0.02065522029106598,0.021702367769714168
2021-07-30_02h22m33s_C7H5NO4_-H_-NH3_172,2021-07-30_02h22m33s,Quinolinic acid,C7H5NO4,-H,-NH3,172,0.48518013549401273,0.8968717188043701,0.011299435028248588,0.011299435028248588,0.015986205362109245,0.02058540689986777,0.013289154278221735,0.013289154278221735,0.4859622495000398,176,0.707078754901886,-0.07729709148406982,125.15293884277344,6.638978004455566,1.2884008884429932,0.7873833775520325,0.7843758463859558,0.9003062140956237,0.5483777475566299,3.0187686661520274e-07,-1.2708113672488253e-08,5.343220618669875e-05,2.8256952191441087e-06,5.086826035949343e-07,3.1657111776439706e-07,3.14584980287691e-07,0.0003017819305525287,0.0003017233851780649
2021-07-30_02h22m33s_C7H5NO4_-H_-H2O_172,2021-07-30_02h22m33s,Quinolinic acid,C7H5NO4,-H,-H2O,172,0.374958085709318,1.0466895146746797,0.005649717514124294,0.005649717514124294,0.005139615085104016,0.00525904555836038,0.005067597498095221,0.005067597498095221,0.37451112546051024,114,0.31162071228027344,0.013823330402374268,55.156864166259766,4.134116172790527,0.303241491317749,0.2967202961444855,0.29779738187789917,1.0429164751102618,1.024254485903823,1.74621746396042e-07,3.4608689247761504e-08,3.090804966632277e-05,2.316619429620914e-06,1.3719049718474707e-07,1.3967181189400435e-07,1.400130571482805e-07,0.00017459730049422997,0.00017459779323798031
2021-07-30_02h22m33s_C7H5NO4_[M]-__172,2021-07-30_02h22m33s,Quinolinic acid,C7H5NO4,[M]-,,172,0.826055461903001,0.7782477276020224,0.6836158192090396,0.005649717514124294,0.7481143619979975,0.6306647433585768,0.8175664900685721,0.8175664900685721,0.8269391212022223,59,1583.2183837890625,-448.7098388671875,280229.65625,1285.603515625,1617.2198486328125,2034.3363037109375,2031.92822265625,0.7791700449680979,0.978974754825542,0.000909956987015903,-0.00014554581139236689,0.16106238961219788,0.0007920897915028036,0.0008172851521521807,0.0010582399554550648,0.0010555027984082699,0.4426931394695989,0.5007232827155694
2021-07-30_02h22m33s_C7H5NO4_[M]-_-CH2O2_172,2021-07-30_02h22m33s,Quinolinic acid,C7H5NO4,[M]-,-CH2O2,172,10.962394915141367,38.55569554108943,0.4180790960451977,0.4180790960451977,0.02607631549671821,0.020495251833153025,0.028137569325088152,0.028137569325088152,10.934462215633788,176,65.77627563476562,64.06525421142578,11642.400390625,128.5847930908203,1.2788166999816895,1.705006718635559,1.7110246419906616,38.4201687414289,51.39507527578496,3.631560321082361e-05,3.547228698153049e-05,0.006427861750125885,6.650391151197255e-05,6.274364636738028e-07,8.437228302682342e-07,8.433164566667983e-07,0.03628500347026692,0.03629283176480439
2021-07-30_02h22m33s_C7H5NO4_[M]-_-CH2O3_172,2021-07-30_02h22m33s,Quinolinic acid,C7H5NO4,[M]-,-CH2O3,172,0.0,0.0,0.0,0.0,0.0001779953276226499,0.00018031013342949875,0.00017718872370962313,0.00017718872370962313,0.0,6,0.0,-0.010378814302384853,0.0,0.0,0.009781411848962307,0.010088986717164516,0.010378814302384853,0.0,0.0,0.0,-4.005293874342897e-09,0.0,0.0,3.859774277970018e-09,3.89344645412848e-09,4.005293874342897e-09,0.0,0.0
2021-07-30_02h22m33s_C7H5NO4_-H_-CO2_172,2021-07-30_02h22m33s,Quinolinic acid,C7H5NO4,-H,-CO2,172,67.199774894231,1715.211163990734,0.9661016949152542,0.7401129943502824,0.00502836800533986,0.0010217574227671595,0.004376561475627691,0.004376561475627691,93.54106896232994,2,30935.39453125,30934.80859375,5475565.0,49691.625,2.5803327560424805,18.034910202026367,0.5869139432907104,52618.91622793701,11984.272255808659,0.016621187329292297,0.016620896756649017,2.9419503211975098,0.024862026795744896,1.2332340020293486e-06,1.0013003702624701e-05,2.913498349244037e-07,16.616346159581656,16.600714763388098
2021-07-30_02h22m33s_C7H5NO4_-H__172,2021-07-30_02h22m33s,Quinolinic acid,C7H5NO4,-H,,172,70.6691952695729,2241.106342926934,0.8870056497175142,0.672316384180791,0.004605629102236066,0.0033958408462555593,0.002551517621418573,0.002551517621418573,87.8994543977756,3,16823.248046875,16823.087890625,2977715.0,30952.51953125,33.10506820678711,7.50567102432251,0.15990832448005676,104551.75704076205,508.1620668994468,0.008968622423708439,0.008968549780547619,1.5874462127685547,0.014676259830594063,1.2593406609084923e-05,4.203893695375882e-06,7.226741871591003e-08,8.967974331352401,8.857081593827527
2021-07-30_02h22m33s_C7H5NO4_+Cl_-H2_172,2021-07-30_02h22m33s,Quinolinic acid,C7H5NO4,+Cl,-H2,172,2.7711497371957017,23.38684679773198,0.03389830508474576,0.03389830508474576,0.0027255534542218267,0.0033958408462555593,0.0022325779187412514,0.0022325779187412514,2.7648933486778926,73,2.938030242919922,2.8118720054626465,520.0313720703125,17.81014633178711,0.2044551968574524,0.12462746351957321,0.12615813314914703,23.10532696696507,14.300101860934515,1.2514600484792027e-06,1.1926450724786264e-06,0.0002215084241470322,7.314024514926132e-06,8.925248096147698e-08,5.814015224814284e-08,5.881497955328996e-08,0.0012513864482108378,0.0012513483625332994
2021-07-30_02h22m33s_C2H7NO3S_-H_-H2_111,2021-07-30_02h22m33s,Taurine,C2H7NO3S,-H,-H2,111,17.52611313418872,725.8896560689712,0.1864406779661017,0.1864406779661017,0.0017465791522972521,0.002644548623632648,0.0006378794053546432,0.0006378794053546432,17.619721232230713,33,26.088136672973633,26.056108474731445,4617.60009765625,79.02439880371094,0.18146413564682007,0.03493953496217728,0.0320284366607666,789.8689526520302,142.97679146914749,1.0108832611877006e-05,1.0094337085320149e-05,0.0017892633331939578,2.7137612050864846e-05,6.747046654709266e-08,1.577995867307891e-08,1.449532049946356e-08,0.0101086860832324,0.010108150610239404
2021-07-30_02h22m33s_C2H7NO3S_-H_+HCl_111,2021-07-30_02h22m33s,Taurine,C2H7NO3S,-H,+HCl,111,7.033086847787003,241.063725612539,0.07344632768361582,0.07344632768361582,0.0012904661252642119,0.0023440317345834838,0.00044297180927405777,0.00044297180927405777,7.025539535111596,27,5.857406139373779,5.833518028259277,1036.7608642578125,21.91240119934082,0.24284356832504272,0.023298164829611778,0.023888206109404564,235.34866730151467,24.021163156396543,2.0455888716242043e-06,2.034612862189533e-06,0.00036206922959536314,7.557025128335226e-06,1.0258953153652328e-07,1.070479704878835e-08,1.0975902853260777e-08,0.002045566419685902,0.0020453790371469686
2021-07-30_02h22m33s_C2H7NO3S_+Cl__111,2021-07-30_02h22m33s,Taurine,C2H7NO3S,+Cl,,111,7.033086847787003,241.063725612539,0.07344632768361582,0.07344632768361582,0.0012904661252642119,0.0023440317345834838,0.00044297180927405777,0.00044297180927405777,7.025539535111596,27,5.857406139373779,5.833518028259277,1036.7608642578125,21.91240119934082,0.24284356832504272,0.023298164829611778,0.023888206109404564,235.34866730151467,24.021163156396543,2.0455888716242043e-06,2.034612862189533e-06,0.00036206922959536314,7.557025128335226e-06,1.0258953153652328e-07,1.070479704878835e-08,1.0975902853260777e-08,0.002045566419685902,0.0020453790371469686
2021-07-30_02h22m33s_C2H7NO3S_+Cl_-NH3_111,2021-07-30_02h22m33s,Taurine,C2H7NO3S,+Cl,-NH3,111,0.7597438730110267,2.2869503586893796,0.011299435028248588,0.011299435028248588,0.005295360996773834,0.005980286092078375,0.004872689902014636,0.004872689902014636,0.7562404122659521,87,0.6513792276382446,0.36329928040504456,115.29412078857422,6.098022937774658,0.4293559193611145,0.2838243842124939,0.2880799472332001,2.2532840270403764,1.513582591370535,3.005544328971155e-07,1.7396257590007735e-07,5.319813499227166e-05,2.813459104800131e-06,1.7383246131430496e-07,1.246337006932663e-07,1.2659185699703812e-07,0.0003005163899692512,0.0003005021958607786
2021-07-30_02h22m33s_C2H7NO3S_[M]-_+HCl_111,2021-07-30_02h22m33s,Taurine,C2H7NO3S,[M]-,+HCl,111,0.0,0.0,0.0,0.0,0.0028256758260095673,0.00432744320230797,0.0019490759608058543,0.0019490759608058543,0.0,79,0.0,-0.1114955022931099,0.0,0.0,0.2754576504230499,0.11091576516628265,0.1114955022931099,0.0,0.0,0.0,-4.8495056859110264e-08,0.0,0.0,1.1125008114731827e-07,4.8031587596142344e-08,4.8495056859110264e-08,0.0,0.0
2021-07-30_02h22m33s_C2H7NO3S_+Cl_+HCl_111,2021-07-30_02h22m33s,Taurine,C2H7NO3S,+Cl,+HCl,111,0.0,0.0,0.0,0.0,0.0013794637890755367,0.0021336699122490683,0.0009391002356610025,0.0009391002356610025,0.0,46,0.0,-0.0490567646920681,0.0,0.0,0.1453370451927185,0.05159826576709747,0.0490567646920681,0.0,0.0,0.0,-2.157533707247694e-08,0.0,0.0,5.911030953598129e-08,2.2910366936912396e-08,2.157533707247694e-08,0.0,0.0
2021-07-30_02h22m33s_C2H7NO3S_+Cl_+C12H14N2_111,2021-07-30_02h22m33s,Taurine,C2H7NO3S,+Cl,+C12H14N2,111,1.1558315160335926,1.1910508996597027,0.2768361581920904,0.2768361581920904,0.23584380910001113,0.2463637456425051,0.22951255382107483,0.22951255382107483,1.157856745970096,189,19.999025344848633,3.255075454711914,3539.82763671875,34.305633544921875,17.98843765258789,16.790075302124023,16.74394989013672,1.1943317523230488,1.111709311378705,9.011799193103798e-06,9.676268746261485e-07,0.0015950883971527219,1.5818319297977723e-05,8.545254786440637e-06,8.069272553257179e-06,8.04417231847765e-06,0.00893988521591953,0.008935443551327844
2021-07-30_02h22m33s_C2H7NO3S_-H__111,2021-07-30_02h22m33s,Taurine,C2H7NO3S,-H,,111,0.0,0.0,0.0,0.0,0.030759817554789185,0.03675321553071283,0.027322501196023884,0.027322501196023884,0.0,179,0.0,-2.3002572059631348,0.0,0.0,6.878138065338135,3.545153856277466,2.3002572059631348,0.0,0.0,0.0,-1.048411036208563e-06,0.0,0.0,3.1788333672011504e-06,1.6613986417723936e-06,1.048411036208563e-06,0.0,0.0
2021-07-30_02h22m33s_C2H7NO3S_-H_+C12H14N2_111,2021-07-30_02h22m33s,Taurine,C2H7NO3S,-H,+C12H14N2,111,1.1612725519979012,1.935693600073107,0.655367231638418,0.655367231638418,0.5643230615196351,0.5807488880875106,0.5543526409979269,0.5543526409979269,1.1610943498295037,189,178.99081420898438,86.68702697753906,31681.375,180.13525390625,102.810546875,92.46756744384766,92.30378723144531,1.9391281815122139,1.7409602291715773,8.097289537545294e-05,3.717208164744079e-05,0.014332202263176441,7.725895557086915e-05,4.8649617383489385e-05,4.3876767449546605e-05,4.3800813728012145e-05,0.0775750452677386,0.07721634951576135
2021-07-30_02h22m33s_C2H7NO3S_[M]-_+C12H14N2_111,2021-07-30_02h22m33s,Taurine,C2H7NO3S,[M]-,+C12H14N2,111,1.202634886699533,1.4364392566589548,0.3672316384180791,0.3672316384180791,0.30067860718656136,0.30935208558721,0.2953558835515708,0.2953558835515708,1.2060269977229898,189,38.7869758605957,11.90081787109375,6865.29443359375,53.95009231567383,30.413204193115234,27.001169204711914,26.886157989501953,1.442583700208851,1.2752914925643783,1.7866541384137236e-05,4.903181434201542e-06,0.00316237797960639,2.5747121981112286e-05,1.4573873158951756e-05,1.3019578545936383e-05,1.2963359949935693e-05,0.01763789500246116,0.01760989697921988
2021-07-30_02h22m33s_C2H7NO3S_[M]-_-CH2O3_111,2021-07-30_02h22m33s,Taurine,C2H7NO3S,[M]-,-CH2O3,111,0.0,0.0,0.0,0.0,4.4498831905662474e-05,9.015506671474937e-05,1.7718872370962312e-05,1.7718872370962312e-05,0.0,3,0.0,-0.0011082245036959648,0.0,0.0,0.004600854590535164,0.0010808511869981885,0.0011082245036959648,0.0,0.0,0.0,-4.318679303061401e-10,0.0,0.0,2.0062780325957874e-09,4.2120074095208793e-10,4.318679303061401e-10,0.0,0.0
2021-07-30_02h22m33s_C2H7NO3S_+Cl_-H2_111,2021-07-30_02h22m33s,Taurine,C2H7NO3S,+Cl,-H2,111,5.258391862140819,180.7851943983738,0.05649717514124294,0.05649717514124294,0.0013238402491934586,0.0020134631566294026,0.0007441926395804171,0.0007441926395804171,5.258059299155327,46,7.701340198516846,7.659627914428711,1363.13720703125,37.486263275146484,0.14152872562408447,0.041599396616220474,0.04171248897910118,180.30651883305228,54.033600348247795,2.6291797894373303e-06,2.608624527056236e-06,0.0004653648065868765,1.2219339623698033e-05,6.27816376663759e-08,2.059079839966671e-08,2.055519487953461e-08,0.0026291257472452327,0.002629014735586781
2021-07-30_02h22m33s_C2H7NO3S_+Cl_-H2O_111,2021-07-30_02h22m33s,Taurine,C2H7NO3S,+Cl,-H2O,111,0.5164700379750113,5.865389999903758,0.005649717514124294,0.005649717514124294,0.0010123484258538213,0.0011119124894819088,0.0009391002356610025,0.0009391002356610025,0.5170633342698959,32,0.32190096378326416,0.26894834637641907,56.976470947265625,4.270498752593994,0.0650138184428215,0.05388142541050911,0.052952613681554794,5.966364589549347,4.876266384470424,1.2428451157120435e-07,9.940212208903176e-08,2.1998357624397613e-05,1.648820330046874e-06,2.8708120325404707e-08,2.5134017533900987e-08,2.4882389482172584e-08,0.00012428141915252759,0.00012428094369891848
2021-07-30_02h22m33s_C2H7NO3S_[M]-_-H2O_111,2021-07-30_02h22m33s,Taurine,C2H7NO3S,[M]-,-H2O,111,0.0,0.0,0.0,0.0,0.000233618867504728,0.0002103618223344152,0.00024806421319347236,0.00024806421319347236,0.0,6,0.0,-0.01305446308106184,0.0,0.0,0.011622815392911434,0.013670353218913078,0.01305446308106184,0.0,0.0,0.0,-5.933391999946025e-09,0.0,0.0,5.105333045207772e-09,6.176712918914973e-09,5.933391999946025e-09,0.0,0.0
2021-07-30_02h22m33s_C2H7NO3S_+Cl_-CH2O3_111,2021-07-30_02h22m33s,Taurine,C2H7NO3S,+Cl,-CH2O3,111,0.0,0.0,0.0,0.0,0.00013349649571698743,9.015506671474937e-05,0.0001594698513386608,0.0001594698513386608,0.0,3,0.0,-0.008883179165422916,0.0,0.0,0.005060940515249968,0.008663764223456383,0.008883179165422916,0.0,0.0,0.0,-4.024281352599246e-09,0.0,0.0,2.222806383400666e-09,3.924881308847716e-09,4.024281352599246e-09,0.0,0.0
2021-07-30_02h22m33s_C2H7NO3S_-H_+H2_111,2021-07-30_02h22m33s,Taurine,C2H7NO3S,-H,+H2,111,4.102666769747651,8.253098821671983,0.11299435028248588,0.11299435028248588,0.019546111914562243,0.022448611611972594,0.017541683647252688,0.017541683647252688,4.0933429131969685,183,9.087759971618652,7.9819512367248535,1608.533447265625,27.7449951171875,1.4465755224227905,1.1001330614089966,1.1058086156845093,8.210778126260157,6.277917684328188,3.8533748920599464e-06,3.2798027405078756e-06,0.0006820473354309797,1.1451583304733504e-05,6.951752880013373e-07,5.705457510885026e-07,5.735721515520709e-07,0.0038511659705082577,0.0038506979819813163
2021-07-30_02h22m33s_C2H7NO3S_+Cl_+H2_111,2021-07-30_02h22m33s,Taurine,C2H7NO3S,+Cl,+H2,111,0.0,0.0,0.0,0.0,0.0011792190455000556,0.0021336699122490683,0.0006201605329836809,0.0006201605329836809,0.0,26,0.0,-0.031142497435212135,0.0,0.0,0.23011675477027893,0.03486324101686478,0.031142497435212135,0.0,0.0,0.0,-1.3702804224635656e-08,0.0,0.0,8.70045440137801e-08,1.5189653979064133e-08,1.3702804224635656e-08,0.0,0.0
2021-07-30_02h22m33s_C2H7NO3S_[M]-_+H2_111,2021-07-30_02h22m33s,Taurine,C2H7NO3S,[M]-,+H2,111,0.8017730297713838,2.6172055361969813,0.011299435028248588,0.011299435028248588,0.004939370341528535,0.006340906358937372,0.004093059517692294,0.004093059517692294,0.8020773019613466,127,0.6329677700996399,0.39266693592071533,112.03529357910156,5.936014652252197,0.3739473521709442,0.24084870517253876,0.24030083417892456,2.6231478737047973,1.6881510602348786,2.464915098698839e-07,1.2887062439403962e-07,4.362899926491082e-05,2.3237676032294985e-06,1.724780673839632e-07,1.1794952570198802e-07,1.1762089258127162e-07,0.000246462520728208,0.00024644900282216843
2021-07-30_02h22m33s_C2H7NO3S_-H_-CO2_111,2021-07-30_02h22m33s,Taurine,C2H7NO3S,-H,-CO2,111,0.0,0.0,0.0,0.0,4.4498831905662474e-05,6.0103377809832915e-05,3.5437744741924624e-05,3.5437744741924624e-05,0.0,2,0.0,-0.002146200742572546,0.0,0.0,0.0033738031052052975,0.0020931893959641457,0.002146200742572546,0.0,0.0,0.0,-1.0872798217320678e-09,0.0,0.0,1.1632480534373713e-09,1.0604239708555951e-09,1.0872798217320678e-09,0.0,0.0
2021-07-30_02h22m33s_C2H7NO3S_[M]-_-CH2O2_111,2021-07-30_02h22m33s,Taurine,C2H7NO3S,[M]-,-CH2O2,111,0.0,0.0,0.0,0.0,0.00010012237178774057,3.0051688904916458e-05,0.0001417509789676985,0.0001417509789676985,0.0,1,0.0,-0.007630611304193735,0.0,0.0,0.0016592068132013083,0.00744213443249464,0.007630611304193735,0.0,0.0,0.0,-3.5467138115308217e-09,0.0,0.0,1.37723676907342e-09,3.4591096653713294e-09,3.5467138115308217e-09,0.0,0.0
2021-07-30_02h22m33s_C2H7NO3S_-H_-NH3_111,2021-07-30_02h22m33s,Taurine,C2H7NO3S,-H,-NH3,111,5.881221692558245,189.40120407630272,0.062146892655367235,0.062146892655367235,0.0007676048503726777,0.0007813439115278278,0.000567003915870794,0.000567003915870794,5.9138554577552656,14,6.271851062774658,6.242921352386475,1110.11767578125,26.167585372924805,0.04876434803009033,0.03211410343647003,0.028929682448506355,209.5528769329678,126.03101037277416,2.4600706183264265e-06,2.447647375447559e-06,0.0004354325064923614,1.0385640052845702e-05,1.8816241009744772e-08,1.388373060962067e-08,1.2423333473066123e-08,0.0024600400564284484,0.002460024329915745
2021-07-30_02h22m33s_C2H7NO3S_[M]-_-H2_111,2021-07-30_02h22m33s,Taurine,C2H7NO3S,[M]-,-H2,111,0.0,0.0,0.0,0.0,0.0012459672933585494,0.0014725327563409063,0.0011162889593706257,0.0011162889593706257,0.0,43,0.0,-0.06255173683166504,0.0,0.0,0.08723262697458267,0.06403642147779465,0.06255173683166504,0.0,0.0,0.0,-2.857269976175303e-08,0.0,0.0,4.040299117491486e-08,2.9413632418595625e-08,2.857269976175303e-08,0.0,0.0
2021-07-30_02h22m33s_C2H7NO3S_[M]-_-NH3_111,2021-07-30_02h22m33s,Taurine,C2H7NO3S,[M]-,-NH3,111,0.0,0.0,0.0,0.0,0.001601957948603849,0.0015025844452458228,0.0016655740028704573,0.0016655740028704573,0.0,43,0.0,-0.09739836305379868,0.0,0.0,0.08766985684633255,0.09794825315475464,0.09739836305379868,0.0,0.0,0.0,-4.453019286643212e-08,0.0,0.0,4.126933461634508e-08,4.480396853523416e-08,4.453019286643212e-08,0.0,0.0
2021-07-30_02h22m33s_C2H7NO3S_+Cl_-CO2_111,2021-07-30_02h22m33s,Taurine,C2H7NO3S,+Cl,-CO2,111,0.0,0.0,0.0,0.0,0.00025586828345755926,0.00024041351123933166,0.0002657830855644347,0.0002657830855644347,0.0,8,0.0,-0.015726743265986443,0.0,0.0,0.013043847866356373,0.015338290482759476,0.015726743265986443,0.0,0.0,0.0,-6.254270434880027e-09,0.0,0.0,5.037695594012348e-09,6.099789562341584e-09,6.254270434880027e-09,0.0,0.0
2021-07-30_02h22m33s_C2H7NO3S_-H_-CH2O3_111,2021-07-30_02h22m33s,Taurine,C2H7NO3S,-H,-CH2O3,111,0.0,0.0,0.0,0.0,4.4498831905662474e-05,6.0103377809832915e-05,3.5437744741924624e-05,3.5437744741924624e-05,0.0,2,0.0,-0.001946998294442892,0.0,0.0,0.003335619578137994,0.0018989072414115071,0.001946998294442892,0.0,0.0,0.0,-9.065723727275099e-10,0.0,0.0,1.5263500463547075e-09,8.841799514769377e-10,9.065723727275099e-10,0.0,0.0
2021-07-30_02h22m33s_C2H7NO3S_-H_-CH2O2_111,2021-07-30_02h22m33s,Taurine,C2H7NO3S,-H,-CH2O2,111,0.5609956671615898,60.97671390962531,0.005649717514124294,0.005649717514124294,7.787295583490934e-05,6.0103377809832915e-05,7.087548948384925e-05,7.087548948384925e-05,0.5608956967154438,3,0.31618478894233704,0.3118934631347656,55.96470642089844,4.194664478302002,0.0033083963207900524,0.004185336641967297,0.004291332792490721,59.75522639419991,73.3880463634684,1.0563355345993841e-07,1.0342272815933029e-07,1.8697139239520766e-05,1.4013874078955268e-06,1.5275489761990002e-09,2.1562145402498345e-09,2.2108219699390474e-09,0.00010563331992347397,0.00010563339209975846
2021-07-30_02h22m33s_C23H44NO9P_+Cl_-H2O_44,2021-07-30_02h22m33s,Lyso PS 17:1,C23H44NO9P,+Cl,-H2O,44,1.0976147382683683,1.58668329970552,0.9830508474576272,0.9830508474576272,0.8938480364890422,0.9073205914172376,0.8856246788454383,0.8856246788454383,1.0980024406137026,189,224.6500701904297,82.99447631835938,39763.0625,153.17140197753906,146.2006072998047,141.5836944580078,141.6555938720703,1.5858779605650448,1.536577294459948,8.187728963093832e-05,1.8618549802340567e-05,0.014492280781269073,4.0688497392693534e-05,6.397796823875979e-05,6.309315358521417e-05,6.325873982859775e-05,0.07700598787848884,0.0769539333285939
2021-07-30_02h22m33s_C23H44NO9P_+Cl_-H2_44,2021-07-30_02h22m33s,Lyso PS 17:1,C23H44NO9P,+Cl,-H2,44,5.596200330993437,27.336105185616116,0.3954802259887006,0.3954802259887006,0.06436756035154077,0.06887847097006852,0.060669418998174955,0.060669418998174955,5.6396489076937675,189,98.00897979736328,94.45887756347656,17347.58984375,172.38644409179688,4.591833114624023,3.5843307971954346,3.5501019954681396,27.59959582192818,21.339547366807913,3.250488225603476e-05,3.09698807541281e-05,0.005753364413976669,5.123188384459354e-05,1.8802785461957683e-06,1.5463756426470354e-06,1.5350020703408518e-06,0.03245506366611423,0.032443878726909174
2021-07-30_02h22m33s_C23H44NO9P_[M]-_-H2_44,2021-07-30_02h22m33s,Lyso PS 17:1,C23H44NO9P,[M]-,-H2,44,3.8670084471972097,22.68560520025842,0.2033898305084746,0.2033898305084746,0.045155189676270996,0.048653684337059744,0.0425961691797934,0.0425961691797934,3.891203866229442,189,61.50056838989258,58.81494903564453,10885.6005859375,165.0655059814453,4.467965126037598,2.7099952697753906,2.6856210231781006,22.891419317913826,13.76170246475429,2.1965850464766845e-05,2.073761606879998e-05,0.003887955565005541,5.114837767905556e-05,1.7943916645890567e-06,1.2363597079456667e-06,1.2282343959668651e-06,0.021938904347837004,0.021926505725659157
2021-07-30_02h22m33s_C23H44NO9P_+Cl_+HCl_44,2021-07-30_02h22m33s,Lyso PS 17:1,C23H44NO9P,+Cl,+HCl,44,3.533361962706776,7.863734610733938,0.07909604519774012,0.07909604519774012,0.01615307598175548,0.02220819810073326,0.012385491787302656,0.012385491787302656,3.5329207479197007,183,6.296046257019043,5.496952056884766,1114.400146484375,22.131616592407227,1.5080699920654297,0.7996432781219482,0.7990941405296326,7.869131815977673,4.172136673662027,1.8321686638955725e-06,1.4714071312482702e-06,0.0003242938546463847,6.48472905595554e-06,6.553490266014705e-07,3.6022603921992413e-07,3.607615326473024e-07,0.0018315079262890288,0.00183096874031387
2021-07-30_02h22m33s_C23H44NO9P_-H_+C12H14N2_44,2021-07-30_02h22m33s,Lyso PS 17:1,C23H44NO9P,-H,+C12H14N2,44,1.127862971888823,1.4131764988559703,0.6836158192090396,0.6836158192090396,0.5717432417399043,0.5298112753936771,0.5961160231762851,0.5961160231762851,1.1226607689128396,189,183.5779266357422,52.95697021484375,32493.29296875,195.5757598876953,104.76904296875,129.90345764160156,130.62095642089844,1.4054140028664523,1.75219863840753,6.917513383086771e-05,7.578644726891071e-06,0.012243998236954212,7.033294241409749e-05,4.8544792662141845e-05,6.117244629422203e-05,6.159648910397664e-05,0.06516141918409495,0.06597251191838883
2021-07-30_02h22m33s_C23H44NO9P_[M]-_+HCl_44,2021-07-30_02h22m33s,Lyso PS 17:1,C23H44NO9P,[M]-,+HCl,44,1.7901409023931196,2.0120797709989735,0.1638418079096045,0.1638418079096045,0.08487039715207476,0.09012501502584445,0.0815245317787976,0.0815245317787976,1.7973066180944874,189,9.884879112243652,4.988476276397705,1749.62353515625,22.903945922851562,6.499701976776123,4.91176700592041,4.896402835845947,2.018392083226741,1.5205864147529857,3.67228085451643e-06,1.4982081211201148e-06,0.0006499937153421342,8.562506991438568e-06,2.7500325359142153e-06,2.1770263174403226e-06,2.174072733396315e-06,0.0036643143685611487,0.0036622096588013867
2021-07-30_02h22m33s_C23H44NO9P_[M]-_+H2_44,2021-07-30_02h22m33s,Lyso PS 17:1,C23H44NO9P,[M]-,+H2,44,2.4995997283245965,13.83259575115333,0.03389830508474576,0.03389830508474576,0.004872622093670041,0.006941940137035701,0.003561493346563425,0.003561493346563425,2.5065404442129475,100,2.806469678878784,2.607053279876709,496.7451171875,16.057172775268555,0.5770089030265808,0.20188814401626587,0.19941647350788116,14.00318860898639,4.85540908484886,1.1971636695307097e-06,1.1097806691395817e-06,0.00021189797553233802,6.5701101448212285e-06,2.4252437924587866e-07,8.81294752730355e-08,8.738305723454687e-08,0.001197059066849758,0.0011968733985526898
2021-07-30_02h22m33s_C23H44NO9P_-H_-NH3_44,2021-07-30_02h22m33s,Lyso PS 17:1,C23H44NO9P,-H,-NH3,44,3.03044014170117,13.247984849459057,0.192090395480226,0.192090395480226,0.05221937924129492,0.049495131626397404,0.05338696245370945,0.05338696245370945,3.041823562636602,189,43.49604415893555,40.22698974609375,7698.7998046875,135.9342498779297,3.010446071624756,3.282219648361206,3.2690553665161133,13.301317342915766,14.443573992167911,1.4322128663479816e-05,1.28061319628614e-05,0.002535016741603613,4.010458360426128e-05,1.364646891488519e-06,1.5176644865277922e-06,1.5159964732447406e-06,0.014300449232876959,0.014302610650315692
2021-07-30_02h22m33s_C23H44NO9P_+Cl_-NH3_44,2021-07-30_02h22m33s,Lyso PS 17:1,C23H44NO9P,+Cl,-NH3,44,2.4255104140467423,4.108846729296743,0.15254237288135594,0.15254237288135594,0.05849371453999332,0.06749609328044236,0.0528908340273225,0.0528908340273225,2.4288399522965616,189,14.715853691101074,11.140966415405273,2604.7060546875,37.75059127807617,5.149657249450684,3.5805046558380127,3.574887752532959,4.1153007894828875,2.857082694188303,5.045300440542633e-06,3.388059212738881e-06,0.0008930181502364576,1.2288479410926811e-05,2.300440655744751e-06,1.6556417676838464e-06,1.6572412278037518e-06,0.00503695299437784,0.005033720664875491
2021-07-30_02h22m33s_C23H44NO9P_+Cl_-CO2_44,2021-07-30_02h22m33s,Lyso PS 17:1,C23H44NO9P,+Cl,-CO2,44,0.43896789149418725,1.7716416170200016,0.005649717514124294,0.005649717514124294,0.0038936477917454666,0.0056196658252193775,0.0028704573240958945,0.0028704573240958945,0.4377473520626733,77,0.2831505537033081,0.12215174734592438,50.11764907836914,3.7564163208007812,0.5052279233932495,0.15882383286952972,0.16099880635738373,1.7478558025832172,0.5593341272155591,7.065473539569211e-08,-3.2281164408232144e-09,1.250588866241742e-05,9.37341098961042e-07,1.9597872835674934e-07,7.299535553784153e-08,7.388285183651533e-08,7.064951560799813e-05,7.064089128364835e-05
2021-07-30_02h22m33s_C23H44NO9P_+Cl__44,2021-07-30_02h22m33s,Lyso PS 17:1,C23H44NO9P,+Cl,,44,2.2837654762636563,3.1036942752715677,0.1864406779661017,0.1864406779661017,0.0734341973523195,0.07588051448491405,0.07163740099580063,0.07163740099580063,2.299515226410956,189,13.920904159545898,9.472441673278809,2464.0,31.233972549438477,4.7739081382751465,4.484269142150879,4.44846248626709,3.128670980486217,2.9154286860426564,5.8641185205488e-06,3.888082574121654e-06,0.0010379489976912737,1.279733896808466e-05,2.0583090645232005e-06,1.9875374164257664e-06,1.9760361738008214e-06,0.005852553662801993,0.005852073145347478
2021-07-30_02h22m33s_C23H44NO9P_-H_+HCl_44,2021-07-30_02h22m33s,Lyso PS 17:1,C23H44NO9P,-H,+HCl,44,2.2837654762636563,3.1036942752715677,0.1864406779661017,0.1864406779661017,0.0734341973523195,0.07588051448491405,0.07163740099580063,0.07163740099580063,2.299515226410956,189,13.920904159545898,9.472441673278809,2464.0,31.233972549438477,4.7739081382751465,4.484269142150879,4.44846248626709,3.128670980486217,2.9154286860426564,5.8641185205488e-06,3.888082574121654e-06,0.0010379489976912737,1.279733896808466e-05,2.0583090645232005e-06,1.9875374164257664e-06,1.9760361738008214e-06,0.005852553662801993,0.005852073145347478
2021-07-30_02h22m33s_C23H44NO9P_-H_+H2_44,2021-07-30_02h22m33s,Lyso PS 17:1,C23H44NO9P,-H,+H2,44,0.508387648532144,1.4351996971630738,0.011299435028248588,0.011299435028248588,0.014962732228279008,0.019623752854910446,0.012226021935963996,0.012226021935963996,0.5177246297815611,175,0.983361005783081,0.3237419128417969,174.05490112304688,9.809609413146973,2.467212200164795,0.6841736435890198,0.6596190929412842,1.4885446337992567,0.3984102362501187,3.2337086963707407e-07,2.8680346986220684e-08,5.723664435208775e-05,3.25895462083281e-06,1.0742691074483446e-06,3.041623131139204e-07,2.946905226508534e-07,0.00032327560338055357,0.0003230238550885835
2021-07-30_02h22m33s_C23H44NO9P_+Cl_+H2_44,2021-07-30_02h22m33s,Lyso PS 17:1,C23H44NO9P,+Cl,+H2,44,1.488068591638045,2.0022721684521128,0.0903954802259887,0.0903954802259887,0.051785515630214704,0.05334174780622671,0.05074685047043606,0.05074685047043606,1.4959934037375788,189,6.25324010848999,3.1487324237823486,1106.823486328125,20.437885284423828,3.3753719329833984,3.1220719814300537,3.1045076847076416,2.0135967266423567,1.8520590244821045,2.2444271507993108e-06,8.511507303410326e-07,0.0003972636186517775,7.441591606038855e-06,1.4719302043886273e-06,1.3979432651467505e-06,1.3932764204582782e-06,0.0022413043942357525,0.002241128366265093
2021-07-30_02h22m33s_C23H44NO9P_[M]-_-CH2O2_44,2021-07-30_02h22m33s,Lyso PS 17:1,C23H44NO9P,[M]-,-CH2O2,44,1.146445008849669,4.5489261674566395,0.01694915254237288,0.01694915254237288,0.0055734786961842255,0.006851785070320952,0.004784095540159824,0.004784095540159824,1.1497988290648558,111,1.2478564977645874,0.9768848419189453,220.87060546875,9.540059089660645,0.40655773878097534,0.27331891655921936,0.2709716260433197,4.588186333694341,3.0617907084698865,5.110643428452022e-07,3.873589946579159e-07,9.045838669408113e-05,3.980893779953476e-06,1.8159951764573634e-07,1.244301159886163e-07,1.237053481872863e-07,0.0005110011292725814,0.000510971550658072
2021-07-30_02h22m33s_C23H44NO9P_+Cl_-CH2O2_44,2021-07-30_02h22m33s,Lyso PS 17:1,C23H44NO9P,+Cl,-CH2O2,44,1.6655772256388932,2.265325814185153,0.05649717514124294,0.05649717514124294,0.02737790632995884,0.03308690948431302,0.023920477700799123,0.023920477700799123,1.667246926259545,189,3.2279162406921387,1.8062835931777954,571.3411865234375,13.373661994934082,1.9884463548660278,1.4239236116409302,1.4216326475143433,2.2689738256267553,1.6225198698104686,1.1897540161953657e-06,5.68066298001213e-07,0.000210586455068551,5.02080365549773e-06,8.592375024818466e-07,6.221165449460386e-07,6.216877181941527e-07,0.0011890148202848437,0.001188732612554236
2021-07-30_02h22m33s_C23H44NO9P_[M]-__44,2021-07-30_02h22m33s,Lyso PS 17:1,C23H44NO9P,[M]-,,44,0.0,0.0,0.0,0.0,0.035209700745355434,0.03765476619786032,0.033878483973279944,0.033878483973279944,0.0,181,0.0,-1.8755329847335815,0.0,0.0,4.142046928405762,1.9236911535263062,1.8755329847335815,0.0,0.0,0.0,-8.787383194430731e-07,0.0,0.0,2.0633804069802864e-06,8.964884159468056e-07,8.787383194430731e-07,0.0,0.0
2021-07-30_02h22m33s_C23H44NO9P_[M]-_+C12H14N2_44,2021-07-30_02h22m33s,Lyso PS 17:1,C23H44NO9P,[M]-,+C12H14N2,44,6.300293075764466,16.476784847653146,0.22598870056497175,0.22598870056497175,0.027233285126265435,0.0284890010818608,0.025869553661604976,0.025869553661604976,6.313627846204467,181,27.98271942138672,26.289587020874023,4952.94140625,59.77492141723633,2.1428182125091553,1.6973118782043457,1.693131923675537,16.517438240982003,13.052748249878588,1.0392604053777177e-05,9.642366421758197e-06,0.0018394909566268325,2.2034031644579954e-05,8.851588972902391e-07,7.490922939723532e-07,7.502378593926551e-07,0.010384812973921428,0.010383413083302252
2021-07-30_02h22m33s_C23H44NO9P_[M]-_-CO2_44,2021-07-30_02h22m33s,Lyso PS 17:1,C23H44NO9P,[M]-,-CO2,44,8.431141037974346,42.45712670643198,0.11299435028248588,0.11299435028248588,0.004060518411391701,0.004597908402452218,0.003402023495224764,0.003402023495224764,8.445887378145077,89,8.161161422729492,7.971668720245361,1444.525634765625,23.650989532470703,0.2736089825630188,0.1912212371826172,0.189492866396904,42.842346682553426,29.719207822550462,2.991313294842257e-06,2.9062396151857683e-06,0.0005294624716043472,9.12894665816566e-06,1.1796587529033786e-07,8.54825898954914e-08,8.507365834020675e-08,0.002991058834524893,0.0029909604635732128
2021-07-30_02h22m33s_C23H44NO9P_[M]-_-H3PO4_44,2021-07-30_02h22m33s,Lyso PS 17:1,C23H44NO9P,[M]-,-H3PO4,44,0.0,0.0,0.0,0.0,0.0005451106908443653,0.0006310854670032456,0.0004961284263869447,0.0004961284263869447,0.0,13,0.0,-0.02958536334335804,0.0,0.0,0.04513363167643547,0.028859319165349007,0.02958536334335804,0.0,0.0,0.0,-1.3677698973424413e-08,0.0,0.0,1.6431478400136257e-08,1.3342039473229761e-08,1.3677698973424413e-08,0.0,0.0
2021-07-30_02h22m33s_C23H44NO9P_+Cl_-CH2O3_44,2021-07-30_02h22m33s,Lyso PS 17:1,C23H44NO9P,+Cl,-CH2O3,44,2.8741136815502206,6.6304606808237025,0.15254237288135594,0.15254237288135594,0.04656802758927578,0.05192931842769564,0.043074578733809384,0.043074578733809384,2.927559407591513,188,17.079607009887695,14.563697814941406,3023.09033203125,50.94656753540039,3.1326992511749268,2.5749306678771973,2.515909433364868,6.785944215344248,5.4503019086735875,7.264397481776541e-06,6.1053369790897705e-06,0.0012857983820140362,2.1181165720918216e-05,1.451227831239521e-06,1.1818714256150997e-06,1.1590605026867706e-06,0.007255987353427189,0.0072538704630763185
2021-07-30_02h22m33s_C23H44NO9P_+Cl_-H3PO4_44,2021-07-30_02h22m33s,Lyso PS 17:1,C23H44NO9P,+Cl,-H3PO4,44,0.0,0.0,0.0,0.0,0.013494270775392146,0.013793725207356654,0.013360029767705584,0.013360029767705584,0.0,164,0.0,-0.7692844867706299,0.0,0.0,0.803736686706543,0.7748126983642578,0.7692844867706299,0.0,0.0,0.0,-3.5659070363180945e-07,0.0,0.0,3.5923963537243253e-07,3.5881816984328907e-07,3.5659070363180945e-07,0.0,0.0
2021-07-30_02h22m33s_C23H44NO9P_[M]-_-HPO3_44,2021-07-30_02h22m33s,Lyso PS 17:1,C23H44NO9P,[M]-,-HPO3,44,0.0,0.0,0.0,0.0,0.0004004894871509623,0.0005108787113835797,0.00033665857504828393,0.00033665857504828393,0.0,11,0.0,-0.01889878325164318,0.0,0.0,0.03312886506319046,0.01843499206006527,0.01889878325164318,0.0,0.0,0.0,-8.36098479339853e-09,0.0,0.0,1.268738891724297e-08,8.155800479414665e-09,8.36098479339853e-09,0.0,0.0
2021-07-30_02h22m33s_C23H44NO9P_-H_-HPO3_44,2021-07-30_02h22m33s,Lyso PS 17:1,C23H44NO9P,-H,-HPO3,44,0.0,0.0,0.0,0.0,0.00021136945155189677,0.00012020675561966583,0.0002657830855644347,0.0002657830855644347,0.0,4,0.0,-0.01544742751866579,0.0,0.0,0.007559826597571373,0.015068338252604008,0.01544742751866579,0.0,0.0,0.0,-6.488148240890723e-09,0.0,0.0,2.9965780967700084e-09,6.3289249396802916e-09,6.488148240890723e-09,0.0,0.0
2021-07-30_02h22m33s_C23H44NO9P_-H_-H3PO4_44,2021-07-30_02h22m33s,Lyso PS 17:1,C23H44NO9P,-H,-H3PO4,44,0.0,0.0,0.0,0.0,0.0008343530982311714,0.0009616540449573266,0.0007619115119513794,0.0007619115119513794,0.0,21,0.0,-0.04275031015276909,0.0,0.0,0.05312761664390564,0.041701193898916245,0.04275031015276909,0.0,0.0,0.0,-2.1511615599933975e-08,0.0,0.0,2.2898046125874316e-08,2.0983708992616812e-08,2.1511615599933975e-08,0.0,0.0
2021-07-30_02h22m33s_C23H44NO9P_[M]-_-CH2O3_44,2021-07-30_02h22m33s,Lyso PS 17:1,C23H44NO9P,[M]-,-CH2O3,44,0.750799080129114,2.804415663885923,0.011299435028248588,0.011299435028248588,0.005139615085104016,0.00525904555836038,0.005049878625724259,0.005049878625724259,0.7508044430733612,110,0.8399025201797485,0.5415849685668945,148.66275024414062,8.156861305236816,0.3055461645126343,0.2984928786754608,0.2983175218105316,2.806058646681593,2.7398891828089798,3.315618357646599e-07,2.0052857507835142e-07,5.8686444390332326e-05,3.1087913612282136e-06,1.399346274411073e-07,1.3071462490188424e-07,1.310332606863085e-07,0.00033151839582827705,0.0003315154452743345
2021-07-30_02h22m33s_C23H44NO9P_-H_-CH2O3_44,2021-07-30_02h22m33s,Lyso PS 17:1,C23H44NO9P,-H,-CH2O3,44,0.0,0.0,0.0,0.0,0.013494270775392146,0.013793725207356654,0.013360029767705584,0.013360029767705584,0.0,164,0.0,-0.7692844867706299,0.0,0.0,0.803736686706543,0.7748126983642578,0.7692844867706299,0.0,0.0,0.0,-3.5659070363180945e-07,0.0,0.0,3.5923963537243253e-07,3.5881816984328907e-07,3.5659070363180945e-07,0.0,0.0
2021-07-30_02h22m33s_C4H9NO2S_-H__162,2021-07-30_02h22m33s,Homocysteine,C4H9NO2S,-H,,162,23.430915672728048,7348.1206834690865,0.2542372881355932,0.2542372881355932,0.0025920569585048394,0.004207236446688304,0.000850505873806191,0.000850505873806191,23.38905054847296,16,690.1661376953125,690.0711059570312,122159.40625,1725.2889404296875,0.6321207284927368,0.09292417019605637,0.09504614770412445,7185.776360561676,1090.1019452299138,0.0002718275645747781,0.00027179549215361476,0.04811348021030426,0.0006665561813861132,2.207967355616347e-07,3.136234738576604e-08,3.207852472542072e-08,0.271818845027237,0.2717675591848785
2021-07-30_02h22m33s_C4H9NO2S_[M]-_+HCl_162,2021-07-30_02h22m33s,Homocysteine,C4H9NO2S,[M]-,+HCl,162,0.0,0.0,0.0,0.0,0.0005451106908443653,0.0006310854670032456,0.0004961284263869447,0.0004961284263869447,0.0,2,0.0,-0.4163970351219177,0.0,0.0,14.87131118774414,1.2213019132614136,0.4163970351219177,0.0,0.0,0.0,-2.1663323934717482e-07,0.0,0.0,5.1964220801892225e-06,5.965702598587086e-07,2.1663323934717482e-07,0.0,0.0
2021-07-30_02h22m33s_C4H9NO2S_-H_+HCl_162,2021-07-30_02h22m33s,Homocysteine,C4H9NO2S,-H,+HCl,162,7.496287918237133,13.912162468144182,0.14124293785310735,0.14124293785310735,0.010212481922349538,0.011840365428537085,0.008841717313110193,0.008841717313110193,8.970569404929849,99,9.08704948425293,8.73620891571045,1608.4078369140625,24.115617752075195,4.405855655670166,0.6521730422973633,0.3508407175540924,25.827168462546908,2.0620256696088743,3.6529934277496068e-06,3.5018847484025173e-06,0.0006465798360295594,1.0216017471975647e-05,1.6796054751466727e-06,2.840222066424758e-07,1.5110879303392721e-07,0.0036524415117211435,0.0036468681280745546
2021-07-30_02h22m33s_C4H9NO2S_+Cl__162,2021-07-30_02h22m33s,Homocysteine,C4H9NO2S,+Cl,,162,7.496287918237133,13.912162468144182,0.14124293785310735,0.14124293785310735,0.010212481922349538,0.011840365428537085,0.008841717313110193,0.008841717313110193,8.970569404929849,99,9.08704948425293,8.73620891571045,1608.4078369140625,24.115617752075195,4.405855655670166,0.6521730422973633,0.3508407175540924,25.827168462546908,2.0620256696088743,3.6529934277496068e-06,3.5018847484025173e-06,0.0006465798360295594,1.0216017471975647e-05,1.6796054751466727e-06,2.840222066424758e-07,1.5110879303392721e-07,0.0036524415117211435,0.0036468681280745546
2021-07-30_02h22m33s_C4H9NO2S_+Cl_+H2_162,2021-07-30_02h22m33s,Homocysteine,C4H9NO2S,+Cl,+H2,162,0.9847527945416249,2.7386376487718698,0.01694915254237288,0.01694915254237288,0.010657470241406163,0.016468325519894217,0.007211581054981661,0.007211581054981661,0.9867408652210014,165,1.1820539236068726,0.7539727687835693,209.22354125976562,9.233918190002441,1.1397509574890137,0.4306211471557617,0.4280811846256256,2.754849119376366,1.0362068213458036,5.953731374575e-07,3.8394367152250197e-07,0.0001053810483426787,4.595190148393158e-06,5.238680387265049e-07,2.117996444894743e-07,2.11429465934998e-07,0.0005952472846420089,0.0005950614038069658
2021-07-30_02h22m33s_C4H9NO2S_-H_-H2_162,2021-07-30_02h22m33s,Homocysteine,C4H9NO2S,-H,-H2,162,49.627349309009475,9018.622110207805,0.536723163841808,0.3502824858757062,0.002369562798976527,0.002163721601153985,0.0008150681290642664,0.0008150681290642664,50.81725897232088,3,345.5520324707031,345.52685546875,61162.7109375,1109.7239990234375,0.11311031877994537,0.03731539100408554,0.02517431601881981,13201.950806364717,3028.227737555257,0.00013401861360762268,0.00013400767056737095,0.023721294477581978,0.00040447484934702516,5.3098570873544304e-08,1.6285854442799064e-08,1.0950202522508334e-08,0.13401714609273147,0.1340114977886095
2021-07-30_02h22m33s_C4H9NO2S_-H_+C12H14N2_162,2021-07-30_02h22m33s,Homocysteine,C4H9NO2S,-H,+C12H14N2,162,1.4612635518918904,2.5961447914456035,0.2598870056497175,0.2598870056497175,0.17610412726665925,0.18965620867892777,0.167850877970126,0.167850877970126,1.4585151311243512,189,69.3250961303711,42.68964385986328,12270.5419921875,138.0329132080078,25.197837829589844,26.70209312438965,26.635454177856445,2.602639813372862,2.751122754120263,2.8021586331306025e-05,1.5162159797910135e-05,0.00495982076972723,5.574670649366453e-05,1.1944523066631518e-05,1.285637972614495e-05,1.285942653339589e-05,0.027665819754684486,0.02769083254325884
2021-07-30_02h22m33s_C4H9NO2S_+Cl_+C12H14N2_162,2021-07-30_02h22m33s,Homocysteine,C4H9NO2S,+Cl,+C12H14N2,162,1.616039358450631,1.9406791641433985,0.3954802259887006,0.3954802259887006,0.24178440315941707,0.2529450655126818,0.23472190229813775,0.23472190229813775,1.6205098133547902,189,32.259490966796875,15.676645278930664,5709.9296875,44.09519958496094,20.16107177734375,16.621784210205078,16.58284568786621,1.9452358381747337,1.600008735364541,1.3652281268150546e-05,5.754937774327118e-06,0.002416453789919615,1.9272694771643728e-05,9.24620053410763e-06,7.896402166807093e-06,7.897343493823428e-06,0.013545309307816633,0.013527206008727664
2021-07-30_02h22m33s_C4H9NO2S_+Cl_-H2O_162,2021-07-30_02h22m33s,Homocysteine,C4H9NO2S,+Cl,-H2O,162,0.46406139980371314,0.6044089185040217,0.022598870056497175,0.022598870056497175,0.03811324952719991,0.03720399086428657,0.03869801725818169,0.03869801725818169,0.4632408612575906,188,1.6969094276428223,-1.1193764209747314,300.35296630859375,11.610617637634277,2.652848720550537,2.806551933288574,2.8162858486175537,0.6023206443448038,0.6394145282293261,7.914252933005628e-07,-6.16583236023871e-07,0.00014008228026796132,5.500327006302541e-06,1.291005560233316e-06,1.4005429420649307e-06,1.4080085293244338e-06,0.0007903125265223873,0.0007904048762105394
2021-07-30_02h22m33s_C4H9NO2S_[M]-_-H2O_162,2021-07-30_02h22m33s,Homocysteine,C4H9NO2S,[M]-,-H2O,162,0.4266335380663296,1.5031178846958855,0.005649717514124294,0.005649717514124294,0.0036155300923350763,0.00423728813559322,0.0032425536438861033,0.0032425536438861033,0.42600060575978266,98,0.28866735100746155,0.09641028940677643,51.094120025634766,3.8296051025390625,0.2527565062046051,0.19104571640491486,0.19225706160068512,1.4936962645324532,1.1375761564698863,1.1381135323063063e-07,2.6791674656578834e-08,2.01446091523394e-05,1.5098781886990764e-06,1.1674333677547111e-07,8.620323654895401e-08,8.70196785740518e-08,0.0001138014502650073,0.00011379806806444618
2021-07-30_02h22m33s_C4H9NO2S_-H_-H2O_162,2021-07-30_02h22m33s,Homocysteine,C4H9NO2S,-H,-H2O,162,0.0,0.0,0.0,0.0,0.0005673601067971966,0.0009616540449573266,0.00033665857504828393,0.00033665857504828393,0.0,20,0.0,-0.018161306157708168,0.0,0.0,0.06727972626686096,0.018721414729952812,0.018161306157708168,0.0,0.0,0.0,-7.761363995939519e-09,0.0,0.0,2.655527175932093e-08,8.001045159744535e-09,7.761363995939519e-09,0.0,0.0
2021-07-30_02h22m33s_C4H9NO2S_+Cl_-NH3_162,2021-07-30_02h22m33s,Homocysteine,C4H9NO2S,+Cl,-NH3,162,0.9541433306844651,1.1000194375210657,0.10734463276836158,0.10734463276836158,0.09886527978640561,0.09264935689385743,0.10250367666601698,0.10250367666601698,0.9555048505203269,189,7.993973731994629,0.7335939407348633,1414.933349609375,24.63761329650879,6.520786285400391,7.266120433807373,7.260379791259766,1.100889081936832,1.2257337763259528,3.0400776722672163e-06,-4.795954282599268e-07,0.0005380937363952398,9.804394721868448e-06,3.125228204226005e-06,3.5147936614521313e-06,3.519673100527143e-06,0.0030294151213542553,0.0030306063358704477
2021-07-30_02h22m33s_C4H9NO2S_[M]-_-CO2_162,2021-07-30_02h22m33s,Homocysteine,C4H9NO2S,[M]-,-CO2,162,0.0,0.0,0.0,0.0,0.0001779953276226499,0.0002103618223344152,0.0001594698513386608,0.0001594698513386608,0.0,6,0.0,-0.008714770898222923,0.0,0.0,0.012034817598760128,0.008520206436514854,0.008714770898222923,0.0,0.0,0.0,-4.027195021905072e-09,0.0,0.0,4.156379684872036e-09,3.937284720478829e-09,4.027195021905072e-09,0.0,0.0
2021-07-30_02h22m33s_C4H9NO2S_[M]-_-NH3_162,2021-07-30_02h22m33s,Homocysteine,C4H9NO2S,[M]-,-NH3,162,0.0,0.0,0.0,0.0,0.0004004894871509623,0.0003606202668589975,0.0004252529369030955,0.0004252529369030955,0.0,11,0.0,-0.02225351706147194,0.0,0.0,0.019956089556217194,0.023705417290329933,0.02225351706147194,0.0,0.0,0.0,-9.691666136291133e-09,0.0,0.0,7.572634963537439e-09,1.021831597114442e-08,9.691666136291133e-09,0.0,0.0
2021-07-30_02h22m33s_C4H9NO2S_[M]-_+C12H14N2_162,2021-07-30_02h22m33s,Homocysteine,C4H9NO2S,[M]-,+C12H14N2,162,0.6461834615111747,0.9303158848710096,0.10734463276836158,0.10734463276836158,0.16171987985315386,0.1715049885803582,0.15612098446054892,0.15612098446054892,0.6448669702409409,189,14.01626205444336,-1.0753250122070312,2480.87841796875,42.572811126708984,16.407419204711914,15.065132141113281,15.09158706665039,0.9286851878041935,0.8542116019572675,5.690736088581616e-06,-1.623091065994231e-06,0.001007260289043188,1.7616695913602598e-05,7.837793418730143e-06,7.285062565642875e-06,7.313827154575847e-06,0.00564941722745592,0.005646480143672548
2021-07-30_02h22m33s_C4H9NO2S_+Cl_-CO2_162,2021-07-30_02h22m33s,Homocysteine,C4H9NO2S,+Cl,-CO2,162,0.0,0.0,0.0,0.0,0.0016242073645566803,0.0021937732900589014,0.0012934776830802487,0.0012934776830802487,0.0,51,0.0,-0.07592365890741348,0.0,0.0,0.13138456642627716,0.07611193507909775,0.07592365890741348,0.0,0.0,0.0,-3.461412489969007e-08,0.0,0.0,5.674691649915076e-08,3.447163621217442e-08,3.461412489969007e-08,0.0,0.0
2021-07-30_02h22m33s_C4H9NO2S_[M]-_-CH2O2_162,2021-07-30_02h22m33s,Homocysteine,C4H9NO2S,[M]-,-CH2O2,162,0.0,0.0,0.0,0.0,0.0001668706196462343,0.00018031013342949875,0.0001594698513386608,0.0001594698513386608,0.0,6,0.0,-0.008466229774057865,0.0,0.0,0.009769155643880367,0.00827721506357193,0.008466229774057865,0.0,0.0,0.0,-3.1528382127277155e-09,0.0,0.0,4.727590763309308e-09,3.082448740698851e-09,3.1528382127277155e-09,0.0,0.0
2021-07-30_02h22m33s_C4H9NO2S_+Cl_-CH2O2_162,2021-07-30_02h22m33s,Homocysteine,C4H9NO2S,+Cl,-CH2O2,162,0.0,0.0,0.0,0.0,0.0009011013460896651,0.0012321192451015747,0.0007087548948384925,0.0007087548948384925,0.0,36,0.0,-0.03975910693407059,0.0,0.0,0.07013757526874542,0.040076058357954025,0.03975910693407059,0.0,0.0,0.0,-1.811799599238384e-08,0.0,0.0,3.316912966511154e-08,1.8160035253345086e-08,1.811799599238384e-08,0.0,0.0
2021-07-30_02h22m33s_C4H9NO2S_-H_+H2_162,2021-07-30_02h22m33s,Homocysteine,C4H9NO2S,-H,+H2,162,0.0,0.0,0.0,0.0,0.0020358215596840584,0.00423728813559322,0.0007441926395804171,0.0007441926395804171,0.0,100,0.0,-0.1444392055273056,0.0,0.0,0.5836519598960876,0.14397718012332916,0.1444392055273056,0.0,0.0,0.0,-5.783315515373033e-08,0.0,0.0,2.1362545510328346e-07,5.733631880389112e-08,5.783315515373033e-08,0.0,0.0
2021-07-30_02h22m33s_C4H9NO2S_[M]-_-H2_162,2021-07-30_02h22m33s,Homocysteine,C4H9NO2S,[M]-,-H2,162,0.0,0.0,0.0,0.0,0.0008454778062075871,0.0008714989782425773,0.0008327870014352287,0.0008327870014352287,0.0,25,0.0,-0.09104447811841965,0.0,0.0,0.10963704437017441,0.08901184052228928,0.09104447811841965,0.0,0.0,0.0,-4.116803253850776e-08,0.0,0.0,5.0518753624828605e-08,4.024892419352e-08,4.116803253850776e-08,0.0,0.0
2021-07-30_02h22m33s_C4H9NO2S_+Cl_-H2_162,2021-07-30_02h22m33s,Homocysteine,C4H9NO2S,+Cl,-H2,162,3.9500751836627943,10.076048192844244,0.07344632768361582,0.07344632768361582,0.008855267549226832,0.008955403293665103,0.00859365309991672,0.00859365309991672,3.9392167565139635,147,5.2032790184021,4.685741901397705,920.9804077148438,19.14695930480957,0.5357407927513123,0.515400767326355,0.5175369381904602,10.034538786301313,9.694211970978198,2.2324754809233127e-06,1.9763999716815306e-06,0.00039514817763119936,8.174043614417315e-06,2.624831552111573e-07,2.547635915561841e-07,2.5607550924178213e-07,0.002231903944984022,0.0022318896474865573
2021-07-30_02h22m33s_C4H9NO2S_[M]-__162,2021-07-30_02h22m33s,Homocysteine,C4H9NO2S,[M]-,,162,0.0,0.0,0.0,0.0,0.009589498275670265,0.011750210361822335,0.00834558888672325,0.00834558888672325,0.0,157,0.0,-0.7427700161933899,0.0,0.0,0.9878079295158386,0.7316766381263733,0.7427700161933899,0.0,0.0,0.0,-3.4426088291183987e-07,0.0,0.0,4.394255768147559e-07,3.383700857284566e-07,3.4426088291183987e-07,0.0,0.0
2021-07-30_02h22m33s_C4H9NO2S_-H_-CH2O2_162,2021-07-30_02h22m33s,Homocysteine,C4H9NO2S,-H,-CH2O2,162,0.0,0.0,0.0,0.0,0.00011124707976415619,0.00015025844452458227,8.859436185481156e-05,8.859436185481156e-05,0.0,5,0.0,-0.0050790561363101006,0.0,0.0,0.008910974487662315,0.004965662024915218,0.0050790561363101006,0.0,0.0,0.0,-2.248803143700684e-09,0.0,0.0,3.867008491198476e-09,2.19859686012569e-09,2.248803143700684e-09,0.0,0.0
2021-07-30_02h22m33s_C9H11NO3_-H_-NH3_150,2021-07-30_02h22m33s,Tyrosine,C9H11NO3,-H,-NH3,150,2.6364529194651367,23.617137481126765,0.9096045197740112,0.8870056497175142,0.38454778062075873,0.46577112633730017,0.3350107199177844,0.3350107199177844,2.6522812571433034,189,588.5138549804688,563.8507690429688,104166.953125,937.46142578125,40.74264907836914,24.917932510375977,24.663110733032227,23.86114226256218,14.444308948579463,0.00026333960704505444,0.00025203655241057277,0.046611107885837555,0.0003746282891370356,1.8194294170825742e-05,1.1414522305130959e-05,1.130304553953465e-05,0.26039633540761425,0.25863394496775005
2021-07-30_02h22m33s_C9H11NO3_+Cl__150,2021-07-30_02h22m33s,Tyrosine,C9H11NO3,+Cl,,150,1.5120292254680088,1.6682383839675632,0.2598870056497175,0.2598870056497175,0.1603960396039604,0.15735064310614255,0.1618796179811117,0.1618796179811117,1.5110779163931818,189,19.204607009887695,7.650299072265625,3399.215576171875,35.14902877807617,10.615653038024902,11.510908126831055,11.55430793762207,1.661972758628166,1.8089135004321923,8.397249075642321e-06,2.9704469852731563e-06,0.0014863130636513233,1.5177040040725842e-05,4.898451607004972e-06,5.405655429058243e-06,5.426802090369165e-06,0.00835192483250269,0.008356316065781253
2021-07-30_02h22m33s_C9H11NO3_-H_+HCl_150,2021-07-30_02h22m33s,Tyrosine,C9H11NO3,-H,+HCl,150,1.5120292254680088,1.6682383839675632,0.2598870056497175,0.2598870056497175,0.1603960396039604,0.15735064310614255,0.1618796179811117,0.1618796179811117,1.5110779163931818,189,19.204607009887695,7.650299072265625,3399.215576171875,35.14902877807617,10.615653038024902,11.510908126831055,11.55430793762207,1.661972758628166,1.8089135004321923,8.397249075642321e-06,2.9704469852731563e-06,0.0014863130636513233,1.5177040040725842e-05,4.898451607004972e-06,5.405655429058243e-06,5.426802090369165e-06,0.00835192483250269,0.008356316065781253
2021-07-30_02h22m33s_C9H11NO3_-H_-CH2O2_150,2021-07-30_02h22m33s,Tyrosine,C9H11NO3,-H,-CH2O2,150,5.037692396111852,12.380728108303456,0.3728813559322034,0.22033898305084745,0.06266548003114918,0.05872100012020676,0.06401828587628683,0.06401828587628683,5.070360958090803,135,42.48516845703125,39.08220672607422,7519.875,84.30535125732422,3.7725162506103516,3.430556535720825,3.402961015701294,12.48109724555066,11.258774478620422,1.965565752470866e-05,1.7944084902410395e-05,0.0034790514037013054,3.6092485970584676e-05,1.8012043483395246e-06,1.7238348846149165e-06,1.7115731907324516e-06,0.01962207291076799,0.019620317323829177
2021-07-30_02h22m33s_C9H11NO3_+Cl_+C12H14N2_150,2021-07-30_02h22m33s,Tyrosine,C9H11NO3,+Cl,+C12H14N2,150,1.0750692823927046,1.133926803916191,0.5028248587570622,0.5028248587570622,0.46669262431861164,0.4817285731458108,0.45771391108669846,0.45771391108669846,1.0748306498472566,189,44.90940475463867,5.240501403808594,7948.96484375,48.291500091552734,43.254459381103516,39.60420608520508,39.66890335083008,1.1320774935464764,1.038236684968781,1.976980456674937e-05,1.5688347048126161e-06,0.0034992555156350136,2.1827912860317156e-05,1.9530261852196418e-05,1.8144597561331466e-05,1.8200969861936755e-05,0.019416407125825135,0.019391091472687885
2021-07-30_02h22m33s_C9H11NO3_+Cl_-NH3_150,2021-07-30_02h22m33s,Tyrosine,C9H11NO3,+Cl,-NH3,150,0.3891442295234544,1.0516110003885366,0.005649717514124294,0.005649717514124294,0.00980086772722216,0.018782305565572786,0.004518312454595389,0.004518312454595389,0.3899569867559171,167,0.26473912596702576,0.015268117189407349,46.85882568359375,3.5121614933013916,1.69733464717865,0.2507462501525879,0.2494710087776184,1.0569651444254586,0.15588160225478667,1.2442596641903947e-07,5.640117706207093e-09,2.2023396013537422e-05,1.6506969586771447e-06,7.802856885064102e-07,1.1944240441152942e-07,1.1878584871283238e-07,0.00012441118813046802,0.00012432895431532026
2021-07-30_02h22m33s_C9H11NO3_-H_-H2_150,2021-07-30_02h22m33s,Tyrosine,C9H11NO3,-H,-H2,150,1.1115276689938416,1.1540263853369381,0.672316384180791,0.672316384180791,0.5852375125152964,0.5684577473253997,0.5948579832379467,0.5948579832379467,1.1146084495250181,189,70.2984390258789,9.626361846923828,12442.8232421875,60.16896057128906,56.39061737060547,60.914798736572266,60.67207717895508,1.15864304720418,1.2466115054632654,3.309478415758349e-05,2.821747330017388e-06,0.00585777685046196,2.901928201026749e-05,2.7960197257925756e-05,3.035947884200141e-05,3.0273036827566102e-05,0.03212234327658375,0.03219461633423504
2021-07-30_02h22m33s_C9H11NO3_-H__150,2021-07-30_02h22m33s,Tyrosine,C9H11NO3,-H,,150,3.481283111464905,78.40530153703797,0.9887005649717514,0.7966101694915254,0.27722772277227725,0.27890972472652964,0.2740046423445612,0.2740046423445612,3.543133131251182,4,3301.560302734375,3260.5185546875,584376.1875,5583.76904296875,42.781002044677734,42.10789108276367,41.041629791259766,80.44222116189687,77.17171111549473,0.0014778085751459002,0.0014574440428987145,0.26157212257385254,0.0022394703701138496,2.149928877770435e-05,2.0865240003331564e-05,2.0364561351016164e-05,1.4483142899330061,1.446705437175783
2021-07-30_02h22m33s_C9H11NO3_-H_-CO2_150,2021-07-30_02h22m33s,Tyrosine,C9H11NO3,-H,-CO2,150,2.2445078891000256,3.1944088528308097,0.22598870056497175,0.22598870056497175,0.09141172544220715,0.09192811636013944,0.0906851887945851,0.0906851887945851,2.2509502810850393,189,19.18311882019043,13.200645446777344,3395.411865234375,41.249839782714844,6.048259258270264,6.004217147827148,5.982472896575928,3.2060175005000966,3.1711517065439323,8.824716132949106e-06,5.927173788222717e-06,0.0015619747573509812,1.8331858882447705e-05,2.9299972084118053e-06,2.9057919164188206e-06,2.8975423447263893e-06,0.008799220020339608,0.00879893527715006
2021-07-30_02h22m33s_C9H11NO3_+Cl_-H2_150,2021-07-30_02h22m33s,Tyrosine,C9H11NO3,+Cl,-H2,150,1.776860125354952,2.5861877303716034,0.06779661016949153,0.06779661016949153,0.030815441094671266,0.03513042432984734,0.028155288197459112,0.028155288197459112,1.783251578692841,185,4.609106063842773,2.834412097930908,815.811767578125,17.34560775756836,2.2675461769104004,1.781200885772705,1.7746939659118652,2.5956646541150334,2.0317444320750173,2.142805442417739e-06,1.3259146953714662e-06,0.0003792765492107719,8.07049400464166e-06,1.0195150252911844e-06,8.186353284145298e-07,8.168907470462727e-07,0.0021410564332285304,0.002140623045059816
2021-07-30_02h22m33s_C9H11NO3_-H_-H2O_150,2021-07-30_02h22m33s,Tyrosine,C9H11NO3,-H,-H2O,150,1.5663825291484912,1.9594148720400542,0.3163841807909605,0.3163841807909605,0.1838469240182445,0.16934126697920424,0.19198398213937665,0.19198398213937665,1.5821580767381782,189,25.97239112854004,12.910331726074219,4597.11328125,42.99184036254883,13.313947677612305,13.25417709350586,13.06205940246582,1.9882318780267827,1.9506190904685194,1.2529892956081312e-05,6.039315394446021e-06,0.0022177910432219505,2.1408177417470142e-05,6.479097919509513e-06,6.578692136827158e-06,6.490577561635291e-06,0.012449091164307506,0.012449233155444384
2021-07-30_02h22m33s_C9H11NO3_+Cl_-CO2_150,2021-07-30_02h22m33s,Tyrosine,C9H11NO3,+Cl,-CO2,150,0.9371340941522787,1.2250855183988167,0.1016949152542373,0.1016949152542373,0.10145733674491045,0.10644308210121409,0.09851693038255045,0.09851693038255045,0.9427981269663934,189,8.51427936553955,1.61920166015625,1507.0274658203125,27.688901901245117,7.64195442199707,6.948946952819824,6.895077705383301,1.2346553692243099,1.1140036817483476,4.128973159822635e-06,8.480053566017887e-07,0.0007308282656595111,1.3982727978145704e-05,3.598147714001243e-06,3.3050725960492855e-06,3.2809678032208467e-06,0.004115470433834118,0.004114169769272315
2021-07-30_02h22m33s_C9H11NO3_+Cl_-CH2O3_150,2021-07-30_02h22m33s,Tyrosine,C9H11NO3,+Cl,-CH2O3,150,0.574099159289904,0.6465294706573522,0.062146892655367235,0.062146892655367235,0.10161308265658027,0.10752494290179108,0.09825114729698602,0.09825114729698602,0.5749920965121649,189,6.967895984649658,-3.7780861854553223,1233.317626953125,28.720008850097656,11.348649978637695,10.776383399963379,10.74598217010498,0.6483583832522162,0.613930473429985,3.1638171549275285e-06,-2.036834075624938e-06,0.000559995649382472,1.369883193547139e-05,5.386484644986922e-06,5.207604317547521e-06,5.200651230552467e-06,0.0031474483736699016,0.0031468666062730165
2021-07-30_02h22m33s_C9H11NO3_+Cl_+H2_150,2021-07-30_02h22m33s,Tyrosine,C9H11NO3,+Cl,+H2,150,0.9317338330914757,1.003198904095854,0.14124293785310735,0.14124293785310735,0.13978195572366225,0.13670513282846497,0.14159150911635984,0.14159150911635984,0.9388786661689339,189,10.407776832580566,0.11590766906738281,1842.176513671875,26.718198776245117,9.885540962219238,10.373589515686035,10.291869163513184,1.0111638132421537,1.05272176308713,5.172900728211971e-06,2.1859523258171976e-07,0.0009156034211628139,1.3722436051466502e-05,4.734847152576549e-06,4.99143015986192e-06,4.954305495630251e-06,0.005147398941348646,0.005148523257526099
2021-07-30_02h22m33s_C9H11NO3_[M]-_+H2_150,2021-07-30_02h22m33s,Tyrosine,C9H11NO3,[M]-,+H2,150,0.5999789093148039,0.7690245646259987,0.10734463276836158,0.10734463276836158,0.1692846812771165,0.1702428176463517,0.16891401031238373,0.16891401031238373,0.5937786754317397,189,20.919641494750977,-6.479907989501953,3702.776611328125,62.31324005126953,28.488140106201172,27.201826095581055,27.39954948425293,0.7634752546394544,0.7343023136804835,8.89040620677406e-06,-4.752337190438993e-06,0.0015736018540337682,2.690249493753072e-05,1.385572522849543e-05,1.3520633729058318e-05,1.3642743397213053e-05,0.008770749127032624,0.008768906645736409
2021-07-30_02h22m33s_C9H11NO3_[M]-_-H2_150,2021-07-30_02h22m33s,Tyrosine,C9H11NO3,[M]-,-H2,150,1.3036905112423876,1.3278220271659613,0.3559322033898305,0.3559322033898305,0.26193124930470574,0.25958648876066837,0.26301894147456456,0.26301894147456456,1.3110414262137842,189,26.77846336364746,6.712574005126953,4739.7880859375,39.16148376464844,19.96963119506836,20.166208267211914,20.065889358520508,1.3344601091487647,1.340892188237909,1.2879696441814303e-05,3.242790626245551e-06,0.002279706299304962,1.957881249836646e-05,9.637105904403143e-06,9.678889000497293e-06,9.636905815568753e-06,0.01275676074005069,0.012756758211929078
2021-07-30_02h22m33s_C9H11NO3_[M]-_-CH2O3_150,2021-07-30_02h22m33s,Tyrosine,C9H11NO3,[M]-,-CH2O3,150,0.5541705465085646,26.21076930730917,0.005649717514124294,0.005649717514124294,0.00021136945155189677,0.0002103618223344152,0.00019490759608058544,0.00019490759608058544,0.5539007809563206,7,0.3221225142478943,0.3105452060699463,57.01568603515625,4.273437976837158,0.01160702295601368,0.011289700865745544,0.01157730259001255,25.61141484372706,25.551037336236348,2.0583722459832643e-07,2.0069032302671985e-07,3.643318996182643e-05,2.7307396521791816e-06,4.382142648751142e-09,5.0190376299497075e-09,5.146896242536059e-09,0.00020583616518094128,0.00020583632259419852
2021-07-30_02h22m33s_C9H11NO3_[M]-_-H2O_150,2021-07-30_02h22m33s,Tyrosine,C9H11NO3,[M]-,-H2O,150,1.0836471360486821,1.155340567719577,0.07909604519774012,0.07909604519774012,0.07025253087106463,0.08252193773290059,0.06299059127877102,0.06299059127877102,1.0789968266158434,189,9.202836036682129,1.2347455024719238,1628.9019775390625,37.10251235961914,8.985651969909668,7.964474678039551,7.968090534210205,1.1548163491399206,1.0240561298575175,4.3703530536731705e-06,3.991608537035063e-07,0.0007735524559393525,1.6831412722240202e-05,4.3599629862001166e-06,3.96460336560267e-06,3.971192199969664e-06,0.004353066191168849,0.004351381192734003
2021-07-30_02h22m33s_C9H11NO3_+Cl_-CH2O2_150,2021-07-30_02h22m33s,Tyrosine,C9H11NO3,+Cl,-CH2O2,150,0.6148432677769786,0.851432846521357,0.022598870056497175,0.022598870056497175,0.026254310824340862,0.025423728813559324,0.02675549728015309,0.02675549728015309,0.6174343155654787,188,1.4126288890838623,-0.23710966110229492,250.03530883789062,9.449613571166992,1.598585844039917,1.658119559288025,1.6497385501861572,0.8557556791319603,0.8831216494865473,7.309769216590212e-07,-7.979610927577596e-08,0.00012938291183672845,4.856629857385997e-06,7.67775816257199e-07,8.138617886288557e-07,8.107730309347971e-07,0.0007303847454052404,0.0007304161258218109
2021-07-30_02h22m33s_C9H11NO3_-H_-CH2O3_150,2021-07-30_02h22m33s,Tyrosine,C9H11NO3,-H,-CH2O3,150,0.5215386874472623,6.38392286946108,0.005649717514124294,0.005649717514124294,0.0013905884970519524,0.002313980045678567,0.0008327870014352287,0.0008327870014352287,0.5231466364765383,38,0.3061482310295105,0.26099663972854614,54.188236236572266,4.0615153312683105,0.18626344203948975,0.046956129372119904,0.045151595026254654,6.633535219212885,1.6348531656539271,1.6274049130515778e-07,1.4132101000541297e-07,2.8805066904169507e-05,2.1589962670987006e-06,9.080432050723175e-08,2.225593931370895e-08,2.1419481299744803e-08,0.00016273700556291033,0.00016272571510716843
2021-07-30_02h22m33s_C9H11NO3_[M]-_+C12H14N2_150,2021-07-30_02h22m33s,Tyrosine,C9H11NO3,[M]-,+C12H14N2,150,0.9150822162249715,0.938789262859608,0.6949152542372882,0.6949152542372882,0.7483257314495495,0.7467844692871739,0.74940198805748,0.74940198805748,0.9132758947938192,189,428.23309326171875,-29.154815673828125,75797.2578125,341.8216247558594,459.6322937011719,456.1536560058594,457.3879089355469,0.9362559626955523,0.9316842342150528,0.000192033447092399,-2.3742904886603355e-05,0.03398992121219635,0.00014199342695064843,0.00021439517149701715,0.00021486829791683704,0.00021577635197900236,0.15795129324551593,0.15813093760548658
2021-07-30_02h22m33s_C9H11NO3_[M]-_-CO2_150,2021-07-30_02h22m33s,Tyrosine,C9H11NO3,[M]-,-CO2,150,0.0,0.0,0.0,0.0,0.0011013460896651462,0.001322274311816324,0.0009745379804029272,0.0009745379804029272,0.0,37,0.0,-0.05625054985284805,0.0,0.0,0.07718982547521591,0.054853182286024094,0.05625054985284805,0.0,0.0,0.0,-2.6237009009832946e-08,0.0,0.0,3.535335579840648e-08,2.5585233487390724e-08,2.6237009009832946e-08,0.0,0.0
2021-07-30_02h22m33s_C11H12N2O2_[M]-_+C12H14N2_156,2021-07-30_02h22m33s,Tryptophan,C11H12N2O2,[M]-,+C12H14N2,156,1.0707314125545946,3.190618272850034,0.01694915254237288,0.01694915254237288,0.0066525753698965405,0.007993749248707778,0.005829509010046601,0.005829509010046601,1.0668816970862345,120,1.0158191919326782,0.6952304840087891,179.8000030517578,7.966752529144287,0.8431001305580139,0.31737691164016724,0.3205886781215668,3.1587529693712626,1.203434468445284,5.328931251824542e-07,3.8071203789513675e-07,9.432208025828004e-05,4.1419216358917765e-06,3.768977023810294e-07,1.5055643132200203e-07,1.521810872873175e-07,0.0005328120412666945,0.0005326923546579077
2021-07-30_02h22m33s_C11H12N2O2_-H_-CO2_156,2021-07-30_02h22m33s,Tryptophan,C11H12N2O2,-H,-CO2,156,16.925032617592773,389.4429620035629,0.1977401129943503,0.1977401129943503,0.0023139392590944487,0.0023440317345834838,0.0016832928752414196,0.0016832928752414196,17.264619002552408,59,38.88335418701172,38.799991607666016,6882.353515625,95.76502227783203,0.14430703222751617,0.098843514919281,0.08336183428764343,460.911673096551,267.5944418583242,1.9421599063207395e-05,1.938141394930426e-05,0.0034376229159533978,5.014209818909876e-05,6.546378017446841e-08,4.8141266972834273e-08,4.018588839471704e-08,0.019420818620357782,0.019420327735141626
2021-07-30_02h22m33s_C11H12N2O2_-H__156,2021-07-30_02h22m33s,Tryptophan,C11H12N2O2,-H,,156,2.3458042483687724,62.17381041071402,0.1977401129943503,0.192090395480226,0.07896317721659807,0.08624834715711023,0.07429523185144497,0.07429523185144497,2.4863196918739523,23,252.2821807861328,248.86788940429688,44653.9453125,985.1281127929688,4.573582649230957,4.056692123413086,3.414285182952881,73.86855482680593,55.14867696806057,0.00012941600289195776,0.00012772635091096163,0.022906631231307983,0.0005568125052377582,2.224350282631349e-06,2.0096053958695848e-06,1.6896506167540792e-06,0.12919770391185986,0.129128775264203
2021-07-30_02h22m33s_C11H12N2O2_[M]-_+HCl_156,2021-07-30_02h22m33s,Tryptophan,C11H12N2O2,[M]-,+HCl,156,0.5156139802951718,0.5908727846709508,0.03389830508474576,0.005649717514124294,0.06564690176882856,0.08261209279961534,0.05574357247904743,0.05574357247904743,0.5137860637397166,159,1.8854104280471802,-1.3243464231491089,333.7176513671875,10.218295097351074,8.534490585327148,3.1898906230926514,3.209756851196289,0.5872168200294268,0.22089069271405168,8.824613360047806e-07,-6.402424332918599e-07,0.00015619565965607762,4.82877612739685e-06,3.7972533846186707e-06,1.512424660177203e-06,1.5227037692966405e-06,0.0008811196517897989,0.0008791230829027318
2021-07-30_02h22m33s_C11H12N2O2_[M]-_-NH3_156,2021-07-30_02h22m33s,Tryptophan,C11H12N2O2,[M]-,-NH3,156,1.208349846256042,2.403102356565819,0.1638418079096045,0.1638418079096045,0.17411280453888087,0.25646111311455705,0.12559136736538087,0.12559136736538087,1.2098979133475503,189,19.92347526550293,11.64076042175293,3526.455078125,51.84233093261719,31.678258895874023,8.2897310256958,8.28271484375,2.4051377481366396,0.6289122902460893,1.0218436727882363e-05,6.149255568743683e-06,0.0018086632480844855,2.7462841899250634e-05,1.4799761629546992e-05,4.068199359608116e-06,4.0691811591386795e-06,0.010177024571240978,0.01006941183300416
2021-07-30_02h22m33s_C11H12N2O2_-H_+C12H14N2_156,2021-07-30_02h22m33s,Tryptophan,C11H12N2O2,-H,+C12H14N2,156,5.4802628073298525,14.441886122822318,0.13559322033898305,0.13559322033898305,0.01631994660140171,0.018361581920903956,0.014742101812640643,0.014742101812640643,5.498048362647434,176,12.122190475463867,11.287205696105957,2145.627685546875,49.40489959716797,1.273695468902588,0.8383772373199463,0.834985077381134,14.500486675478346,9.509871786004007,5.526855602511205e-06,5.1376841838646214e-06,0.0009782534325495362,1.9049291950068437e-05,6.123264029156417e-07,3.902654555076879e-07,3.891712196946173e-07,0.0055247055461153695,0.00552347343389183
2021-07-30_02h22m33s_C11H12N2O2_+Cl_+HCl_156,2021-07-30_02h22m33s,Tryptophan,C11H12N2O2,+Cl,+HCl,156,1.5593821578520144,3.8390865017372007,0.02824858757062147,0.02824858757062147,0.016965179664033818,0.031914893617021274,0.008115243545900739,0.008115243545900739,1.5604197710628318,185,1.855278730392456,1.3742815256118774,328.38433837890625,11.573121070861816,2.0855202674865723,0.48226046562194824,0.4809972047805786,3.849148318685876,0.8891735964910275,7.683509011258138e-07,5.500650104295346e-07,0.00013599811063613743,4.703325885202503e-06,8.815200089884456e-07,2.1915433023877995e-07,2.182858622745698e-07,0.0007681832175897773,0.0007676741809749006
2021-07-30_02h22m33s_C11H12N2O2_+Cl_-NH3_156,2021-07-30_02h22m33s,Tryptophan,C11H12N2O2,+Cl,-NH3,156,0.6118572839659826,1.1387834700911805,0.01694915254237288,0.01694915254237288,0.02698854155078429,0.04279360500060103,0.01770115349859135,0.01770115349859135,0.608374433241296,184,1.2210036516189575,0.14001071453094482,216.11764526367188,9.420050621032715,3.2849409580230713,1.0712000131607056,1.0809929370880127,1.1284765452398118,0.37158417245377195,5.014888415644236e-07,1.5762111615913454e-08,8.876352512743324e-05,3.9187975744425785e-06,1.5088138525243266e-06,4.824241841561161e-07,4.857267299485102e-07,0.0005012453732883544,0.0005007333281824414
2021-07-30_02h22m33s_C11H12N2O2_[M]-_-H2O_156,2021-07-30_02h22m33s,Tryptophan,C11H12N2O2,[M]-,-H2O,156,1.6044672744767117,3.4436826535472274,0.03389830508474576,0.03389830508474576,0.016286572477472467,0.02494290179108066,0.011127451848964331,0.011127451848964331,1.6037155852367257,185,2.285499095916748,1.621506929397583,404.5333251953125,12.553021430969238,1.8027807474136353,0.6626787781715393,0.6639922261238098,3.436880923012818,1.2670603670617,1.0498425808691536e-06,7.150071041905903e-07,0.00018582213670015335,5.885313839826267e-06,9.031837180373259e-07,3.3359927442688786e-07,3.348354766785633e-07,0.0010494911739916402,0.001048895235770279
2021-07-30_02h22m33s_C11H12N2O2_+Cl_+C12H14N2_156,2021-07-30_02h22m33s,Tryptophan,C11H12N2O2,+Cl,+C12H14N2,156,1.2571840714293039,1.619892413739131,0.1751412429378531,0.1751412429378531,0.1563243964845923,0.20203750450775335,0.12931233056328295,0.12931233056328295,1.2598706133909396,189,14.176138877868652,5.444934844970703,2509.176513671875,32.22800064086914,15.559882164001465,8.750284194946289,8.73120403289795,1.6234319336173402,0.9110112607024121,6.7169089561502915e-06,2.612689968373161e-06,0.0011888928711414337,1.5681091099395417e-05,7.110097158147255e-06,4.112300302949734e-06,4.104218987777131e-06,0.006689453972139973,0.006669488246720984
2021-07-30_02h22m33s_C11H12N2O2_-H_-H2O_156,2021-07-30_02h22m33s,Tryptophan,C11H12N2O2,-H,-H2O,156,1.7372074061174538,2.206297691823996,0.24293785310734464,0.24293785310734464,0.13441984647902994,0.14160355811996633,0.12984389673441182,0.12984389673441182,1.7371189538062524,189,19.082242965698242,10.432751655578613,3377.556884765625,35.826045989990234,10.427168846130371,8.647988319396973,8.649491310119629,2.2059143557979426,1.8298747601098901,9.739973393152468e-06,5.448222509585321e-06,0.0017239752924069762,1.859865733422339e-05,5.089168553240597e-06,4.2912120079563465e-06,4.291750883567147e-06,0.009698350488872704,0.009690656011319389
2021-07-30_02h22m33s_C11H12N2O2_+Cl_-H2_156,2021-07-30_02h22m33s,Tryptophan,C11H12N2O2,+Cl,-H2,156,2.317395402477365,3.0523818515450865,0.14689265536723164,0.14689265536723164,0.0759261319390366,0.1137756941940137,0.05338696245370945,0.05338696245370945,2.3270123622531744,189,10.167586326599121,6.8537492752075195,1799.662841796875,25.282468795776367,7.983157157897949,3.330033540725708,3.3138372898101807,3.067295748679524,1.2734702142656746,4.478809842112241e-06,2.986431582030491e-06,0.0007927493425086141,1.1230850759602617e-05,3.4916354252345627e-06,1.4991856005508453e-06,1.4923782600817503e-06,0.004472135723981636,0.004463225884503087
2021-07-30_02h22m33s_C11H12N2O2_-H_-H2_156,2021-07-30_02h22m33s,Tryptophan,C11H12N2O2,-H,-H2,156,3.4787286649908435,6.772980268055467,0.192090395480226,0.192090395480226,0.045945043942596506,0.04639980766919101,0.04521856229069582,0.04521856229069582,3.4957860624360664,189,19.492523193359375,16.632583618164062,3450.176513671875,43.75514221191406,3.21990966796875,2.876983165740967,2.8599393367767334,6.813329783958493,6.05186894472959,9.59827139013214e-06,8.206871825677808e-06,0.0016988939605653286,2.171745290979743e-05,1.528561028862896e-06,1.3992877256896463e-06,1.3913992233938188e-06,0.009584934919129384,0.009583622238662777
2021-07-30_02h22m33s_C11H12N2O2_-H_+H2_156,2021-07-30_02h22m33s,Tryptophan,C11H12N2O2,-H,+H2,156,1.5426074691016232,2.2084283165748677,0.06779661016949153,0.06779661016949153,0.032740015574591164,0.030502464238490203,0.03394935946276379,0.03394935946276379,1.546169480288727,187,4.6705217361450195,2.561768054962158,826.682373046875,17.803709030151367,1.9188224077224731,2.1138622760772705,2.1087536811828613,2.2137758439774022,2.4327884273867606,2.522988097553025e-06,1.471064933866728e-06,0.0004465688834898174,1.0333768841519486e-05,9.219842809216061e-07,1.0527683116379194e-06,1.051923163686297e-06,0.002520336896790997,0.0025206640848892733
2021-07-30_02h22m33s_C11H12N2O2_[M]-_-H2_156,2021-07-30_02h22m33s,Tryptophan,C11H12N2O2,[M]-,-H2,156,1.496443054265808,3.22668512385156,0.02824858757062147,0.02824858757062147,0.016286572477472467,0.028789517970909964,0.008877155057852118,0.008877155057852118,1.5030957655520165,187,1.7308076620101929,1.1997179985046387,306.35296630859375,10.274433135986328,1.8278330564498901,0.5354042649269104,0.5310896635055542,3.2528496242666174,0.9464000313784885,7.142645586100116e-07,4.522015899510734e-07,0.0001264248276129365,4.25782855018042e-06,8.34154548101651e-07,2.6358739546594734e-07,2.620629686589382e-07,0.0007140774253600694,0.000713669248160818
2021-07-30_02h22m33s_C11H12N2O2_[M]-__156,2021-07-30_02h22m33s,Tryptophan,C11H12N2O2,[M]-,,156,1.1243354720051935,2.454184360736296,0.022598870056497175,0.022598870056497175,0.009278006452330626,0.007813439115278278,0.010099757251448517,0.010099757251448517,1.128303526768509,142,1.4657361507415771,0.8729246854782104,259.435302734375,9.83724594116211,0.45979544520378113,0.5962396264076233,0.5928114652633667,2.4683527289111793,3.1808824631358354,6.15891849520267e-07,3.1453413384952e-07,0.00010901285713771358,4.1466519178356975e-06,2.2268899613209214e-07,3.0314325272229325e-07,3.01357715670747e-07,0.00061570630167567,0.0006157547277180879
2021-07-30_02h22m33s_C11H12N2O2_+Cl_-CH2O2_156,2021-07-30_02h22m33s,Tryptophan,C11H12N2O2,+Cl,-CH2O2,156,1.2974531645210563,1.5595783015025553,0.22033898305084745,0.22033898305084745,0.1670263655579041,0.1789578074287775,0.15982422878608005,0.15982422878608005,1.302011683749747,189,25.285255432128906,9.167642593383789,4475.490234375,51.06576919555664,19.805011749267578,16.21187973022461,16.117612838745117,1.568699222761246,1.2766454828072062,1.2051337762386538e-05,4.1046359910978936e-06,0.0021330867893993855,2.5626512069720775e-05,9.474892976868432e-06,7.986433956830297e-06,7.946701771288645e-06,0.011956324417956262,0.011938224364201881
2021-07-30_02h22m33s_C11H12N2O2_[M]-_-CO2_156,2021-07-30_02h22m33s,Tryptophan,C11H12N2O2,[M]-,-CO2,156,0.0,0.0,0.0,0.0,0.0003559906552452998,0.0003606202668589975,0.00035437744741924625,0.00035437744741924625,0.0,12,0.0,-0.01977698877453804,0.0,0.0,0.019482450559735298,0.02037239633500576,0.01977698877453804,0.0,0.0,0.0,-9.422405966574843e-09,0.0,0.0,8.61534310558909e-09,9.61558477285962e-09,9.422405966574843e-09,0.0,0.0
2021-07-30_02h22m33s_C11H12N2O2_+Cl_-CO2_156,2021-07-30_02h22m33s,Tryptophan,C11H12N2O2,+Cl,-CO2,156,3.184338361270655,5.031038698255754,0.1016949152542373,0.005649717514124294,0.044932695516742685,0.0836338502223825,0.021935963995251342,0.021935963995251342,3.175946513613947,10,11.726598739624023,9.390408515930176,2075.60791015625,38.007568359375,10.03622055053711,2.329850435256958,2.3361902236938477,5.017391661467137,1.1683113547800354,5.175133082957473e-06,4.017077571916161e-06,0.0009159985929727554,1.635594162507914e-05,4.363859261502512e-06,1.1550989711395232e-06,1.1580555110413115e-06,0.005169146923874897,0.005152647653772299
2021-07-30_02h22m33s_C11H12N2O2_[M]-_+H2_156,2021-07-30_02h22m33s,Tryptophan,C11H12N2O2,[M]-,+H2,156,0.4799330303063546,2.9546271946502203,0.005649717514124294,0.005649717514124294,0.0016909556124151742,0.0015326361341507393,0.001771887237096231,0.001771887237096231,0.47958120292628187,46,0.2995457947254181,0.19876490533351898,53.01960754394531,3.9739251136779785,0.08470097929239273,0.10038192570209503,0.10078088939189911,2.9430455610585318,3.495243545624307,1.1452274151224628e-07,6.749721137566667e-08,2.0270525055821054e-05,1.519316015219374e-06,4.075505799505663e-08,4.686614829552127e-08,4.702552658386594e-08,0.00011451735627326454,0.00011451807432148583
2021-07-30_02h22m33s_C11H12N2O2_-H_-NH3_156,2021-07-30_02h22m33s,Tryptophan,C11H12N2O2,-H,-NH3,156,1.332857039672045,5.485475227273009,0.8870056497175142,0.8813559322033898,0.6571809989987762,0.6588231758624835,0.6554919644913798,0.6554919644913798,1.334798552044598,189,318.908203125,261.002197265625,56446.75,484.7951965332031,60.55178451538086,58.135841369628906,57.90601348876953,5.507246599530625,5.266614998423317,0.00015611624985467643,0.0001273536472581327,0.02763257548213005,0.00019832437101285905,2.9800021366099827e-05,2.8854898118879646e-05,2.8762604415533133e-05,0.15175148200820357,0.15159860809439252
2021-07-30_02h22m33s_C5H4N4O3_[M]-_-CO2_69,2021-07-30_02h22m33s,Uric acid,C5H4N4O3,[M]-,-CO2,69,0.8467672910026489,0.7117493760288426,0.7796610169491526,0.7627118644067796,0.8960952275002781,0.8718595985094363,0.9107500398674628,0.9107500398674628,0.847396056526729,189,157.38780212402344,-63.69404602050781,27857.640625,118.96676635742188,174.0214385986328,221.1271209716797,221.08184814453125,0.7118951263968354,0.9044109678696338,7.767392526147887e-05,-3.232194285374135e-05,0.013748284429311752,6.641625077463686e-05,8.639993757242337e-05,0.00010984657274093479,0.00010999586811522022,0.0699767697274132,0.07149662161712049
2021-07-30_02h22m33s_C5H4N4O3_-H_+C12H14N2_69,2021-07-30_02h22m33s,Uric acid,C5H4N4O3,-H,+C12H14N2,69,1.3136468814550133,3.035030397401689,0.8305084745762712,0.8305084745762712,0.5816219824229614,0.5114496934727731,0.6222159221787126,0.6222159221787126,1.3124112319812915,189,287.6330871582031,192.61126708984375,50911.0546875,229.892822265625,69.35527801513672,94.77007293701172,95.02181243896484,3.026989833025158,4.147181702793053,0.00013042736100032926,8.231184619944543e-05,0.023085642606019974,0.00010564726835582405,3.403450682526454e-05,4.790034290635958e-05,4.811551116290502e-05,0.1244398729063913,0.12613443762217638
2021-07-30_02h22m33s_C5H4N4O3_+Cl_+C12H14N2_69,2021-07-30_02h22m33s,Uric acid,C5H4N4O3,+Cl,+C12H14N2,69,1.6010410901234158,2.088118707343572,0.3446327683615819,0.3446327683615819,0.2280565135165202,0.26610770525303523,0.20525541754522741,0.20525541754522741,1.6066978049613168,189,30.814558029174805,16.112442016601562,5454.1767578125,46.53068161010742,21.135480880737305,14.756091117858887,14.702115058898926,2.0957843222837718,1.457884981092458,1.3269928786030505e-05,6.49587627776782e-06,0.002348777372390032,2.060399674519431e-05,9.612782378098927e-06,6.790731731598498e-06,6.7740525082626846e-06,0.01318064242217009,0.013143582388857801
2021-07-30_02h22m33s_C5H4N4O3_[M]-_+HCl_69,2021-07-30_02h22m33s,Uric acid,C5H4N4O3,[M]-,+HCl,69,0.0,0.0,0.0,0.0,0.002625431082434086,0.0046880634691669676,0.001417509789676985,0.001417509789676985,0.0,66,0.0,-0.07685596495866776,0.0,0.0,0.39361122250556946,0.0780792161822319,0.07685596495866776,0.0,0.0,0.0,-3.4250540181801625e-08,0.0,0.0,1.750852334225783e-07,3.493710210022982e-08,3.4250540181801625e-08,0.0,0.0
2021-07-30_02h22m33s_C5H4N4O3_+Cl_+H2_69,2021-07-30_02h22m33s,Uric acid,C5H4N4O3,+Cl,+H2,69,1.5124503739922603,2.211766708202783,0.05084745762711865,0.05084745762711865,0.03428634998331294,0.05228993869455464,0.023619256870492763,0.023619256870492763,1.5143218560189426,189,3.1691150665283203,1.7387679815292358,560.933349609375,14.04200267791748,3.383824110031128,1.4318432807922363,1.4303470849990845,2.2140786813635405,0.9362717126530915,1.302338091591082e-06,6.394838010237436e-07,0.00023051383323036134,5.973430234007537e-06,1.4530431826642598e-06,6.621232273573696e-07,6.628542905673385e-07,0.0013014754030361117,0.0013004484837873089
2021-07-30_02h22m33s_C5H4N4O3_+Cl_-H2_69,2021-07-30_02h22m33s,Uric acid,C5H4N4O3,+Cl,-H2,69,1.4370909044981963,2.5433980073938454,0.02824858757062147,0.02824858757062147,0.01526309934364223,0.02470248827984133,0.00965678544217446,0.00965678544217446,1.4459435835110954,178,1.4905506372451782,0.9129194617271423,263.82745361328125,8.764162063598633,1.5392621755599976,0.5850469470024109,0.5776311755180359,2.5759943471948614,0.9677252748891626,6.993919896558509e-07,4.3462279109007795e-07,0.00012379238614812493,4.230702415952692e-06,6.877281180095451e-07,2.676669339507498e-07,2.6476919856577297e-07,0.0006992068612155752,0.0006989113286831201
2021-07-30_02h22m33s_C5H4N4O3_+Cl_+HCl_69,2021-07-30_02h22m33s,Uric acid,C5H4N4O3,+Cl,+HCl,69,0.39492810897684183,1.4900901934690696,0.005649717514124294,0.005649717514124294,0.006430081210368228,0.010037264094242096,0.004305685986143842,0.004305685986143842,0.3964567488242118,128,0.3736346364021301,0.12667296826839447,66.13333129882812,4.956823825836182,0.7377169132232666,0.24974632263183594,0.24696166813373566,1.5068241765522161,0.5057886582992103,1.1626951845755684e-07,8.958558339600131e-09,2.0579704141709954e-05,1.5424893717863597e-06,3.0506967618748604e-07,1.0810284578610663e-07,1.0731096011795671e-07,0.00011625704280267321,0.00011623405897082466
2021-07-30_02h22m33s_C5H4N4O3_+Cl_-NH3_69,2021-07-30_02h22m33s,Uric acid,C5H4N4O3,+Cl,-NH3,69,0.0,0.0,0.0,0.0,0.022994771387251086,0.024281764635172495,0.02230806031504155,0.02230806031504155,0.0,184,0.0,-1.3704074621200562,0.0,0.0,1.4805846214294434,1.36592698097229,1.3704074621200562,0.0,0.0,0.0,-6.487790642495384e-07,0.0,0.0,6.962407042010454e-07,6.45645286567742e-07,6.487790642495384e-07,0.0,0.0
2021-07-30_02h22m33s_C5H4N4O3_+Cl_-CH2O3_69,2021-07-30_02h22m33s,Uric acid,C5H4N4O3,+Cl,-CH2O3,69,0.6129609799295112,1.209628006106549,0.011299435028248588,0.011299435028248588,0.0102569807542552,0.013342949873782907,0.00843418324857806,0.00843418324857806,0.6125497254363688,146,0.6203389763832092,0.1083139181137085,109.80000305175781,5.80983304977417,1.0682293176651,0.5118345022201538,0.5120250582695007,1.2091787065444564,0.5801739310121586,2.897974979987339e-07,5.1338616913199075e-08,5.129415512783453e-05,2.742407787081902e-06,4.976276386514655e-07,2.3797619519427826e-07,2.384588810855348e-07,0.0002897284096863414,0.00028965335848192504
2021-07-30_02h22m33s_C5H4N4O3_-H_-NH3_69,2021-07-30_02h22m33s,Uric acid,C5H4N4O3,-H,-NH3,69,0.9108717468865073,0.9484740571479083,0.14689265536723164,0.14689265536723164,0.15416620313716764,0.15912369275153262,0.15126601343090526,0.15126601343090526,0.9150456760807144,189,9.961759567260742,-0.4805335998535156,1763.2314453125,24.64142417907715,11.073882102966309,10.501933097839355,10.442293167114258,0.9538906365886715,0.8994912518836272,4.572714715322945e-06,-6.115028554631863e-07,0.0008093705400824547,1.1757662832678761e-05,5.560134013649076e-06,5.20525964020635e-06,5.1842175707861315e-06,0.0045491310303038355,0.004547430392920566
2021-07-30_02h22m33s_C5H4N4O3_-H_+H2_69,2021-07-30_02h22m33s,Uric acid,C5H4N4O3,-H,+H2,69,1.1546797989603146,1.5346302503208538,0.3785310734463277,0.3785310734463277,0.3163978195572366,0.31364947710061303,0.317823413717951,0.317823413717951,1.159099450642613,189,45.613739013671875,16.05931854248047,8073.6318359375,64.65377044677734,28.6618595123291,29.72195053100586,29.554420471191406,1.54332905052503,1.5913882909711603,2.2507256289827637e-05,8.113695912470575e-06,0.003983784466981888,3.3182641345774755e-05,1.401264398737112e-05,1.4457685210800264e-05,1.4393560377357062e-05,0.02218789350501681,0.02219622844279637
2021-07-30_02h22m33s_C5H4N4O3_-H_+HCl_69,2021-07-30_02h22m33s,Uric acid,C5H4N4O3,-H,+HCl,69,4.306672438708116,19.20621048711801,0.05649717514124294,0.05649717514124294,0.005484481032372901,0.009225868493809353,0.003118521537289367,0.003118521537289367,4.3107363425486565,148,3.5081422328948975,3.3278422355651855,620.941162109375,14.738531112670898,0.5520271062850952,0.18165665864944458,0.18030011653900146,19.34991714216699,6.343526733184012,1.3793903690384468e-06,1.297619292017771e-06,0.00024415209190919995,5.903334113099845e-06,2.3290076001103444e-07,8.21183760990607e-08,8.177112675866738e-08,0.0013792775839562936,0.00137906918277767
2021-07-30_02h22m33s_C5H4N4O3_+Cl__69,2021-07-30_02h22m33s,Uric acid,C5H4N4O3,+Cl,,69,4.306672438708116,19.20621048711801,0.05649717514124294,0.05649717514124294,0.005484481032372901,0.009225868493809353,0.003118521537289367,0.003118521537289367,4.3107363425486565,148,3.5081422328948975,3.3278422355651855,620.941162109375,14.738531112670898,0.5520271062850952,0.18165665864944458,0.18030011653900146,19.34991714216699,6.343526733184012,1.3793903690384468e-06,1.297619292017771e-06,0.00024415209190919995,5.903334113099845e-06,2.3290076001103444e-07,8.21183760990607e-08,8.177112675866738e-08,0.0013792775839562936,0.00137906918277767
2021-07-30_02h22m33s_C5H4N4O3_[M]-_+C12H14N2_69,2021-07-30_02h22m33s,Uric acid,C5H4N4O3,[M]-,+C12H14N2,69,1.3250089229484523,1.7602396068462,0.5310734463276836,0.5310734463276836,0.37667148737345646,0.3518752253876668,0.39080744901394476,0.39080744901394476,1.3269773665123932,189,73.98117065429688,31.986766815185547,13094.6669921875,79.8336181640625,36.246185302734375,42.02803421020508,41.99440383911133,1.7616492256563667,2.041018358705937,3.426477996981703e-05,1.328527469013352e-05,0.006064866203814745,3.940390524803661e-05,1.7707168808556162e-05,2.0953659259248525e-05,2.0979505279683508e-05,0.03356069322902878,0.0336686043097557
2021-07-30_02h22m33s_C5H4N4O3_+Cl_-CH2O2_69,2021-07-30_02h22m33s,Uric acid,C5H4N4O3,+Cl,-CH2O2,69,0.2513880865556839,0.4755310704689043,0.005649717514124294,0.005649717514124294,0.012793414172877961,0.013373001562687822,0.012474086149157468,0.012474086149157468,0.25651391200769524,164,0.36849454045295715,-0.3743937313556671,65.2235336303711,4.888632297515869,0.8326595425605774,0.7739115953445435,0.7428882718086243,0.49536275058757423,0.44202041917630985,2.1507241854124004e-07,-1.1743216532522638e-07,3.80678175133653e-05,2.853257910828688e-06,3.6988254237257934e-07,3.440444800162368e-07,3.325045838664664e-07,0.00021500092974656375,0.00021499289642211937
2021-07-30_02h22m33s_C5H4N4O3_+Cl_-CO2_69,2021-07-30_02h22m33s,Uric acid,C5H4N4O3,+Cl,-CO2,69,0.2745491164268345,0.7540882325876557,0.005649717514124294,0.005649717514124294,0.01292691066859495,0.01694915254237288,0.0105781668054645,0.0105781668054645,0.27536320612965737,172,0.4801595211029053,-0.1526920199394226,84.98823547363281,6.3700361251831055,1.0441569089889526,0.6357418298721313,0.6328515410423279,0.7575267866562476,0.45941381334539944,1.3803796150568814e-07,-1.5278649811989453e-07,2.4432718419120647e-05,1.8312805423192913e-06,4.519399396940571e-07,2.912647971697879e-07,2.908244596255827e-07,0.00013799782836182531,0.00013797560481916692
2021-07-30_02h22m33s_C5H4N4O3_-H_-H2_69,2021-07-30_02h22m33s,Uric acid,C5H4N4O3,-H,-H2,69,74.86549008508918,9996.850080306953,0.8587570621468926,0.5423728813559322,0.0028479252419623983,0.0006310854670032456,0.001470666406789872,0.001470666406789872,82.57579435707179,3,1607.903076171875,1607.83349609375,284598.84375,3498.557373046875,0.6789360642433167,0.15984097123146057,0.06960520893335342,22773.150883097413,2364.7856919624774,0.0006217752816155553,0.0006217432674020529,0.11005422472953796,0.0012709514703601599,1.897740418144167e-07,7.532221957262664e-08,3.200602449737744e-08,0.6217553816975773,0.6216573071957453
2021-07-30_02h22m33s_C5H4N4O3_[M]-_-NH3_69,2021-07-30_02h22m33s,Uric acid,C5H4N4O3,[M]-,-NH3,69,0.9737390611484315,0.863516653918377,0.903954802259887,0.903954802259887,0.9196573589943264,0.9219858156028369,0.9183337172422347,0.9183337172422347,0.9728084041372524,189,155.82229614257812,-25.306793212890625,27580.546875,66.50994873046875,173.6660614013672,180.4498291015625,181.12908935546875,0.8602783595870482,0.8972472666100597,7.06385399098508e-05,-1.8101454770658165e-05,0.012503021396696568,3.5085711715510115e-05,8.314456499647349e-05,8.823491225484759e-05,8.873999468050897e-05,0.06488100028931122,0.06521616983793921
2021-07-30_02h22m33s_C5H4N4O3_[M]-_-CH2O2_69,2021-07-30_02h22m33s,Uric acid,C5H4N4O3,[M]-,-CH2O2,69,0.0,0.0,0.0,0.0,0.00502836800533986,0.006160596225507874,0.004376561475627691,0.004376561475627691,0.0,2,0.0,-18.456138610839844,0.0,0.0,167.13031005859375,18.034910202026367,18.456138610839844,0.0,0.0,0.0,-1.0249146725982428e-05,0.0,0.0,8.964379958342761e-05,1.0013003702624701e-05,1.0249146725982428e-05,0.0,0.0
2021-07-30_02h22m33s_C5H4N4O3_-H_-CH2O2_69,2021-07-30_02h22m33s,Uric acid,C5H4N4O3,-H,-CH2O2,69,0.8888428309574081,1.2370810753373018,0.03389830508474576,0.03389830508474576,0.02607631549671821,0.02253876667868734,0.028137569325088152,0.028137569325088152,0.8905519830521416,176,2.110468626022339,0.4090961217880249,373.5529479980469,11.482915878295898,1.6174647808074951,1.705006718635559,1.701372504234314,1.2397219884443427,1.3039941622760367,1.0619743306961027e-06,2.1850695475222892e-07,0.00018796946096699685,5.8309083215135615e-06,8.14955740224832e-07,8.437228302682342e-07,8.434673759438738e-07,0.001061079344885404,0.0010611095733582868
2021-07-30_02h22m33s_C5H4N4O3_-H_-CH2O3_69,2021-07-30_02h22m33s,Uric acid,C5H4N4O3,-H,-CH2O3,69,0.0,0.0,0.0,0.0,0.00022249415952831238,0.00024041351123933166,0.00021262646845154776,0.00021262646845154776,0.0,8,0.0,-0.012041449546813965,0.0,0.0,0.013423087075352669,0.011745944619178772,0.012041449546813965,0.0,0.0,0.0,-4.9387067768691395e-09,0.0,0.0,5.435702554734689e-09,4.8175077260737e-09,4.9387067768691395e-09,0.0,0.0
2021-07-30_02h22m33s_C5H4N4O3_-H__69,2021-07-30_02h22m33s,Uric acid,C5H4N4O3,-H,,69,1.2083621219572824,19.5972525314636,1.0,0.8813559322033898,0.7481143619979975,0.6289818487799014,0.8175664900685721,0.8175664900685721,1.209176138385346,59,39867.421875,37839.90234375,7056533.5,68645.5,1413.5804443359375,2034.3363037109375,2027.51904296875,19.663145631164777,28.203130449076205,0.01577376015484333,0.01471669040620327,2.7919554710388184,0.023222045972943306,0.0007382223266176879,0.0010582399554550648,0.0010570702143013477,7.66807085396482,9.074650528472173
2021-07-30_02h22m33s_C5H4N4O3_-H_-CO2_69,2021-07-30_02h22m33s,Uric acid,C5H4N4O3,-H,-CO2,69,0.937796266875456,0.7837597523775048,0.8248587570621468,0.8248587570621468,0.8622204917120926,0.8499519172977521,0.8695713804773464,0.8695713804773464,0.9393218427988964,189,418.0062561035156,-114.69375610351562,73987.109375,280.1194152832031,413.3519287109375,533.3336791992188,532.7000122070312,0.7846920627608266,1.0112575164450626,0.00020884702098555863,-5.941002746112645e-05,0.03696592152118683,0.0001575811329530552,0.00020737864542752504,0.0002681235782802105,0.0002682570484466851,0.1646724701757793,0.17297557959674467
2021-07-30_02h22m33s_C5H4N4O3_-H_-H2O_69,2021-07-30_02h22m33s,Uric acid,C5H4N4O3,-H,-H2O,69,0.8577218849288363,0.8484384530450995,0.6101694915254238,0.6101694915254238,0.6673823562131495,0.6100192330808991,0.7013838439321721,0.7013838439321721,0.8588970370246843,189,162.68833923339844,-28.64752197265625,28795.8359375,142.1298370361328,159.36253356933594,191.7493133544922,191.3358612060547,0.8502718096655507,1.020863026751449,8.090746268862858e-05,-1.3934746675658971e-05,0.014320621266961098,7.444837683578953e-05,7.881229976192117e-05,9.488448267802596e-05,9.484220936428756e-05,0.07389874266503384,0.07499679296063248
2021-07-30_02h22m33s_C5H4N4O3_[M]-_-H2_69,2021-07-30_02h22m33s,Uric acid,C5H4N4O3,[M]-,-H2,69,48.16308212639681,765.9001350843652,0.6045197740112994,0.288135593220339,0.004605629102236066,0.004898425291501383,0.002551517621418573,0.002551517621418573,47.918019061898946,3,5749.3603515625,5741.666015625,1017636.75,11885.947265625,92.00872802734375,7.50567102432251,7.694498538970947,747.1069382246043,62.486440019188905,0.0022367811761796474,0.0022324714809656143,0.39591026306152344,0.004263821989297867,4.840107067138888e-05,4.203893695375882e-06,4.309655196266249e-06,2.2271827863115847,2.133516684361289
2021-07-30_02h22m33s_C5H4N4O3_[M]-_-CH2O3_69,2021-07-30_02h22m33s,Uric acid,C5H4N4O3,[M]-,-CH2O3,69,0.0,0.0,0.0,0.0,8.899766381132495e-05,9.015506671474937e-05,8.859436185481156e-05,8.859436185481156e-05,0.0,3,0.0,-0.004019372630864382,0.0,0.0,0.004938729573041201,0.004967676941305399,0.004019372630864382,0.0,0.0,0.0,-1.6299871452574166e-09,0.0,0.0,2.15538431547202e-09,1.9744701429402767e-09,1.6299871452574166e-09,0.0,0.0
2021-07-30_02h22m33s_C9H13N3O5_-H_-H2O_60,2021-07-30_02h22m33s,Cytidine,C9H13N3O5,-H,-H2O,60,1.1727531379424618,1.2837907196683944,0.22598870056497175,0.07344632768361582,0.20314829235732562,0.23770885923788918,0.1826992930169924,0.1826992930169924,1.1761453997732636,187,15.1503267288208,3.3737621307373047,2681.60791015625,33.41340637207031,20.827037811279297,11.800243377685547,11.776564598083496,1.2863717793818035,0.7274005773417711,6.861505880806362e-06,1.199809503305005e-06,0.0012144865468144417,1.4987569556978997e-05,9.462778507440817e-06,5.669074198522139e-06,5.661696377501357e-06,0.006822876823808865,0.006797185618821492
2021-07-30_02h22m33s_C9H13N3O5_+Cl_-NH3_60,2021-07-30_02h22m33s,Cytidine,C9H13N3O5,+Cl,-NH3,60,0.3369222474768143,0.6234268448960956,0.005649717514124294,0.0,0.010546223161642007,0.016979204231277797,0.006768609245707603,0.006768609245707603,0.3342471242907495,4,0.7048853635787964,-0.44870662689208984,124.76470947265625,9.351361274719238,16.692285537719727,1.1296625137329102,1.1535919904708862,0.6105060223839918,0.04222568181596458,2.431047505524475e-07,-3.17524722959206e-07,4.302954039303586e-05,3.225148930141586e-06,7.798671504133381e-06,5.483523182192584e-07,5.606294735116535e-07,0.00024296853523046136,0.0002412235275023881
2021-07-30_02h22m33s_C9H13N3O5_-H_+C12H14N2_60,2021-07-30_02h22m33s,Cytidine,C9H13N3O5,-H,+C12H14N2,60,5.689315648182953,10.600480144172142,0.1751412429378531,0.1751412429378531,0.028045388808543775,0.039578074287774975,0.02078423729113879,0.02078423729113879,5.673154118110511,188,13.153428077697754,11.907835006713867,2328.15673828125,30.528705596923828,2.843993663787842,1.2398332357406616,1.2455930709838867,10.551501034187742,4.623359357568902,5.526782388187712e-06,4.941550741932588e-06,0.0009782405104488134,1.2910055374959484e-05,1.2926494719067705e-06,5.823313813380082e-07,5.852317599419621e-07,0.005523549831398755,0.005519647418866603
2021-07-30_02h22m33s_C9H13N3O5_+Cl_-CH2O2_60,2021-07-30_02h22m33s,Cytidine,C9H13N3O5,+Cl,-CH2O2,60,1.6775982317443106,2.0882980486959317,0.11864406779661017,0.11864406779661017,0.07043052619868728,0.08663901911287414,0.06072257561528784,0.06072257561528784,1.6905282599206393,189,7.902736186981201,4.153036117553711,1398.7843017578125,22.538990020751953,5.829418182373047,3.783295154571533,3.7497003078460693,2.1070028363635216,1.3554321387912345,3.6572669159795623e-06,1.9035554714719183e-06,0.0006473362445831299,1.1068800631619524e-05,2.6395580334792612e-06,1.7682565385257476e-06,1.753711444507644e-06,0.0036508643533806934,0.0036476387617826686
2021-07-30_02h22m33s_C9H13N3O5_-H_+H2_60,2021-07-30_02h22m33s,Cytidine,C9H13N3O5,-H,+H2,60,8.310122566902058,28.304217790083555,0.3728813559322034,0.23728813559322035,0.05039492713316276,0.07500901550667148,0.03487074082605383,0.03487074082605383,8.366463682114448,80,51.438133239746094,49.623756408691406,9104.5498046875,95.49559020996094,9.88125228881836,1.8163310289382935,1.8143757581710815,28.3347031644666,5.205102211157641,2.1202777134021744e-05,2.0336881789262407e-05,0.0037528914399445057,3.6821100366069004e-05,4.204689957987284e-06,8.667749966662086e-07,8.658959131935262e-07,0.021184433619527276,0.021113999313136848
2021-07-30_02h22m33s_C9H13N3O5_+Cl_+H2_60,2021-07-30_02h22m33s,Cytidine,C9H13N3O5,+Cl,+H2,60,1.1876389461569463,2.8908230132697263,0.751412429378531,0.751412429378531,0.6177550339303594,0.6086669070801779,0.6226943317327285,0.6226943317327285,1.187854587772284,189,196.50790405273438,128.48577880859375,34781.8984375,258.8428039550781,65.61677551269531,67.97545623779297,68.0221176147461,2.8888400141503547,2.9947358397529835,8.401580998906866e-05,5.023918129154481e-05,0.014870798215270042,0.00010042295616585761,3.254368857597001e-05,3.371033017174341e-05,3.377662869752385e-05,0.08127075777958134,0.08136780159388592
2021-07-30_02h22m33s_C9H13N3O5_-H_-NH3_60,2021-07-30_02h22m33s,Cytidine,C9H13N3O5,-H,-NH3,60,0.8751654930317907,1.083489621342319,0.15819209039548024,0.15819209039548024,0.18322394037156525,0.20450174299795648,0.1707567730389638,0.1707567730389638,0.8740376952146521,189,13.787437438964844,1.0510749816894531,2440.37646484375,33.429298400878906,16.78904151916504,12.724029541015625,12.73636245727539,1.0824405354885436,0.8211675607369484,6.128034328867216e-06,1.4514762369799428e-07,0.0010846620425581932,1.5113758308871184e-05,7.800551429681946e-06,5.9749195315816905e-06,5.982886705169221e-06,0.00609158904177582,0.0060806022780736605
2021-07-30_02h22m33s_C9H13N3O5_-H_-CO2_60,2021-07-30_02h22m33s,Cytidine,C9H13N3O5,-H,-CO2,60,0.8742947438483476,1.0440539498601051,0.06779661016949153,0.06779661016949153,0.07198798531538547,0.07954682053131386,0.06754434147810834,0.06754434147810834,0.8793034255696802,189,4.301762104034424,0.20684003829956055,761.411865234375,16.467060089111328,7.086751461029053,4.119248867034912,4.094922065734863,1.050254871795914,0.606929027871113,1.950887735802098e-06,3.035370355064515e-08,0.000345307111274451,7.539539637946291e-06,3.185949935868848e-06,1.9296721802675165e-06,1.920534032251453e-06,0.0019471481714729481,0.0019446920443082496
2021-07-30_02h22m33s_C9H13N3O5_[M]-_+C12H14N2_60,2021-07-30_02h22m33s,Cytidine,C9H13N3O5,[M]-,+C12H14N2,60,2.3560175478159042,3.5055398799747417,0.0903954802259887,0.0903954802259887,0.035632439648459226,0.0476619786031975,0.02836791466591066,0.02836791466591066,2.353403256770243,189,6.023662567138672,4.3027448654174805,1066.188232421875,19.835012435913086,3.1036386489868164,1.7173266410827637,1.7209179401397705,3.498228589598017,1.9402137408501516,2.4084454253170406e-06,1.6220367342612008e-06,0.00042629483505152166,8.094347322185058e-06,1.3750884590990609e-06,7.840164926165016e-07,7.86408634212421e-07,0.002406552891344598,0.002405138147607726
2021-07-30_02h22m33s_C9H13N3O5_[M]-_-CH2O3_60,2021-07-30_02h22m33s,Cytidine,C9H13N3O5,[M]-,-CH2O3,60,2.4351153905546195,3.7115074685724396,0.15254237288135594,0.15254237288135594,0.08441428412504172,0.13793725207356652,0.05264276981412903,0.05264276981412903,2.436517518386376,189,12.996743202209473,9.498971939086914,2300.423583984375,31.675222396850586,10.975312232971191,3.5007424354553223,3.4977707862854004,3.714659803710076,1.1840719292923547,5.53935478819767e-06,3.816350726992823e-06,0.0009804657893255353,1.3824575034959707e-05,4.931248440698255e-06,1.7210186342708766e-06,1.7230039475180092e-06,0.005529826874663533,0.005512172894208247
2021-07-30_02h22m33s_C9H13N3O5_+Cl_-H2O_60,2021-07-30_02h22m33s,Cytidine,C9H13N3O5,+Cl,-H2O,60,1.1837831072290688,1.2826402261774719,0.11864406779661017,0.11864406779661017,0.0955167426855045,0.10436951556677486,0.09022449811294009,0.09022449811294009,1.1865484480340431,189,6.59133768081665,1.4693269729614258,1166.666748046875,18.424972534179688,7.702748775482178,5.137882709503174,5.122010707855225,1.286614074553857,0.8556013277320428,2.9525667741836514e-06,6.303146165009821e-07,0.0005226043285802007,8.356520993402228e-06,3.345648792674183e-06,2.3285820134333335e-06,2.3222521576826693e-06,0.0029457260554953354,0.0029427214616782114
2021-07-30_02h22m33s_C9H13N3O5_+Cl_-H2_60,2021-07-30_02h22m33s,Cytidine,C9H13N3O5,+Cl,-H2,60,0.9087396254627952,1.3665657779855498,0.02824858757062147,0.02824858757062147,0.026398932028034266,0.03540088952999158,0.02108545812144515,0.02108545812144515,0.9086092584064925,188,1.658048152923584,0.4446800947189331,293.4745178222656,9.96401596069336,2.2556045055389404,1.2122955322265625,1.2133680582046509,1.3653588314690028,0.7347535418164007,7.959557137837692e-07,2.0058382688148413e-07,0.00014088416355662048,4.989389253751142e-06,1.089506440621335e-06,5.939211860095384e-07,5.95371886902285e-07,0.0007954821061012627,0.0007950894586976479
2021-07-30_02h22m33s_C9H13N3O5_+Cl__60,2021-07-30_02h22m33s,Cytidine,C9H13N3O5,+Cl,,60,1.1638707660523695,2.811877413013747,0.7796610169491526,0.7796610169491526,0.6518300144621204,0.6374864767399928,0.6598862448393784,0.6598862448393784,1.1622236689652132,189,178.27178955078125,114.677734375,31554.107421875,222.15538024902344,60.55507278442383,63.3985595703125,63.594051361083984,2.8032336751892606,2.9439126639770494,7.589713641209528e-05,4.371229078969918e-05,0.013433793559670448,8.43972884467803e-05,3.0499086278723553e-05,3.20395702146925e-05,3.2184845622396097e-05,0.0735305664813652,0.07365085270106397
2021-07-30_02h22m33s_C9H13N3O5_-H_+HCl_60,2021-07-30_02h22m33s,Cytidine,C9H13N3O5,-H,+HCl,60,1.1638707660523695,2.811877413013747,0.7796610169491526,0.7796610169491526,0.6518300144621204,0.6374864767399928,0.6598862448393784,0.6598862448393784,1.1622236689652132,189,178.27178955078125,114.677734375,31554.107421875,222.15538024902344,60.55507278442383,63.3985595703125,63.594051361083984,2.8032336751892606,2.9439126639770494,7.589713641209528e-05,4.371229078969918e-05,0.013433793559670448,8.43972884467803e-05,3.0499086278723553e-05,3.20395702146925e-05,3.2184845622396097e-05,0.0735305664813652,0.07365085270106397
2021-07-30_02h22m33s_C9H13N3O5_+Cl_+C12H14N2_60,2021-07-30_02h22m33s,Cytidine,C9H13N3O5,+Cl,+C12H14N2,60,1.2174396412044708,2.356793413257365,0.5706214689265536,0.5706214689265536,0.4404828123261764,0.40888327924029333,0.45870616793947233,0.45870616793947233,1.214182087022661,189,99.89358520507812,57.4001579284668,17681.1640625,143.9843292236328,36.34881591796875,42.38438034057617,42.49342727661133,2.350745535522465,2.7481180490847517,4.206165613140911e-05,2.115063034580089e-05,0.007444913033396006,5.5562810302944854e-05,1.758669714035932e-05,2.0831224901485257e-05,2.0911025785608217e-05,0.041200119372833646,0.041334715017021684
2021-07-30_02h22m33s_C9H13N3O5_[M]-_-NH3_60,2021-07-30_02h22m33s,Cytidine,C9H13N3O5,[M]-,-NH3,60,1.0874732052588483,1.1472612569720528,0.1751412429378531,0.1751412429378531,0.15809322505284237,0.16994230075730257,0.1510533869624537,0.1510533869624537,1.0909788315393283,189,11.511687278747559,1.5201730728149414,2037.568603515625,25.423376083374023,11.531935691833496,10.033059120178223,9.991514205932617,1.1520311146430995,0.9981575885226706,5.236519882600987e-06,4.7617777454433963e-07,0.0009268639842048287,1.1670344065350946e-05,5.495810910360888e-06,4.7745579649927095e-06,4.760342108056648e-06,0.005211710358327247,0.005207898258531699
2021-07-30_02h22m33s_C9H13N3O5_[M]-__60,2021-07-30_02h22m33s,Cytidine,C9H13N3O5,[M]-,,60,0.2715099222090421,0.3036011499716346,0.005649717514124294,0.0,0.013594393147179886,0.018361581920903956,0.01080851214628701,0.01080851214628701,0.2680025412775031,6,1.3467376232147217,-3.199877977371216,238.37255859375,17.866493225097656,59.90117263793945,4.434877872467041,4.5466156005859375,0.29614148193202633,0.0224822834282601,5.087448471385869e-07,-1.6524585362276412e-06,9.004783350974321e-05,6.74926241117646e-06,2.4366212528548203e-05,2.1080895749037154e-06,2.161203383366228e-06,0.0005076477171746708,0.0004966435254466269
2021-07-30_02h22m33s_C9H13N3O5_+Cl_-CH2O3_60,2021-07-30_02h22m33s,Cytidine,C9H13N3O5,+Cl,-CH2O3,60,1.1833589376209939,1.3876982111832223,0.06779661016949153,0.06779661016949153,0.054533318500389366,0.06674480105781945,0.04729167035809841,0.04729167035809841,1.1872764084079874,188,4.04012393951416,1.1421141624450684,715.1019287109375,15.145426750183105,4.516973495483398,2.9103851318359375,2.898009777069092,1.3936220469041463,0.8942336522232937,1.7517750166007318e-06,3.706062443598057e-07,0.0003100641770288348,6.683808351226617e-06,2.0979191504011396e-06,1.3862395462638233e-06,1.381168772240926e-06,0.0017493588567763093,0.001748107628130714
2021-07-30_02h22m33s_C9H13N3O5_[M]-_-CO2_60,2021-07-30_02h22m33s,Cytidine,C9H13N3O5,[M]-,-CO2,60,1.16866643702103,1.221112115393465,0.12429378531073447,0.12429378531073447,0.10208032039158972,0.11167207597066955,0.09635522795329306,0.09635522795329306,1.1639657874212692,189,7.819386959075928,1.385462760925293,1384.031494140625,21.34083366394043,7.695496559143066,6.402496337890625,6.433924198150635,1.215148262558117,1.015967057087406,3.350794713696814e-06,2.1078722056699917e-07,0.0005930906627327204,9.36562992137624e-06,3.616128424255294e-06,3.120251221844228e-06,3.140007493129815e-06,0.0033403061274273446,0.003338721468095363
2021-07-30_02h22m33s_C9H13N3O5_[M]-_+H2_60,2021-07-30_02h22m33s,Cytidine,C9H13N3O5,[M]-,+H2,60,2.42599142658318,3.2913003160394947,0.13559322033898305,0.13559322033898305,0.07041940149071087,0.11167207597066955,0.045891879440792385,0.045891879440792385,2.4144935402429293,189,9.703689575195312,6.734856128692627,1717.552978515625,25.859722137451172,7.920743465423584,2.947284460067749,2.9688334465026855,3.267418779535433,1.2249436778089917,4.224631993565708e-06,2.753153012235998e-06,0.0007477598264813423,1.1511387128848583e-05,3.6280696349422215e-06,1.4587512850994244e-06,1.4714789813297102e-06,0.0042184246703289964,0.004209360141852517
2021-07-30_02h22m33s_C9H13N3O5_+Cl_-CO2_60,2021-07-30_02h22m33s,Cytidine,C9H13N3O5,+Cl,-CO2,60,0.867257787640551,0.9944865895179669,0.3559322033898305,0.3559322033898305,0.39626209811992436,0.38943983651881237,0.4004110778390063,0.4004110778390063,0.867742866482592,189,41.447261810302734,-0.20347976684570312,7336.1650390625,63.11115264892578,39.65958786010742,41.67604446411133,41.65074157714844,0.9950907270835972,1.0450491040752434,2.002505243581254e-05,-4.628218448488042e-07,0.003544434206560254,3.3258031180594116e-05,1.944135692610871e-05,2.0475961719057523e-05,2.0487874280661345e-05,0.019623018499781916,0.019643162698630832
2021-07-30_02h22m33s_C9H13N3O5_[M]-_+HCl_60,2021-07-30_02h22m33s,Cytidine,C9H13N3O5,[M]-,+HCl,60,0.9382371619566237,0.8088066900001344,0.9209039548022598,0.9209039548022598,0.9693403048169985,0.9658913330929199,0.9715257720998636,0.9715257720998636,0.9383673026971412,189,259.3830261230469,-61.90643310546875,45910.796875,122.96815490722656,298.43768310546875,320.6974182128906,321.2894592285156,0.807316304212328,0.8691333959256899,0.00012317489017732441,-3.6175872082822025e-05,0.021801955997943878,7.155465573305264e-05,0.0001473292795708403,0.00015884502499829978,0.00015935076226014644,0.1062447140132084,0.1073579245039385
2021-07-30_02h22m33s_C9H13N3O5_[M]-_-H2_60,2021-07-30_02h22m33s,Cytidine,C9H13N3O5,[M]-,-H2,60,0.0,0.0,0.0,0.0,0.011947936366670376,0.015536723163841809,0.009869411910626008,0.009869411910626008,0.0,5,0.0,-32.63753128051758,0.0,0.0,457.54583740234375,31.835430145263672,32.63753128051758,0.0,0.0,0.0,-1.5656321920687333e-05,0.0,0.0,0.00018221816571895033,1.5271551092155278e-05,1.5656321920687333e-05,0.0,0.0
2021-07-30_02h22m33s_C9H13N3O5_-H_-CH2O3_60,2021-07-30_02h22m33s,Cytidine,C9H13N3O5,-H,-CH2O3,60,1.245135709467128,1.411485290400989,0.1694915254237288,0.1694915254237288,0.13718989876515741,0.15578795528308692,0.12612293353650975,0.12612293353650975,1.2523331957018013,189,12.335704803466797,3.6469812393188477,2183.419677734375,28.020137786865234,11.25975513458252,8.738520622253418,8.68872356414795,1.4195739038651856,1.095459820947801,5.9346584748709574e-06,1.7266188478970435e-06,0.0010504345409572124,1.3740165741182864e-05,5.441407665784936e-06,4.22761331719812e-06,4.208039626973914e-06,0.005909789845016042,0.0059025403465814644
2021-07-30_02h22m33s_C9H13N3O5_-H_-H2_60,2021-07-30_02h22m33s,Cytidine,C9H13N3O5,-H,-H2,60,1.3366983030540327,1.5121777162966097,0.12994350282485875,0.005649717514124294,0.0996440093447547,0.12056737588652482,0.0872122898098765,0.0872122898098765,1.3372071839440087,78,6.321568965911865,2.133864402770996,1118.917724609375,17.907983779907227,10.450981140136719,4.179440498352051,4.187704563140869,1.5091942796680993,0.6048201657804728,2.8514532459666952e-06,9.051127562997863e-07,0.0005047072190791368,7.834664756956045e-06,4.457534487301018e-06,1.942857352332794e-06,1.946340489666909e-06,0.0028459141280691193,0.002838799200627376
2021-07-30_02h22m33s_C9H13N3O5_+Cl_+HCl_60,2021-07-30_02h22m33s,Cytidine,C9H13N3O5,+Cl,+HCl,60,0.8907257796592809,0.8177795634055712,0.11864406779661017,0.01694915254237288,0.1357548114361998,0.15714028128380814,0.12319931959530095,0.12319931959530095,0.8948901736251819,170,71.26026916503906,-15.394569396972656,12613.0673828125,222.323486328125,114.24907684326172,87.13772583007812,86.65483856201172,0.8223366174460888,0.6237218488946852,2.9930608434369788e-05,-9.900093573378399e-06,0.00529771763831377,9.078701987164095e-05,5.112374128657393e-05,3.9959733840078115e-05,3.9830702007748187e-05,0.02878411685342482,0.028474866715249687
2021-07-30_02h22m33s_C9H13N3O5_[M]-_-CH2O2_60,2021-07-30_02h22m33s,Cytidine,C9H13N3O5,[M]-,-CH2O2,60,0.9071092801257815,0.8432762906868717,0.4519774011299435,0.4519774011299435,0.45325397708310156,0.39388748647674,0.48826124705423746,0.48826124705423746,0.9078301899919143,189,57.78929901123047,-10.483726501464844,10228.7060546875,71.49275207519531,46.26218032836914,68.52849578857422,68.27302551269531,0.8464316931258836,1.2491423763141805,2.5683382773422636e-05,-5.663876436301507e-06,0.004545958712697029,3.3085820177802816e-05,2.109855086018797e-05,3.1412066164193675e-05,3.134725920972414e-05,0.024902749819786865,0.025152697309957582
2021-07-30_02h22m33s_C9H11NO4_+Cl_-NH3_127,2021-07-30_02h22m33s,L-Dopa,C9H11NO4,+Cl,-NH3,127,0.5702104086208192,0.9416143203977743,0.011299435028248588,0.0,0.014328623873623318,0.021997836278398845,0.009816255293513121,0.009816255293513121,0.568335172834185,25,0.5110668540000916,-0.03638738393783569,90.45883178710938,5.042065620422363,7.019918441772461,0.5417560338973999,0.5474542379379272,0.9318313519129611,0.07279202261621351,2.0748322526742413e-07,-5.983264372844133e-08,3.6724530218634754e-05,1.998220113819116e-06,3.265946133979014e-06,2.639246474700485e-07,2.6731586899586546e-07,0.00020742777653108685,0.00020680780212559534
2021-07-30_02h22m33s_C9H11NO4_-H_-NH3_127,2021-07-30_02h22m33s,L-Dopa,C9H11NO4,-H,-NH3,127,1.6071997570939163,5.936334388208681,0.7288135593220338,0.7175141242937854,0.47934141728779617,0.538856833754057,0.44346793770044474,0.44346793770044474,1.6101171013903413,189,211.75698852539062,176.18775939941406,37480.98828125,568.486572265625,48.89857482910156,35.67033767700195,35.56922912597656,5.9532084478687475,4.330446415238929,9.502779721515253e-05,7.777123391861096e-05,0.016819920390844345,0.00021815174841322005,2.285423397552222e-05,1.7326901797787286e-05,1.7256561477552168e-05,0.09341576236886186,0.09290453522962748
2021-07-30_02h22m33s_C9H11NO4_-H_-CH2O3_127,2021-07-30_02h22m33s,L-Dopa,C9H11NO4,-H,-CH2O3,127,1.2975874353621435,3.1387760227052244,0.096045197740113,0.03954802259887006,0.06266548003114918,0.06019353287654766,0.06401828587628683,0.06401828587628683,1.2908575679457628,135,10.77088737487793,7.313330173492432,1906.447021484375,51.5434684753418,3.941209077835083,3.430556535720825,3.457557201385498,3.114271861851269,2.732195873485459,4.793793323187856e-06,3.0587598303100094e-06,0.0008485014550387859,2.0286453946027905e-05,1.880256604636088e-06,1.7238348846149165e-06,1.7350334928778466e-06,0.004785490337173018,0.004784796677632896
2021-07-30_02h22m33s_C9H11NO4_[M]-_-NH3_127,2021-07-30_02h22m33s,L-Dopa,C9H11NO4,[M]-,-NH3,127,1.243780601130578,1.283231690628055,0.0847457627118644,0.04519774011299435,0.06390032261653132,0.07356653443923548,0.05813562024912734,0.05813562024912734,1.2437168988840985,188,5.497064113616943,1.2127766609191895,972.9803466796875,19.874704360961914,7.978360176086426,4.282765865325928,4.284287452697754,1.2827760504505548,0.6889103878392723,2.570845481386641e-06,5.087485988042317e-07,0.00045503966975957155,9.288162800658029e-06,3.4961053643201012e-06,2.063846523014945e-06,2.0620968825824093e-06,0.0025655550582988295,0.002561888848042209
2021-07-30_02h22m33s_C9H11NO4_+Cl_+HCl_127,2021-07-30_02h22m33s,L-Dopa,C9H11NO4,+Cl,+HCl,127,0.4243623079769392,1.516057631605966,0.005649717514124294,0.005649717514124294,0.004939370341528535,0.007693232359658613,0.0033134291333699523,0.0033134291333699523,0.4234349119254146,98,0.3449207842350006,0.11560285091400146,61.05097961425781,4.575891017913818,0.7391815185546875,0.2265116572380066,0.22931793332099915,1.4975854431373217,0.4659948615151981,2.1170693287331233e-07,1.0419166329711516e-07,3.747212758753449e-05,2.8086099064239534e-06,3.065620433062577e-07,1.0619554302593315e-07,1.0751526957619717e-07,0.00021168417359232353,0.0002116420514535692
2021-07-30_02h22m33s_C9H11NO4_+Cl_+H2_127,2021-07-30_02h22m33s,L-Dopa,C9H11NO4,+Cl,+H2,127,0.7248899353655756,0.8273239118867353,0.06779661016949153,0.06779661016949153,0.09035487818444767,0.10205553552109628,0.08352676435671634,0.08352676435671634,0.7237483257338084,189,4.470987319946289,-0.9451522827148438,791.36474609375,16.703054428100586,8.435137748718262,5.40315580368042,5.416139602661133,0.8253409821208866,0.5299803598661704,2.094267301799846e-06,-4.535927473625634e-07,0.0003706853021867573,8.01553778728703e-06,3.793137238972122e-06,2.545766392358928e-06,2.5478600491624093e-06,0.0020889449623852853,0.002086353476733589
2021-07-30_02h22m33s_C9H11NO4_-H_-H2O_127,2021-07-30_02h22m33s,L-Dopa,C9H11NO4,-H,-H2O,127,0.8499917468776437,0.7576412329648687,0.5141242937853108,0.5141242937853108,0.5852375125152964,0.5692991946147373,0.5948579832379467,0.5948579832379467,0.8469554448152344,189,46.152320861816406,-15.11944580078125,8168.9609375,50.02476501464844,56.5190544128418,60.914798736572266,61.271766662597656,0.7532273043252162,0.8165654003922941,2.45878218265716e-05,-5.897132723475806e-06,0.004352044314146042,2.8160518922959454e-05,2.8005448257317767e-05,3.035947884200141e-05,3.0484954550047405e-05,0.02386043747461375,0.023917987855271633
2021-07-30_02h22m33s_C9H11NO4_+Cl_-CH2O2_127,2021-07-30_02h22m33s,L-Dopa,C9H11NO4,+Cl,-CH2O2,127,1.419585536461568,1.4490263172820808,0.096045197740113,0.096045197740113,0.06622538658360218,0.08059862964298593,0.057657210695111365,0.057657210695111365,1.4357163686561307,188,7.5214362144470215,2.3941574096679688,1331.294189453125,24.399953842163086,7.032399654388428,5.189682960510254,5.127278804779053,1.4666589904273106,1.0693884300679668,3.6158548937237356e-06,1.238232471223455e-06,0.0006400063284672797,1.2281541785341688e-05,3.2637549338687677e-06,2.411825107628829e-06,2.3776224225002807e-06,0.0036072781483141086,0.0036040920206093546
2021-07-30_02h22m33s_C9H11NO4_-H_+HCl_127,2021-07-30_02h22m33s,L-Dopa,C9H11NO4,-H,+HCl,127,1.481689299800492,2.5857892861128033,0.2994350282485876,0.2994350282485876,0.20223606630325955,0.2189265536723164,0.19209029537360242,0.19209029537360242,1.4814964128581565,189,33.08122253417969,20.28581428527832,5855.37646484375,78.92313385009766,14.897801399230957,12.792471885681152,12.795408248901367,2.585195930820656,2.220394892698366,1.4828481653239578e-05,9.087355465453584e-06,0.0026246411725878716,3.1430598028237e-05,6.572780876012985e-06,5.747724117100006e-06,5.741126187785994e-06,0.014743835433523768,0.014731653721387596
2021-07-30_02h22m33s_C9H11NO4_+Cl__127,2021-07-30_02h22m33s,L-Dopa,C9H11NO4,+Cl,,127,1.481689299800492,2.5857892861128033,0.2994350282485876,0.2994350282485876,0.20223606630325955,0.2189265536723164,0.19209029537360242,0.19209029537360242,1.4814964128581565,189,33.08122253417969,20.28581428527832,5855.37646484375,78.92313385009766,14.897801399230957,12.792471885681152,12.795408248901367,2.585195930820656,2.220394892698366,1.4828481653239578e-05,9.087355465453584e-06,0.0026246411725878716,3.1430598028237e-05,6.572780876012985e-06,5.747724117100006e-06,5.741126187785994e-06,0.014743835433523768,0.014731653721387596
2021-07-30_02h22m33s_C9H11NO4_[M]-_+C12H14N2_127,2021-07-30_02h22m33s,L-Dopa,C9H11NO4,[M]-,+C12H14N2,127,1.033064198964409,1.4448269622610233,0.8926553672316384,0.8926553672316384,0.8521860051173656,0.8487498497415554,0.8540850860251253,0.8540850860251253,1.0340357942536604,189,181.91781616210938,57.46357727050781,32199.453125,92.60211181640625,125.16429138183594,125.90876007080078,124.45423889160156,1.46171280359324,1.4534206260675024,8.909829193726182e-05,2.90441676042974e-05,0.01577039808034897,4.447897299542092e-05,5.9627196606015787e-05,6.080652747186832e-05,6.005412433296442e-05,0.08405070070674611,0.0840845650457477
2021-07-30_02h22m33s_C9H11NO4_+Cl_-CO2_127,2021-07-30_02h22m33s,L-Dopa,C9H11NO4,+Cl,-CO2,127,0.574307580444587,0.5825207452357475,0.03954802259887006,0.0,0.06177550339303593,0.0668349561245342,0.058862094016336804,0.058862094016336804,0.5698609128730611,4,3.8812897205352783,-2.86067271232605,686.98828125,19.127206802368164,7.066542625427246,6.66192102432251,6.741962432861328,0.5756060128142046,0.5491710381160448,2.0677537122537615e-06,-9.458422027819324e-07,0.00036599242594093084,1.063830768543994e-05,3.2583054689894198e-06,2.9823402201145655e-06,3.013595915035694e-06,0.0020615410605350545,0.002061038220149253
2021-07-30_02h22m33s_C9H11NO4_+Cl_-H2O_127,2021-07-30_02h22m33s,L-Dopa,C9H11NO4,+Cl,-H2O,127,0.2961433542258254,0.41143896622577414,0.011299435028248588,0.011299435028248588,0.030815441094671266,0.0354309412188965,0.028155288197459112,0.028155288197459112,0.29353610422236687,185,0.7332668900489807,-1.0711634159088135,129.78823852539062,6.859083652496338,2.2881624698638916,1.781200885772705,1.8044302463531494,0.4061452340959346,0.3203210343093643,4.3157737650290073e-07,-3.971493640619883e-07,7.638919487362728e-05,4.262585207470693e-06,1.028617248266528e-06,8.186353284145298e-07,8.28726740564889e-07,0.0004312200129471047,0.0004311339047321807
2021-07-30_02h22m33s_C9H11NO4_+Cl_-H2_127,2021-07-30_02h22m33s,L-Dopa,C9H11NO4,+Cl,-H2,127,2.497275864878178,3.9449427467851215,0.15254237288135594,0.15254237288135594,0.053888085437757256,0.05811996634210843,0.051083509045484345,0.051083509045484345,2.4911080246589017,189,12.452221870422363,9.28538703918457,2204.043212890625,33.32863998413086,3.6413559913635254,3.1555025577545166,3.1668343544006348,3.930831122253666,3.418727301765153,5.534216143132653e-06,4.058969807374524e-06,0.0009795562364161015,1.4444336557062343e-05,1.6533130064999568e-06,1.4732345334778074e-06,1.4752464494449669e-06,0.005526063837077598,0.005525081454102613
2021-07-30_02h22m33s_C9H11NO4_[M]-_-CH2O2_127,2021-07-30_02h22m33s,L-Dopa,C9H11NO4,[M]-,-CH2O2,127,1.6329909755993237,1.6347618589859614,0.2937853107344633,0.20903954802259886,0.19777505840471687,0.2445305926193052,0.1699062671651576,0.1699062671651576,1.6226169628680607,189,41.11931228637695,15.748891830444336,7278.1181640625,76.6352310180664,32.007568359375,25.152090072631836,25.370420455932617,1.6206941332983977,1.2846345336258536,1.9696330127771944e-05,7.690671736781951e-06,0.003486250527203083,3.661515438579954e-05,1.528947541373782e-05,1.191040973935742e-05,1.2005658390989993e-05,0.019462667984571917,0.01939971860709533
2021-07-30_02h22m33s_C9H11NO4_[M]-_-H2_127,2021-07-30_02h22m33s,L-Dopa,C9H11NO4,[M]-,-H2,127,1.0883860318802785,1.0197998626597617,0.9265536723163842,0.9265536723163842,0.8613861386138614,0.8950895540329367,0.8413097790456615,0.8413097790456615,1.086195993188597,189,512.669921875,8.692291259765625,90742.578125,232.08932495117188,477.4017333984375,502.7152099609375,503.9776306152344,1.017245356711168,1.0738730342524636,0.00026488793082535267,1.5339493984356523e-05,0.046885162591934204,0.00014479912351816893,0.00023685717314947397,0.0002491977938916534,0.00024954843684099615,0.21198692504871613,0.2141621009892797
2021-07-30_02h22m33s_C9H11NO4_[M]-_-H2O_127,2021-07-30_02h22m33s,L-Dopa,C9H11NO4,[M]-,-H2O,127,0.5380310046397154,0.5368170054071129,0.14689265536723164,0.14689265536723164,0.26193124930470574,0.26069840125015026,0.26301894147456456,0.26301894147456456,0.5350157866055237,189,10.82610034942627,-9.50920581817627,1916.2197265625,27.557632446289062,20.05448341369629,20.166208267211914,20.33530616760254,0.5323533320261064,0.5398074993312257,5.78803701500874e-06,-3.956542968808208e-06,0.0010244825389236212,1.5009982234914787e-05,9.674827197159175e-06,9.678889000497293e-06,9.744579983816948e-06,0.005732179334997276,0.005732575339207214
2021-07-30_02h22m33s_C9H11NO4_-H__127,2021-07-30_02h22m33s,L-Dopa,C9H11NO4,-H,,127,1.0132794420993307,4.969158264523816,1.0,0.7175141242937854,0.978774057180999,0.9818487799014305,0.9768945904282651,0.9768945904282651,1.013204901759025,189,2275.4072265625,1817.1468505859375,402747.0625,6740.09619140625,443.96026611328125,457.90496826171875,458.2603454589844,4.965304730826692,5.125238168822382,0.0010170633904635906,0.0007961122319102287,0.18002022802829742,0.0025510152336210012,0.00021450479107443243,0.00022107927361503243,0.0002209511585533619,0.8330090711152224,0.8374305296596056
2021-07-30_02h22m33s_C9H11NO4_[M]-__127,2021-07-30_02h22m33s,L-Dopa,C9H11NO4,[M]-,,127,1.333663473539513,1.866092056681042,0.4463276836158192,0.4463276836158192,0.3191678718433641,0.3091717754537805,0.32466289845314245,0.32466289845314245,1.340661939255351,189,107.41854095458984,50.25837707519531,19013.08203125,144.5341796875,55.74970626831055,57.5623664855957,57.16016387939453,1.8792224241835653,1.9267655630696108,5.802365922136232e-05,3.0147397410473786e-05,0.010270187631249428,8.187459752662107e-05,2.666933687578421e-05,2.811260856105946e-05,2.7876261810888536e-05,0.0564500430422798,0.05651640419877715
2021-07-30_02h22m33s_C9H11NO4_-H_+H2_127,2021-07-30_02h22m33s,L-Dopa,C9H11NO4,-H,+H2,127,0.9761628065454706,0.9749535239258982,0.5423728813559322,0.5423728813559322,0.5490265880520636,0.5548443322514726,0.5456172369190425,0.5456172369190425,0.9767874486167059,189,51.09188461303711,-1.3182945251464844,9043.263671875,53.10747146606445,54.14333724975586,52.4034309387207,52.410179138183594,0.9748279938204,0.9436237879754912,2.611934905871749e-05,3.1832496460992843e-07,0.0046231248416006565,2.8716609449475072e-05,2.6661537049221806e-05,2.5833067411440425e-05,2.580102409410756e-05,0.025462393237308062,0.02544105152101869
2021-07-30_02h22m33s_C9H11NO4_-H_-CO2_127,2021-07-30_02h22m33s,L-Dopa,C9H11NO4,-H,-CO2,127,2.4974004679467456,33.92917054201544,0.02824858757062147,0.005649717514124294,0.003771276004004895,0.007813439115278278,0.001311196555451211,0.001311196555451211,2.4885011139801514,3,14.10205078125,13.674627304077148,2496.06298828125,92.74176025390625,13.614480018615723,0.41463205218315125,0.4274236559867859,32.916134728295575,1.0357365852668445,5.380892616813071e-06,5.2059344852750655e-06,0.0009524179622530937,3.491029201541096e-05,5.845196483278414e-06,1.697219005336592e-07,1.7495791837518482e-07,0.005379951351723614,0.005349623019154643
2021-07-30_02h22m33s_C9H11NO4_+Cl_-CH2O3_127,2021-07-30_02h22m33s,L-Dopa,C9H11NO4,+Cl,-CH2O3,127,0.15371081694424465,0.19321792055222795,0.005649717514124294,0.005649717514124294,0.026254310824340862,0.02551388388027407,0.02675549728015309,0.02675549728015309,0.15308774868510297,188,0.320571631193161,-1.347404956817627,56.74117660522461,4.252862930297852,1.6043946743011475,1.658119559288025,1.6679766178131104,0.1920767659484719,0.19968400065405145,1.7500896376532182e-07,-6.442738254008873e-07,3.097658554906957e-05,2.3217562556965277e-06,7.707331519668514e-07,8.138617886288557e-07,8.192827749553544e-07,0.00017486569930994666,0.00017487418243549569
2021-07-30_02h22m33s_C9H11NO4_-H_-H2_127,2021-07-30_02h22m33s,L-Dopa,C9H11NO4,-H,-H2,127,1.0048899289684534,0.7748594836385259,1.0,1.0,0.9895983980420514,0.997115037865128,0.9851338660807626,0.9851338660807626,1.0045600435086721,189,2714.23876953125,-790.438720703125,480420.28125,1258.0521240234375,2693.22705078125,3502.877685546875,3504.677490234375,0.7744615596250415,1.0078013143907012,0.0014381952350959182,-0.00033440999686717987,0.25456055998802185,0.0008285136427730322,0.0013566843699663877,0.001773848314769566,0.001772605231963098,0.5187161946158586,0.6102621349826454
2021-07-30_02h22m33s_C9H11NO4_+Cl_+C12H14N2_127,2021-07-30_02h22m33s,L-Dopa,C9H11NO4,+Cl,+C12H14N2,127,1.4372083459838405,1.4734236390951414,0.2598870056497175,0.2598870056497175,0.17255534542218268,0.17502103618223344,0.17082764852844765,0.17082764852844765,1.4491340599879752,189,19.6366024017334,6.409991264343262,3475.678466796875,34.67100524902344,14.277929306030273,13.326193809509277,13.226611137390137,1.4845161532022315,1.3752153246840766,9.973111446015537e-06,3.6844853639195208e-06,0.0017652407987043262,1.8073615137836896e-05,6.7104606387147214e-06,6.345017936837394e-06,6.288626082096016e-06,0.00991078621731525,0.009906633372705817
2021-07-30_02h22m33s_C3H8NO6P_+Cl_+H2_117,2021-07-30_02h22m33s,Phosphoserine,C3H8NO6P,+Cl,+H2,117,0.0,0.0,0.0,0.0,0.0032595394370897764,0.005529510758504628,0.001931357088434892,0.001931357088434892,0.0,72,0.0,-0.11445316672325134,0.0,0.0,0.42171335220336914,0.1169540211558342,0.11445316672325134,0.0,0.0,0.0,-4.830938848954247e-08,0.0,0.0,1.7538637564484816e-07,4.914719653470456e-08,4.830938848954247e-08,0.0,0.0
2021-07-30_02h22m33s_C3H8NO6P_-H_+C12H14N2_117,2021-07-30_02h22m33s,Phosphoserine,C3H8NO6P,-H,+C12H14N2,117,1.3661268136114075,1.634641020580931,0.2598870056497175,0.2598870056497175,0.18898653910334853,0.2034499338862844,0.18023636975742863,0.18023636975742863,1.3690146717859195,189,17.770509719848633,6.927715301513672,3145.38037109375,31.96718406677246,14.465704917907715,10.870200157165527,10.842794418334961,1.6387722815734875,1.2283729999808928,7.532684776379028e-06,2.244421011710074e-06,0.0013332852395251393,1.3835332538292278e-05,6.620800377277192e-06,5.29109320268617e-06,5.2882637646689545e-06,0.007493059501331628,0.007483140397611305
2021-07-30_02h22m33s_C3H8NO6P_-H_-CH2O3_117,2021-07-30_02h22m33s,Phosphoserine,C3H8NO6P,-H,-CH2O3,117,0.0,0.0,0.0,0.0,0.007030815441094671,0.012501502584445245,0.0038272764321278592,0.0038272764321278592,0.0,9,0.0,-0.20208445191383362,0.0,0.0,3.6117820739746094,0.19893166422843933,0.20208445191383362,0.0,0.0,0.0,-9.787972743424689e-08,0.0,0.0,1.416910777152225e-06,9.633744468828809e-08,9.787972743424689e-08,0.0,0.0
2021-07-30_02h22m33s_C3H8NO6P_[M]-_-CO2_117,2021-07-30_02h22m33s,Phosphoserine,C3H8NO6P,[M]-,-CO2,117,1.6886396675852806,2.300675047594027,0.847457627118644,0.847457627118644,0.5326176437868506,0.6000721240533718,0.49185817814554283,0.49185817814554283,1.7101004091344407,189,109.99562072753906,63.21630859375,19469.224609375,61.5557746887207,65.7462158203125,47.80915069580078,46.77931213378906,2.3513229328816316,1.6730080407991372,4.717541378340684e-05,2.4960310838650912e-05,0.008350048214197159,2.8280639526201412e-05,3.0327912099892274e-05,2.2660720787825994e-05,2.2215102944755927e-05,0.04615018272328966,0.045786795863134
2021-07-30_02h22m33s_C3H8NO6P_+Cl_+HCl_117,2021-07-30_02h22m33s,Phosphoserine,C3H8NO6P,+Cl,+HCl,117,1.0036865512782545,1.0411714257242284,0.2598870056497175,0.2598870056497175,0.24605629102236065,0.24110470008414472,0.24893243793964953,0.24893243793964953,1.0051830884165613,189,18.93187141418457,0.7850780487060547,3350.94140625,33.38240432739258,17.51869773864746,18.182241439819336,18.146793365478516,1.0432051452711357,1.0806049109181795,7.706647920713294e-06,-3.2825118978507817e-07,0.0013640766264870763,1.36197859319509e-05,7.592236670461716e-06,8.034249731281307e-06,8.034899110498372e-06,0.00764521935452208,0.007648578105543496
2021-07-30_02h22m33s_C3H8NO6P_[M]-_+H2_117,2021-07-30_02h22m33s,Phosphoserine,C3H8NO6P,[M]-,+H2,117,5.162348867317945,9.920113189417641,0.23163841807909605,0.23163841807909605,0.10004449883190566,0.20988099531193652,0.03487074082605383,0.03487074082605383,5.143285399733304,189,20.939380645751953,18.818470001220703,3706.2705078125,42.71743392944336,18.886287689208984,2.1098005771636963,2.1209113597869873,9.868169350794181,1.1086494254924388,8.183478712453507e-06,7.1711319833411835e-06,0.001448475755751133,1.620560942683369e-05,8.249832717410754e-06,1.0057769941340666e-06,1.0123467291123234e-06,0.008175202572869033,0.008116518790186746
2021-07-30_02h22m33s_C3H8NO6P_-H_-CO2_117,2021-07-30_02h22m33s,Phosphoserine,C3H8NO6P,-H,-CO2,117,1.6713218296805867,1.8036959983508802,0.1694915254237288,0.02824858757062147,0.09468238958727333,0.09983171054213247,0.09141166256179457,0.09141166256179457,1.6827020938784925,163,8.796056747436523,3.958479881286621,1556.902099609375,20.674243927001953,8.999341011047363,4.87568473815918,4.837576866149902,1.8179016249535418,0.97730260849449,3.838264547084691e-06,1.3994108485348988e-06,0.0006793728098273277,9.155313819064759e-06,3.993559857917717e-06,2.4529483653168427e-06,2.438853698549792e-06,0.0038289263558801776,0.0038229971790136492
2021-07-30_02h22m33s_C3H8NO6P_-H_+H2_117,2021-07-30_02h22m33s,Phosphoserine,C3H8NO6P,-H,+H2,117,1.4237373907465016,1.476177726959802,0.07909604519774012,0.07909604519774012,0.048281232617643784,0.05274071402812838,0.0455552208657441,0.0455552208657441,1.4275122811571581,189,4.3871941566467285,1.4153084754943848,776.5333862304688,15.206995964050293,3.1932759284973145,2.9709959030151367,2.9718856811523438,1.475735910217097,1.3734549722229537,2.054168362519704e-06,5.956899258308113e-07,0.00036358778015710413,7.115210337360622e-06,1.5733019154140493e-06,1.4548522813129239e-06,1.4584784366888925e-06,0.002051176765437476,0.0020509416121529014
2021-07-30_02h22m33s_C3H8NO6P_-H_+HCl_117,2021-07-30_02h22m33s,Phosphoserine,C3H8NO6P,-H,+HCl,117,0.0,0.0,0.0,0.0,0.002781176994103905,0.0037264094242096405,0.0022325779187412514,0.0022325779187412514,0.0,76,0.0,-0.13044558465480804,0.0,0.0,0.27826565504074097,0.1293467879295349,0.13044558465480804,0.0,0.0,0.0,-5.6729415831568986e-08,0.0,0.0,1.2168680996182957e-07,5.623927634701431e-08,5.6729415831568986e-08,0.0,0.0
2021-07-30_02h22m33s_C3H8NO6P_+Cl__117,2021-07-30_02h22m33s,Phosphoserine,C3H8NO6P,+Cl,,117,0.0,0.0,0.0,0.0,0.002781176994103905,0.0037264094242096405,0.0022325779187412514,0.0022325779187412514,0.0,76,0.0,-0.13044558465480804,0.0,0.0,0.27826565504074097,0.1293467879295349,0.13044558465480804,0.0,0.0,0.0,-5.6729415831568986e-08,0.0,0.0,1.2168680996182957e-07,5.623927634701431e-08,5.6729415831568986e-08,0.0,0.0
2021-07-30_02h22m33s_C3H8NO6P_[M]-_-CH2O2_117,2021-07-30_02h22m33s,Phosphoserine,C3H8NO6P,[M]-,-CH2O2,117,1.5957823441247476,1.787902479171156,0.5536723163841808,0.5536723163841808,0.35355434419846477,0.38063469166967184,0.33695979587859026,0.33695979587859026,1.5997736526504656,189,45.215023040771484,20.022560119628906,8003.05908203125,44.4146614074707,30.11078643798828,25.288423538208008,25.192462921142578,1.794712508649481,1.5015722542362793,1.9545577742974274e-05,7.34021705284249e-06,0.003459567204117775,2.0210407456033863e-05,1.3846478395862505e-05,1.222810988110723e-05,1.2205360690131783e-05,0.019309893527582094,0.019278636518913452
2021-07-30_02h22m33s_C3H8NO6P_[M]-_-H2_117,2021-07-30_02h22m33s,Phosphoserine,C3H8NO6P,[M]-,-H2,117,0.1568873322006489,0.20926522865874855,0.005649717514124294,0.005649717514124294,0.0318389142285015,0.041862002644548625,0.026011304640572674,0.026011304640572674,0.15532660567355142,189,0.33410879969596863,-1.2837176322937012,59.13725662231445,4.432453632354736,2.6736257076263428,1.5955805778503418,1.6178264617919922,0.2063895096736436,0.12491796468690981,1.2877971755642648e-07,-6.268285801525053e-07,2.279400905536022e-05,1.7084560113289626e-06,1.1804090718214866e-06,7.44298006338795e-07,7.556083119197865e-07,0.00012868248400191615,0.0001286278840352221
2021-07-30_02h22m33s_C3H8NO6P_[M]-_+C12H14N2_117,2021-07-30_02h22m33s,Phosphoserine,C3H8NO6P,[M]-,+C12H14N2,117,1.3804663428265027,1.769772765902624,0.3672316384180791,0.3672316384180791,0.27412392924685725,0.30433345354008895,0.25601998688803446,0.25601998688803446,1.3816395384818023,189,35.37685012817383,15.398637771606445,6261.7021484375,50.50908279418945,26.509803771972656,19.988487243652344,19.978212356567383,1.770682922670126,1.3344314428359352,1.459557461203076e-05,5.250988579064142e-06,0.0025834166444838047,2.07476805371698e-05,1.2215677088533994e-05,9.331918590760324e-06,9.344586032966617e-06,0.014460447714289367,0.01441943149311068
2021-07-30_02h22m33s_C3H8NO6P_[M]-_+HCl_117,2021-07-30_02h22m33s,Phosphoserine,C3H8NO6P,[M]-,+HCl,117,0.0,0.0,0.0,0.0,0.0068194459895427745,0.0144248106743599,0.0023566100253379877,0.0023566100253379877,0.0,112,0.0,-0.1263468712568283,0.0,0.0,1.6753993034362793,0.12594929337501526,0.1263468712568283,0.0,0.0,0.0,-5.736820085644467e-08,0.0,0.0,7.395864258796792e-07,5.7063008540580995e-08,5.736820085644467e-08,0.0,0.0
2021-07-30_02h22m33s_C3H8NO6P_-H_-NH3_117,2021-07-30_02h22m33s,Phosphoserine,C3H8NO6P,-H,-NH3,117,0.5824262023989103,1.0215071000952418,0.01694915254237288,0.0,0.023984870397152074,0.03230556557278519,0.019100944415897374,0.019100944415897374,0.5819255546240124,6,2.279029607772827,0.044333696365356445,403.38824462890625,18.427053451538086,22.33570098876953,2.230046272277832,2.2346959114074707,1.0193826432943092,0.1020307165735298,1.0255496363242855e-06,-3.8345092434610706e-08,0.00018152229313272983,8.637718565296382e-06,9.598734322935343e-06,1.0594043260425678e-06,1.0638947287588962e-06,0.0010244597190293843,0.0010157992492057226
2021-07-30_02h22m33s_C3H8NO6P_+Cl_-HPO3_117,2021-07-30_02h22m33s,Phosphoserine,C3H8NO6P,+Cl,-HPO3,117,1.6713218296805867,1.8036959983508802,0.1694915254237288,0.02824858757062147,0.09468238958727333,0.09983171054213247,0.09141166256179457,0.09141166256179457,1.6827020938784925,163,8.796056747436523,3.958479881286621,1556.902099609375,20.674243927001953,8.999341011047363,4.87568473815918,4.837576866149902,1.8179016249535418,0.97730260849449,3.838264547084691e-06,1.3994108485348988e-06,0.0006793728098273277,9.155313819064759e-06,3.993559857917717e-06,2.4529483653168427e-06,2.438853698549792e-06,0.0038289263558801776,0.0038229971790136492
2021-07-30_02h22m33s_C3H8NO6P_-H_-CH2O2_117,2021-07-30_02h22m33s,Phosphoserine,C3H8NO6P,-H,-CH2O2,117,0.0,0.0,0.0,0.0,0.002425186338858605,0.004357494891212886,0.0012934776830802487,0.0012934776830802487,0.0,71,0.0,-0.07662472873926163,0.0,0.0,0.314081609249115,0.07474973797798157,0.07662472873926163,0.0,0.0,0.0,-3.5004294574036976e-08,0.0,0.0,1.2381693181851006e-07,3.414774951693289e-08,3.5004294574036976e-08,0.0,0.0
2021-07-30_02h22m33s_C3H8NO6P_-H__117,2021-07-30_02h22m33s,Phosphoserine,C3H8NO6P,-H,,117,0.37703531142757973,0.49735683365108563,0.011299435028248588,0.011299435028248588,0.021648681722104796,0.024552229835316745,0.019969169162074526,0.019969169162074526,0.3741830038706899,183,0.5866179466247559,-0.6062608957290649,103.83137512207031,5.490607261657715,2.1837852001190186,1.1784709692001343,1.1928788423538208,0.4913546716919743,0.2685014282377962,2.109245826886763e-07,-3.6943291092939035e-07,3.733365156222135e-05,1.9731505744857714e-06,9.146586990027572e-07,5.727845859837544e-07,5.803574936180667e-07,0.00021080224202784395,0.0002107318349826526
2021-07-30_02h22m33s_C3H8NO6P_+Cl_-NH3_117,2021-07-30_02h22m33s,Phosphoserine,C3H8NO6P,+Cl,-NH3,117,1.2065246953715945,2.20787196466927,0.02824858757062147,0.02824858757062147,0.01660918900878852,0.02196778458949393,0.01341318638481847,0.01341318638481847,1.2126171386041478,179,1.797806739807129,0.9922808408737183,318.2117919921875,10.916481018066406,1.5268406867980957,0.8132712841033936,0.8055258989334106,2.229075026833778,1.176697777027265,7.075463486216904e-07,3.546199991433241e-07,0.00012523570330813527,4.318342234910233e-06,6.518493478324672e-07,3.558409389370354e-07,3.529263494783663e-07,0.0007072967249705485,0.0007070854354417358
2021-07-30_02h22m33s_C3H8NO6P_[M]-_-H3PO4_117,2021-07-30_02h22m33s,Phosphoserine,C3H8NO6P,[M]-,-H3PO4,117,0.0,0.0,0.0,0.0,0.0001223717877405718,9.015506671474937e-05,0.0001417509789676985,0.0001417509789676985,0.0,3,0.0,-0.008038731291890144,0.0,0.0,0.005179025232791901,0.007842025719583035,0.008038731291890144,0.0,0.0,0.0,-3.123867164944727e-09,0.0,0.0,2.116048225531131e-09,3.0474274215208652e-09,3.123867164944727e-09,0.0,0.0
2021-07-30_02h22m33s_C3H8NO6P_+Cl_-CH2O3_117,2021-07-30_02h22m33s,Phosphoserine,C3H8NO6P,+Cl,-CH2O3,117,0.5139724798823812,5.300532318055661,0.005649717514124294,0.005649717514124294,0.0011235955056179776,0.001322274311816324,0.0009922568527738894,0.0009922568527738894,0.5145078196665792,37,0.29910269379615784,0.2443028688430786,52.94117736816406,3.968045711517334,0.07380340993404388,0.05542880296707153,0.05479981750249863,5.360280860824759,3.9985168331214376,1.410706005344764e-07,1.1475283656636748e-07,2.496949673513882e-05,1.8715130636337562e-06,3.4253329062039484e-08,2.6482123161031268e-08,2.631776219175208e-08,0.00014106688796966567,0.00014106576856228644
2021-07-30_02h22m33s_C3H8NO6P_-H_-HPO3_117,2021-07-30_02h22m33s,Phosphoserine,C3H8NO6P,-H,-HPO3,117,0.0,0.0,0.0,0.0,0.00014462120369340304,9.015506671474937e-05,0.00017718872370962313,0.00017718872370962313,0.0,3,0.0,-0.00961972400546074,0.0,0.0,0.0049027856439352036,0.009384332224726677,0.00961972400546074,0.0,0.0,0.0,-4.0883652019374495e-09,0.0,0.0,2.870411686117791e-09,3.988323893366896e-09,4.0883652019374495e-09,0.0,0.0
2021-07-30_02h22m33s_C3H8NO6P_[M]-_-H2O_117,2021-07-30_02h22m33s,Phosphoserine,C3H8NO6P,[M]-,-H2O,117,1.4527649556842894,1.7009300095992572,0.3220338983050847,0.3220338983050847,0.22520858827455778,0.24765596826541653,0.2116696493435158,0.2116696493435158,1.460265262872707,189,26.39623260498047,10.967238426208496,4672.13330078125,40.89369583129883,18.940074920654297,15.517705917358398,15.428994178771973,1.710709174556621,1.3935973916768944,1.1331690984661691e-05,3.932103481929516e-06,0.002005709335207939,1.792113653209526e-05,8.843521754897665e-06,7.42502970751957e-06,7.3995875027321745e-06,0.01124845704250495,0.011232357387744387
2021-07-30_02h22m33s_C3H8NO6P_+Cl_-CH2O2_117,2021-07-30_02h22m33s,Phosphoserine,C3H8NO6P,+Cl,-CH2O2,117,0.0,0.0,0.0,0.0,0.001023473133830237,0.00144248106743599,0.0007796303843223418,0.0007796303843223418,0.0,39,0.0,-0.04469602182507515,0.0,0.0,0.08456899225711823,0.04360232502222061,0.04469602182507515,0.0,0.0,0.0,-2.0636184316913386e-08,0.0,0.0,3.695450345730933e-08,2.0131222910890756e-08,2.0636184316913386e-08,0.0,0.0
2021-07-30_02h22m33s_C3H8NO6P_+Cl_-CO2_117,2021-07-30_02h22m33s,Phosphoserine,C3H8NO6P,+Cl,-CO2,117,0.0,0.0,0.0,0.0,0.000611858938702859,0.000991705733862243,0.0003898151921611709,0.0003898151921611709,0.0,24,0.0,-0.02284376323223114,0.0,0.0,0.06354930251836777,0.02228478342294693,0.02284376323223114,0.0,0.0,0.0,-9.957571656116215e-09,0.0,0.0,2.4182094549018984e-08,9.713911452990942e-09,9.957571656116215e-09,0.0,0.0
2021-07-30_02h22m33s_C3H8NO6P_[M]-_-HPO3_117,2021-07-30_02h22m33s,Phosphoserine,C3H8NO6P,[M]-,-HPO3,117,0.0,0.0,0.0,0.0,0.00021136945155189677,0.00027046520014424813,0.00017718872370962313,0.00017718872370962313,0.0,9,0.0,-0.009659185074269772,0.0,0.0,0.015594469383358955,0.009422828443348408,0.009659185074269772,0.0,0.0,0.0,-4.133227093916503e-09,0.0,0.0,6.2534279976489415e-09,4.0320879968192e-09,4.133227093916503e-09,0.0,0.0
2021-07-30_02h22m33s_C3H8NO6P_+Cl_-H2_117,2021-07-30_02h22m33s,Phosphoserine,C3H8NO6P,+Cl,-H2,117,0.0,0.0,0.0,0.0,0.0017020803203915897,0.002614496934727732,0.0011694455764835127,0.0011694455764835127,0.0,55,0.0,-0.06583414226770401,0.0,0.0,0.16487985849380493,0.06731878966093063,0.06583414226770401,0.0,0.0,0.0,-3.0801842854089045e-08,0.0,0.0,6.95540407491535e-08,3.149774130406513e-08,3.0801842854089045e-08,0.0,0.0
2021-07-30_02h22m33s_C3H8NO6P_-H_-H2_117,2021-07-30_02h22m33s,Phosphoserine,C3H8NO6P,-H,-H2,117,1.010035660055539,8.616673088774286,0.011299435028248588,0.011299435028248588,0.0014350873289576149,0.0018031013342949874,0.001187164448854475,0.001187164448854475,1.0089880869911352,47,0.5875706076622009,0.5196579694747925,104.0,5.500329971313477,0.10803582519292831,0.06718996167182922,0.06791266798973083,8.52630764128533,5.388784893612276,2.2858000647829613e-07,1.967605527397609e-07,4.04586608055979e-05,2.1976484276819974e-06,5.2493582813895046e-08,3.1436567127229864e-08,3.181945018582155e-08,0.00022857273341959125,0.00022856800812463303
2021-07-30_02h22m33s_C3H8NO6P_[M]-_-NH3_117,2021-07-30_02h22m33s,Phosphoserine,C3H8NO6P,[M]-,-NH3,117,0.3843062214510721,0.4968332605083602,0.011299435028248588,0.011299435028248588,0.019479363666703747,0.01965380454381536,0.01940216524620373,0.01940216524620373,0.3857851459265108,182,0.6039215922355652,-0.6047771573066711,106.89411926269531,5.656550884246826,1.2318358421325684,1.2145417928695679,1.2086987495422363,0.49923304662759715,0.48986375281797234,2.3746777344513248e-07,-3.5926416330767097e-07,4.20317956013605e-05,2.233558006992098e-06,6.073454414945445e-07,5.975491603749106e-07,5.967319225419487e-07,0.00023732615335337242,0.00023732363601663886
2021-07-30_02h22m33s_C6H12N2O4S2_+Cl_-CH2O2_185,2021-07-30_02h22m33s,Cystine,C6H12N2O4S2,+Cl,-CH2O2,185,0.6249754644778518,1.3325622562353654,0.011299435028248588,0.011299435028248588,0.012081432862387362,0.018872460632287535,0.008079805801158814,0.008079805801158814,0.6237229760613557,156,0.6264539957046509,0.15512701869010925,110.88235473632812,5.877448558807373,1.5176044702529907,0.469112366437912,0.4713269770145416,1.3263142403262818,0.4125195256407268,2.798483080823644e-07,7.130847734515555e-08,4.953315146849491e-05,2.6496200007386506e-06,6.251424338188372e-07,2.078316043707673e-07,2.0853983073720883e-07,0.0002797899607313115,0.0002796734723271992
2021-07-30_02h22m33s_C6H12N2O4S2_[M]-_+C12H14N2_185,2021-07-30_02h22m33s,Cystine,C6H12N2O4S2,[M]-,+C12H14N2,185,1.0434490647362615,1.1417392412620027,0.1016949152542373,0.1016949152542373,0.10431638669484926,0.1329186200264455,0.08746035402306997,0.08746035402306997,1.037921596754198,189,6.071784973144531,0.7198925018310547,1074.7059326171875,18.25493049621582,10.069381713867188,5.317013740539551,5.351892471313477,1.1342998212057591,0.6029349378865668,2.8318431759544183e-06,3.6554911275743507e-07,0.0005012362380512059,8.657064427097794e-06,4.503389391175006e-06,2.4497385311406106e-06,2.466294063196983e-06,0.002824876200551731,0.00281914745720349
2021-07-30_02h22m33s_C6H12N2O4S2_+Cl_+HCl_185,2021-07-30_02h22m33s,Cystine,C6H12N2O4S2,+Cl,+HCl,185,1.1304375781110494,1.6052124624796986,0.03389830508474576,0.03389830508474576,0.02575369896540216,0.035491044596706336,0.01998688803444549,0.01998688803444549,1.130715143327745,185,1.9008309841156006,0.7185337543487549,336.44708251953125,10.192161560058594,2.9345643520355225,1.1831616163253784,1.1822972297668457,1.6063850538128415,0.647518076991759,1.0399104439784423e-06,4.923798542222357e-07,0.0001840641489252448,5.566100298892707e-06,1.260508042832953e-06,5.474593081089552e-07,5.475305897562066e-07,0.001039341372783644,0.0010386012787133275
2021-07-30_02h22m33s_C6H12N2O4S2_+Cl_-H2_185,2021-07-30_02h22m33s,Cystine,C6H12N2O4S2,+Cl,-H2,185,1.2514349360046813,5.6492992230493595,0.01694915254237288,0.01694915254237288,0.008265658026476806,0.016227912008654886,0.003543774474192462,0.003543774474192462,1.2579984519347824,153,1.176692247390747,0.9734708666801453,208.27452087402344,9.129372596740723,1.0905311107635498,0.2072899490594864,0.2032213658094406,5.761846919037458,1.0780198894813224,5.350484570953995e-07,4.4306227664492326e-07,9.47035732679069e-05,4.176229140284704e-06,4.627377450105996e-07,9.374623743951815e-08,9.198616623962153e-08,0.0005349992445659508,0.0005348009844938054
2021-07-30_02h22m33s_C6H12N2O4S2_[M]-_-NH3_185,2021-07-30_02h22m33s,Cystine,C6H12N2O4S2,[M]-,-NH3,185,0.555314240784125,0.577194403863343,0.011299435028248588,0.0,0.019801980198019802,0.03588171655247025,0.01034782146464199,0.01034782146464199,0.5494346014038071,24,0.3470034599304199,-0.2682480812072754,61.419612884521484,3.245920419692993,11.842415809631348,0.6001899242401123,0.6152515411376953,0.5630873706048638,0.02929927189149506,1.2552575867630367e-07,-1.607096464795177e-07,2.221805880253669e-05,1.1745217989300727e-06,4.927838745061308e-06,2.7934012791774876e-07,2.8623540515582135e-07,0.0001254898390413827,0.0001249102212483817
2021-07-30_02h22m33s_C6H12N2O4S2_[M]-_+H2_185,2021-07-30_02h22m33s,Cystine,C6H12N2O4S2,[M]-,+H2,185,1.3591786069232086,3.3854613119248818,0.022598870056497175,0.022598870056497175,0.012448548225609079,0.022268301478543095,0.006626858266739905,0.006626858266739905,1.3525302335850322,175,1.306081771850586,0.9169212579727173,231.17648315429688,8.66360092163086,1.5219236612319946,0.38479137420654297,0.38916048407554626,3.3475501111939647,0.8576147348016179,6.720129590576107e-07,4.936765662932885e-07,0.00011894629278685898,4.527025794232031e-06,6.68568134187808e-07,1.76374314264649e-07,1.7833640697517694e-07,0.0006718931360498563,0.0006715639727853379
2021-07-30_02h22m33s_C6H12N2O4S2_[M]-_-CO2_185,2021-07-30_02h22m33s,Cystine,C6H12N2O4S2,[M]-,-CO2,185,0.912059918605153,1.0582666126264622,0.05084745762711865,0.0,0.0544888196684837,0.06932924630364226,0.04575012846182469,0.04575012846182469,0.9081314166059931,5,4.233699321746826,0.20952081680297852,749.36474609375,18.291671752929688,18.50867462158203,3.9995980262756348,4.024178504943848,1.0518041166489551,0.22872899758110224,1.8145075273423572e-06,-1.40603674481099e-07,0.0003211678413208574,7.916849426692352e-06,7.733891834504902e-06,1.9401284134801244e-06,1.9551112018234562e-06,0.0018109668856979976,0.0018005820207546862
2021-07-30_02h22m33s_C6H12N2O4S2_-H_-H2_185,2021-07-30_02h22m33s,Cystine,C6H12N2O4S2,-H,-H2,185,1.3371532522106018,7.191356583947398,0.01694915254237288,0.01694915254237288,0.007709422627656024,0.01619786031974997,0.0026755497280153092,0.0026755497280153092,1.3320982946628894,167,1.1214356422424316,0.9636011123657227,198.49411010742188,8.75719165802002,1.0602936744689941,0.15494215488433838,0.1578345000743866,7.0604033866523475,1.0566685444568666,4.578058110382699e-07,3.867017426273378e-07,8.103162690531462e-05,3.582278850444709e-06,4.327802685111237e-07,6.966942578401358e-08,7.11040826217868e-08,0.0004577732614904628,0.0004576077674258106
2021-07-30_02h22m33s_C6H12N2O4S2_[M]-_-H2O_185,2021-07-30_02h22m33s,Cystine,C6H12N2O4S2,[M]-,-H2O,185,1.0452086977320414,1.4205283625617855,0.03389830508474576,0.03389830508474576,0.02734453220602959,0.03564130304123092,0.022432092421638287,0.022432092421638287,1.0506388893103358,182,1.9555999040603638,0.5913938283920288,346.14117431640625,10.677062034606934,2.5829367637634277,1.3756707906723022,1.364206075668335,1.4324576625569165,0.7568296296895789,9.155116345027636e-07,2.94761946406652e-07,0.00016204555868171155,5.049899755249498e-06,1.1215287258892204e-06,6.259089104787563e-07,6.207496880961116e-07,0.0009149436834966076,0.0009144860121706903
2021-07-30_02h22m33s_C6H12N2O4S2_+Cl_-NH3_185,2021-07-30_02h22m33s,Cystine,C6H12N2O4S2,+Cl,-NH3,185,0.771647991101192,0.8649869585643933,0.1977401129943503,0.1977401129943503,0.2474357548114362,0.24969948311095083,0.24625688821163422,0.24625688821163422,0.7733431670631187,189,14.570954322814941,-2.229722023010254,2579.058837890625,30.60072898864746,17.294160842895508,16.844287872314453,16.800676345825195,0.8672321751058766,0.8424873555772906,6.316764938674169e-06,-1.0810467756527942e-06,0.0011180674191564322,1.3279234735819045e-05,7.483866284019314e-06,7.4159493124170695e-06,7.397811714326963e-06,0.006270377863859651,0.0062698422774478575
2021-07-30_02h22m33s_C6H12N2O4S2_-H_-H2O_185,2021-07-30_02h22m33s,Cystine,C6H12N2O4S2,-H,-H2O,185,1.1797103901607258,1.6542458185300075,0.06779661016949153,0.06779661016949153,0.05639114473245077,0.07146291621589133,0.047468859081808035,0.047468859081808035,1.1785226071101929,186,4.9174699783325195,1.947296380996704,870.3922119140625,18.725154876708984,4.735418796539307,2.971635580062866,2.9701735973358154,1.6550597995155532,1.038225332169845,2.2566116513189627e-06,8.953907126851846e-07,0.0003994202706962824,8.780660209595226e-06,2.061711029455182e-06,1.3608720337288105e-06,1.3612209386337781e-06,0.0022535440799312263,0.0022519687425245115
2021-07-30_02h22m33s_C6H12N2O4S2_-H_+H2_185,2021-07-30_02h22m33s,Cystine,C6H12N2O4S2,-H,+H2,185,3.10056796040951,8.87904401824712,0.05649717514124294,0.05649717514124294,0.0233618867504728,0.04886404615939416,0.008221556780126513,0.008221556780126513,3.0874617538177893,183,3.973856210708618,3.5225424766540527,703.37255859375,17.31391143798828,4.270498752593994,0.4465545117855072,0.45131373405456543,8.78561916545569,0.9303189444443536,1.556806296321156e-06,1.3402193417277886e-06,0.0002755547175183892,6.82816562402877e-06,1.8039008864434436e-06,2.1419043605419574e-07,2.1658701143678627e-07,0.0015564691853119158,0.0015540030288798239
2021-07-30_02h22m33s_C6H12N2O4S2_+Cl_+H2_185,2021-07-30_02h22m33s,Cystine,C6H12N2O4S2,+Cl,+H2,185,0.0,0.0,0.0,0.0,0.009111135832684391,0.014064190407500902,0.006219324202207771,0.006219324202207771,0.0,164,0.0,-0.35155054926872253,0.0,0.0,1.0771857500076294,0.35441288352012634,0.35155054926872253,0.0,0.0,0.0,-1.5510079265368404e-07,0.0,0.0,4.7496388333456707e-07,1.561310938313909e-07,1.5510079265368404e-07,0.0,0.0
2021-07-30_02h22m33s_C6H12N2O4S2_[M]-_-CH2O2_185,2021-07-30_02h22m33s,Cystine,C6H12N2O4S2,[M]-,-CH2O2,185,0.9839540072441575,1.3622338954778126,0.03954802259887006,0.03954802259887006,0.03266214261875626,0.03681331890852266,0.03019295852011978,0.03019295852011978,0.9807140895051747,189,2.6828625202178955,0.7020254135131836,474.8666687011719,13.781047821044922,2.4444525241851807,1.9684580564498901,1.980837106704712,1.3537250418521074,1.097082234754003,1.3328543673196691e-06,3.6579842799255857e-07,0.00023591521312482655,6.793756256229244e-06,1.1302170150884194e-06,9.603829767002026e-07,9.670559393271105e-07,0.0013315666678649003,0.0013313496532884903
2021-07-30_02h22m33s_C6H12N2O4S2_[M]-_-CH2O3_185,2021-07-30_02h22m33s,Cystine,C6H12N2O4S2,[M]-,-CH2O3,185,1.2187914416381609,1.3969637518963431,0.06779661016949153,0.06779661016949153,0.054410946712648796,0.06923909123692752,0.045626096355227956,0.045626096355227956,1.2196015060315164,188,6.536745071411133,1.8636956214904785,1157.00390625,25.367469787597656,7.398416996002197,4.67825174331665,4.673049449920654,1.398518595373889,0.883413527706689,2.93863581646292e-06,7.600995104439789e-07,0.0005201385356485844,1.2208291082060896e-05,3.354756927365088e-06,2.18083914660383e-06,2.178536306018941e-06,0.0029322478081546107,0.0029288103695866105
2021-07-30_02h22m33s_C6H12N2O4S2_-H_+HCl_185,2021-07-30_02h22m33s,Cystine,C6H12N2O4S2,-H,+HCl,185,0.4994800935893491,4.141044216350939,0.005649717514124294,0.005649717514124294,0.003849148959839804,0.00814400769323236,0.001311196555451211,0.001311196555451211,0.49926250497154334,120,0.3100033402442932,0.23597827553749084,54.87059020996094,4.112659454345703,0.5347107648849487,0.07386115193367004,0.07402507215738297,4.131996562349015,0.5786767049769305,1.4752818344732077e-07,1.1462608995316259e-07,2.6112487830687314e-05,1.957182576006744e-06,2.1385898207881837e-07,3.2902431001957666e-08,3.290209349415818e-08,0.000147523329620937,0.00014749663996603757
2021-07-30_02h22m33s_C6H12N2O4S2_+Cl__185,2021-07-30_02h22m33s,Cystine,C6H12N2O4S2,+Cl,,185,0.4994800935893491,4.141044216350939,0.005649717514124294,0.005649717514124294,0.003849148959839804,0.00814400769323236,0.001311196555451211,0.001311196555451211,0.49926250497154334,120,0.3100033402442932,0.23597827553749084,54.87059020996094,4.112659454345703,0.5347107648849487,0.07386115193367004,0.07402507215738297,4.131996562349015,0.5786767049769305,1.4752818344732077e-07,1.1462608995316259e-07,2.6112487830687314e-05,1.957182576006744e-06,2.1385898207881837e-07,3.2902431001957666e-08,3.290209349415818e-08,0.000147523329620937,0.00014749663996603757
2021-07-30_02h22m33s_C6H12N2O4S2_[M]-__185,2021-07-30_02h22m33s,Cystine,C6H12N2O4S2,[M]-,,185,0.0,0.0,0.0,0.0,0.005551229280231394,0.011479745161678087,0.0020731080674025906,0.0020731080674025906,0.0,5,0.0,-0.5175272226333618,0.0,0.0,23.174175262451172,0.5016539692878723,0.5175272226333618,0.0,0.0,0.0,-2.4739355808378605e-07,0.0,0.0,9.09534628590336e-06,2.3980567220860394e-07,2.4739355808378605e-07,0.0,0.0
2021-07-30_02h22m33s_C6H12N2O4S2_-H_+C12H14N2_185,2021-07-30_02h22m33s,Cystine,C6H12N2O4S2,-H,+C12H14N2,185,1.5171357761771098,1.7717635930558626,0.1807909604519774,0.1807909604519774,0.12523083769051063,0.15218175261449693,0.10916597267749881,0.10916597267749881,1.512966116646608,189,12.185309410095215,5.280230522155762,2156.7998046875,26.757957458496094,10.379453659057617,6.876502990722656,6.905078887939453,1.7644324091598829,1.1738706043413376,5.4965244089544285e-06,2.391823727521114e-06,0.0009728848235681653,1.209059792017797e-05,4.599737167154672e-06,3.0925998544262256e-06,3.1047006814333145e-06,0.005479512163805539,0.005471357602037542
2021-07-30_02h22m33s_C6H12N2O4S2_[M]-_+HCl_185,2021-07-30_02h22m33s,Cystine,C6H12N2O4S2,[M]-,+HCl,185,0.5267078106689013,7.131538456315622,0.005649717514124294,0.005649717514124294,0.0012348425853821337,0.0020735665344392357,0.0007264737672094548,0.0007264737672094548,0.5264767593221878,36,0.2878918945789337,0.24822157621383667,50.95686340332031,3.819317102432251,0.13698150217533112,0.03936883434653282,0.03967031091451645,7.078674544289665,2.086452821865308,1.7703884225284128e-07,1.5868381808559207e-07,3.133587597403675e-05,2.3486857116949977e-06,5.881419795628062e-08,1.821088169151608e-08,1.8355022390892373e-08,0.00017703559276057218,0.00017702843046768786
2021-07-30_02h22m33s_C6H12N2O4S2_-H_-CH2O3_185,2021-07-30_02h22m33s,Cystine,C6H12N2O4S2,-H,-CH2O3,185,0.9833008181032535,1.217594831941831,0.6610169491525424,0.6610169491525424,0.676471242629881,0.700685178507032,0.6622428548647165,0.6622428548647165,0.9836393711605886,189,123.9511489868164,22.146652221679688,21939.353515625,104.53854370117188,129.01919555664062,101.79899597167969,101.80449676513672,1.2175290423931555,0.9607112161940656,6.208864215295762e-05,1.1945743608521298e-05,0.010989689268171787,5.918866372667253e-05,6.370725168380886e-05,5.0105929403798655e-05,5.014289854443632e-05,0.0591239937336303,0.05837004688524367
2021-07-30_02h22m33s_C6H12N2O4S2_-H_-CH2O2_185,2021-07-30_02h22m33s,Cystine,C6H12N2O4S2,-H,-CH2O2,185,1.1131761179865876,1.0887690742971028,0.1864406779661017,0.11299435028248588,0.17526977416842807,0.20537324197619905,0.15748533763311304,0.15748533763311304,1.1055015606676695,189,11.289531707763672,0.87969970703125,1998.2471923828125,25.096139907836914,14.438251495361328,10.368078231811523,10.409832000732422,1.0844024480434833,0.7818640537835693,5.181757842365187e-06,1.684152266534511e-07,0.0009171711280941963,1.183616495836759e-05,6.593356374651194e-06,4.979558980267029e-06,5.0133426157117356e-06,0.005155909501538371,0.005147816453933112
2021-07-30_02h22m33s_C14H20N6O5S_+Cl_+HCl_62,2021-07-30_02h22m33s,S-Adenosylhomocysteine,C14H20N6O5S,+Cl,+HCl,62,1.4791735111126718,2.758521433866971,0.03389830508474576,0.022598870056497175,0.01997997552564245,0.03188484192811636,0.012917057958431526,0.012917057958431526,1.48869779304994,160,1.804896593093872,1.1573150157928467,319.4667053222656,9.924517631530762,5.055517196655273,0.653298556804657,0.6475816369056702,2.78283640854355,0.35694461679824885,8.03421016826178e-07,5.204282729209808e-07,0.00014220552111510187,4.498346243053675e-06,2.260657311126124e-06,2.8554961772897514e-07,2.8299274390519713e-07,0.0008031937188317983,0.000801608853909923
2021-07-30_02h22m33s_C14H20N6O5S_-H_+HCl_62,2021-07-30_02h22m33s,S-Adenosylhomocysteine,C14H20N6O5S,-H,+HCl,62,3.7134743625225695,25.207269078553804,0.192090395480226,0.192090395480226,0.05002781176994104,0.06334896021156389,0.04172794443361624,0.04172794443361624,3.7372050018876046,189,70.31306457519531,67.55035400390625,12445.412109375,210.81434631347656,4.577989101409912,2.7883963584899902,2.762714147567749,25.441511249300316,15.355586793937832,2.6130233891308308e-05,2.4854845833033323e-05,0.004625051282346249,7.469022966688499e-05,1.9869937659677817e-06,1.2824391433241544e-06,1.2753879445881466e-06,0.026096950155689223,0.026078416240811503
2021-07-30_02h22m33s_C14H20N6O5S_+Cl__62,2021-07-30_02h22m33s,S-Adenosylhomocysteine,C14H20N6O5S,+Cl,,62,3.7134743625225695,25.207269078553804,0.192090395480226,0.192090395480226,0.05002781176994104,0.06334896021156389,0.04172794443361624,0.04172794443361624,3.7372050018876046,189,70.31306457519531,67.55035400390625,12445.412109375,210.81434631347656,4.577989101409912,2.7883963584899902,2.762714147567749,25.441511249300316,15.355586793937832,2.6130233891308308e-05,2.4854845833033323e-05,0.004625051282346249,7.469022966688499e-05,1.9869937659677817e-06,1.2824391433241544e-06,1.2753879445881466e-06,0.026096950155689223,0.026078416240811503
2021-07-30_02h22m33s_C14H20N6O5S_+Cl_-NH3_62,2021-07-30_02h22m33s,S-Adenosylhomocysteine,C14H20N6O5S,+Cl,-NH3,62,10.396843456521475,144.02951613197874,0.12994350282485875,0.12994350282485875,0.005184113917009679,0.00907561004928477,0.002498361004305686,0.002498361004305686,10.389780370093465,134,20.992799758911133,20.847434997558594,3715.7255859375,65.02306365966797,0.6394940614700317,0.14475345611572266,0.14536568522453308,143.42705892236293,32.775947540761656,7.897490831965115e-06,7.831664333934896e-06,0.0013978559290990233,2.3429713110090233e-05,2.6103819550371554e-07,6.545339914509896e-08,6.582684619615975e-08,0.007896970999269731,0.007895429823211337
2021-07-30_02h22m33s_C14H20N6O5S_[M]-_+C12H14N2_62,2021-07-30_02h22m33s,S-Adenosylhomocysteine,C14H20N6O5S,[M]-,+C12H14N2,62,1.7317226234026206,2.6620860701541544,0.15254237288135594,0.15254237288135594,0.08395817109800868,0.09355090756100493,0.0780870705388309,0.0780870705388309,1.725890934879275,189,12.687471389770508,7.906803131103516,2245.682373046875,32.01398468017578,5.888309478759766,4.764988422393799,4.780668258666992,2.653356674581907,2.1543224100429463,4.7274029384425376e-06,2.7438343295216328e-06,0.0008367503178305924,1.1845931112475228e-05,2.3922364107420435e-06,1.973110329345218e-06,1.983568608920905e-06,0.004718044373727316,0.004716120862398049
2021-07-30_02h22m33s_C14H20N6O5S_+Cl_-CH2O3_62,2021-07-30_02h22m33s,S-Adenosylhomocysteine,C14H20N6O5S,+Cl,-CH2O3,62,0.0,0.0,0.0,0.0,0.0054511069084436535,0.006220699603317706,0.005014440880982334,0.005014440880982334,0.0,6,0.0,-3.198338031768799,0.0,0.0,5.9986796379089355,3.1196787357330322,3.198338031768799,0.0,0.0,0.0,-1.3839515986546758e-06,0.0,0.0,2.5541944523865823e-06,1.3499150099960389e-06,1.3839515986546758e-06,0.0,0.0
2021-07-30_02h22m33s_C14H20N6O5S_+Cl_-H2_62,2021-07-30_02h22m33s,S-Adenosylhomocysteine,C14H20N6O5S,+Cl,-H2,62,6.186730380321287,26.61483525335058,0.3502824858757062,0.3502824858757062,0.06021804427633774,0.08174059382137276,0.046618353208001846,0.046618353208001846,6.227276873160175,189,74.30884552001953,71.54100799560547,13152.666015625,160.91578674316406,5.40224027633667,2.791008472442627,2.767834424972534,26.83759088294225,13.752645027735099,2.8346154067548923e-05,2.7174684873898514e-05,0.005017269402742386,5.669145684805699e-05,2.186033498219331e-06,1.179350761049136e-06,1.171469875771436e-06,0.028312986257055653,0.02828432358870953
2021-07-30_02h22m33s_C14H20N6O5S_+Cl_+H2_62,2021-07-30_02h22m33s,S-Adenosylhomocysteine,C14H20N6O5S,+Cl,+H2,62,1.8118680596423693,3.2772504606967354,0.1807909604519774,0.1807909604519774,0.11050172432973634,0.14526986416636614,0.08978152630366604,0.08978152630366604,1.8397966503165557,189,18.564308166503906,13.00120735168457,3285.882568359375,55.18429183959961,10.002664566040039,5.663598537445068,5.563100814819336,3.336443530473069,1.8557507645273443,7.755547812848818e-06,5.283117388898972e-06,0.001372731989249587,2.1026504327892326e-05,4.304074991523521e-06,2.510127842469956e-06,2.472430423949845e-06,0.007736420052538466,0.007722310409737485
2021-07-30_02h22m33s_C14H20N6O5S_[M]-_-NH3_62,2021-07-30_02h22m33s,S-Adenosylhomocysteine,C14H20N6O5S,[M]-,-NH3,62,2.0926450534787766,2.687000387022521,0.22033898305084745,0.22033898305084745,0.11357214373122705,0.14400769323235965,0.09529209561103531,0.09529209561103531,2.1148046074469837,189,16.147512435913086,10.212257385253906,2858.10986328125,32.47587585449219,10.151205062866211,6.008493900299072,5.935255527496338,2.7201511729269217,1.590542383247946,6.964789463381749e-06,4.3325608203304e-06,0.0012327677104622126,1.394319497194374e-05,4.417538548295852e-06,2.6579780296742683e-06,2.6322286430513486e-06,0.00694650467480763,0.006934157555082216
2021-07-30_02h22m33s_C14H20N6O5S_[M]-_-H2_62,2021-07-30_02h22m33s,S-Adenosylhomocysteine,C14H20N6O5S,[M]-,-H2,62,3.403378814971442,6.974301035054862,0.1016949152542373,0.1016949152542373,0.025698075425520082,0.03516047601875225,0.019880574800219715,0.019880574800219715,3.43766519280469,189,8.1819429397583,7.029150485992432,1448.203857421875,26.81077766418457,2.207700252532959,1.1721559762954712,1.1527925729751587,7.09134651357689,3.704415268832957,3.266423163950094e-06,2.722867975535337e-06,0.0005781569052487612,1.0258003385388292e-05,9.954551387636457e-07,5.513213636731962e-07,5.435553021015949e-07,0.0032646486468685897,0.003263174819807033
2021-07-30_02h22m33s_C14H20N6O5S_+Cl_+C12H14N2_62,2021-07-30_02h22m33s,S-Adenosylhomocysteine,C14H20N6O5S,+Cl,+C12H14N2,62,2.563184066291252,5.340182357185788,0.062146892655367235,0.062146892655367235,0.018889754143953722,0.02653564130304123,0.0142459733862537,0.0142459733862537,2.561699671120945,184,4.831727027893066,3.92641019821167,855.2156982421875,19.056211471557617,1.8289517164230347,0.9037868976593018,0.9053168892860413,5.331167370939429,2.6403576578170784,2.181414629376377e-06,1.7772381397662684e-06,0.0003861103905364871,8.718244316696655e-06,7.94433731243771e-07,4.0292189851243165e-07,4.041764327666897e-07,0.0021805333092019346,0.002179683015665313
2021-07-30_02h22m33s_C14H20N6O5S_+Cl_-CO2_62,2021-07-30_02h22m33s,S-Adenosylhomocysteine,C14H20N6O5S,+Cl,-CO2,62,2.3717981463848665,3.936830356608719,0.3163841807909605,0.3163841807909605,0.14491044610078985,0.18049044356292823,0.12339422719138154,0.12339422719138154,2.3833946770179066,189,31.24138832092285,23.349618911743164,5529.7255859375,54.177772521972656,12.923870086669922,7.934670448303223,7.891768932342529,3.9582291827781386,2.417152985788514,1.3421231415122747e-05,9.768171366886236e-06,0.002375558018684387,2.181525997002609e-05,5.781648724223487e-06,3.666244538180763e-06,3.6530605029838625e-06,0.013372381297175197,0.013344080628381728
2021-07-30_02h22m33s_C14H20N6O5S_+Cl_-H2O_62,2021-07-30_02h22m33s,S-Adenosylhomocysteine,C14H20N6O5S,+Cl,-H2O,62,0.48876114374455104,4.26094975907857,0.005649717514124294,0.005649717514124294,0.002280565135165202,0.003485995912970309,0.0015592607686446835,0.0015592607686446835,0.4894039236416438,66,0.5203943848609924,0.40000003576278687,92.10980987548828,6.903811454772949,0.30184775590896606,0.12113107740879059,0.12039435654878616,4.286808708869884,1.7183366054639657,2.477660530075809e-07,1.7761146864359034e-07,4.3854590330738574e-05,3.2869877486518817e-06,1.3487129990608082e-07,7.045815664241672e-08,7.015459146941794e-08,0.0002477486723006886,0.0002477326409842622
2021-07-30_02h22m33s_C14H20N6O5S_[M]-_+H2_62,2021-07-30_02h22m33s,S-Adenosylhomocysteine,C14H20N6O5S,[M]-,+H2,62,1.197191814080335,1.9059048832305514,0.24293785310734464,0.24293785310734464,0.2109133385248637,0.24125495852866932,0.19292308237503766,0.19292308237503766,1.2023823690294362,189,24.730609893798828,11.824320793151855,4377.31787109375,62.62517166137695,17.227005004882812,12.974783897399902,12.906289100646973,1.9160189022619178,1.4354888965257209,1.1715428627212532e-05,5.631502517644549e-06,0.0020736309234052896,2.9149785405024886e-05,8.062340384640265e-06,6.104116891947342e-06,6.083926109567983e-06,0.011644583839556003,0.011621730281822002
2021-07-30_02h22m33s_C14H20N6O5S_-H_-NH3_62,2021-07-30_02h22m33s,S-Adenosylhomocysteine,C14H20N6O5S,-H,-NH3,62,8.590547413772708,22.095106066852587,0.2598870056497175,0.2598870056497175,0.02787851818889754,0.039578074287774975,0.020252671120009922,0.020252671120009922,8.59513711347698,187,26.153364181518555,24.97296714782715,4629.1455078125,51.92583465576172,2.5604004859924316,1.1826722621917725,1.1803975105285645,22.137649646660744,10.210572038439066,1.0209553693130147e-05,9.659161150921136e-06,0.0018070910591632128,1.91241178981727e-05,1.1134119404232479e-06,5.511988661055511e-07,5.503927127392672e-07,0.010203937520277739,0.010198198896707741
2021-07-30_02h22m33s_C14H20N6O5S_[M]-_+HCl_62,2021-07-30_02h22m33s,S-Adenosylhomocysteine,C14H20N6O5S,[M]-,+HCl,62,2.1618280608202047,3.2988291746095695,0.096045197740113,0.096045197740113,0.04208477027478029,0.0547842288736627,0.03442776901677977,0.03442776901677977,2.1700036078110236,189,6.9686713218688965,4.870011329650879,1233.454833984375,22.104116439819336,3.641256093978882,2.1114680767059326,2.0986597537994385,3.318952658524192,1.9132842782222281,2.908077021857025e-06,1.974763790713041e-06,0.0005147296469658613,9.11550159798935e-06,1.5309788068407215e-06,9.368594646730344e-07,9.33313231143984e-07,0.002905365405882407,0.0029036316233787595
2021-07-30_02h22m33s_C14H20N6O5S_[M]-_-H2O_62,2021-07-30_02h22m33s,S-Adenosylhomocysteine,C14H20N6O5S,[M]-,-H2O,62,1.1604557488086333,1.241524351688334,0.13559322033898305,0.13559322033898305,0.11044610078985427,0.11642024281764635,0.10684480039690274,0.10684480039690274,1.1593201490474752,189,9.124626159667969,1.7716894149780273,1615.058837890625,23.930940628051758,8.170303344726562,7.34853458404541,7.352936744689941,1.240781159323486,1.1166671673689172,3.7494796742976177e-06,2.154188223357778e-07,0.0006636579055339098,1.0067129551316611e-05,3.818123332166579e-06,3.5252319321443792e-06,3.53406085196184e-06,0.003736275449499396,0.0037352181507256
2021-07-30_02h22m33s_C14H20N6O5S_-H_+H2_62,2021-07-30_02h22m33s,S-Adenosylhomocysteine,C14H20N6O5S,-H,+H2,62,77.23634311731324,20026.393482266285,0.8531073446327684,0.4632768361581921,0.004383134942707754,0.005529510758504628,0.0010454134698867764,0.0010454134698867764,80.90183502676923,2,3666.397216796875,3666.30224609375,648952.3125,8017.17333984375,2.036050319671631,0.1820782572031021,0.09491651505231857,38224.87936302736,1799.8559885294794,0.0013908405089750886,0.0013908006949350238,0.2461787611246109,0.0027448467444628477,7.747117365397571e-07,8.216940727834299e-08,3.98655402022996e-08,1.390785064577184,1.389763842615196
2021-07-30_02h22m33s_C14H20N6O5S_[M]-_-CH2O3_62,2021-07-30_02h22m33s,S-Adenosylhomocysteine,C14H20N6O5S,[M]-,-CH2O3,62,0.39689446624174757,2.0828843349836776,0.005649717514124294,0.005649717514124294,0.004905996217599288,0.0060403894698882075,0.004234810496659993,0.004234810496659993,0.3989933154178094,110,2.0793840885162354,1.0996131896972656,368.0509948730469,27.586149215698242,1.6313011646270752,0.9973195195198059,0.9797709584236145,2.120152590833657,1.2738973257985167,1.1715222854036256e-06,6.989800453993666e-07,0.00020735945145133883,1.554200025566388e-05,6.940943535482802e-07,4.779952860189951e-07,4.7254224000425893e-07,0.0011709689531115468,0.001170709702409539
2021-07-30_02h22m33s_C14H20N6O5S_-H_-CH2O3_62,2021-07-30_02h22m33s,S-Adenosylhomocysteine,C14H20N6O5S,-H,-CH2O3,62,0.0,0.0,0.0,0.0,2.2249415952831237e-05,6.0103377809832915e-05,0.0,0.0,0.0,2,0.0,0.0,0.0,0.0,0.013834972865879536,0.0,0.0,0.0,0.0,0.0,0.0,0.0,0.0,4.295264144360544e-09,0.0,0.0,0.0,0.0
2021-07-30_02h22m33s_C14H20N6O5S_[M]-_-CH2O2_62,2021-07-30_02h22m33s,S-Adenosylhomocysteine,C14H20N6O5S,[M]-,-CH2O2,62,0.8156035217326988,0.6606115248282322,0.7344632768361582,0.7344632768361582,0.8866503504283012,0.8809051568698161,0.8905150876198239,0.8905150876198239,0.8146826334340149,189,1918.5479736328125,-994.4766845703125,339583.0,1392.43701171875,2377.356689453125,2904.198974609375,2913.024658203125,0.6586100497364834,0.8070085465658915,0.000888704089447856,-0.0005471046315506101,0.15730062127113342,0.0007115182233974338,0.0011646858183667064,0.0014282376505434513,0.001435808720998466,0.3648497034215256,0.4105464552442067
2021-07-30_02h22m33s_C14H20N6O5S_-H_-CO2_62,2021-07-30_02h22m33s,S-Adenosylhomocysteine,C14H20N6O5S,-H,-CO2,62,0.46763454514001807,0.34575752619820566,0.022598870056497175,0.022598870056497175,0.039804205139615086,0.04240293304483712,0.03832592093839148,0.03832592093839148,0.46187110319329683,186,15.164219856262207,-29.465923309326172,2684.06689453125,110.62079620361328,39.53388595581055,43.85696029663086,44.63014221191406,0.3397676847314518,0.38356553938746046,8.208897270378657e-06,-1.6700592823326588e-05,0.0014529748586937785,6.143729842733592e-05,2.0223706087563187e-05,2.44531111093238e-05,2.4909490093705244e-05,0.008009387511504196,0.008046173815994536
2021-07-30_02h22m33s_C9H17NO5_-H__181,2021-07-30_02h22m33s,Pantothenic acid,C9H17NO5,-H,,181,69.65945789033036,3040.5802923189804,0.903954802259887,0.768361581920904,0.003648904216264323,0.0,0.0029767705583216685,0.0029767705583216685,90.3954802259887,1,48798.15234375,48798.15234375,8637273.0,79556.75,0.0,16.04796028137207,0.0,48798152.34375,48798152.34375,0.02484227903187275,0.02484227903187275,4.397083282470703,0.03505348041653633,0.0,8.942460226535331e-06,0.0,24.84227903187275,24.84227903187275
2021-07-30_02h22m33s_C9H17NO5_-H_-NH3_181,2021-07-30_02h22m33s,Pantothenic acid,C9H17NO5,-H,-NH3,181,2.1229182424014885,2.713969919278751,0.2994350282485876,0.2994350282485876,0.2027700522861275,0.32389710301718955,0.13104878005563725,0.13104878005563725,2.1404723687183567,189,23.70382308959961,15.057544708251953,4195.57666015625,38.43342971801758,33.23267364501953,8.733003616333008,8.646278381347656,2.7411888509024074,0.71324715235482,1.2818873983633239e-05,8.491277185385115e-06,0.0022689406760036945,2.1533764083869755e-05,1.5511202946072444e-05,4.383748091640882e-06,4.327596798248123e-06,0.012763638104239335,0.012623074906948093
2021-07-30_02h22m33s_C9H17NO5_+Cl_+H2_181,2021-07-30_02h22m33s,Pantothenic acid,C9H17NO5,+Cl,+H2,181,0.2125163175380958,0.20099490962498906,0.005649717514124294,0.0,0.02338413616642563,0.03501021757422767,0.016584864539220725,0.016584864539220725,0.20817480196147503,10,0.8522433042526245,-3.530514717102051,150.84706115722656,11.30628490447998,41.94124984741211,4.239123821258545,4.382758140563965,0.1944092892275723,0.020319446556947375,3.0125653438517475e-07,-1.7643928913457785e-06,5.332240471034311e-05,3.996619852841832e-06,1.7577793187228963e-05,1.9976655494247098e-06,2.0656493688875344e-06,0.00030063552679897727,0.00029605258330332404
2021-07-30_02h22m33s_C9H17NO5_+Cl_-H2O_181,2021-07-30_02h22m33s,Pantothenic acid,C9H17NO5,+Cl,-H2O,181,1.3454611745068827,1.5865747566554562,0.22598870056497175,0.22598870056497175,0.16919568361330514,0.1879432624113475,0.15796374718712902,0.15796374718712902,1.3262677417985749,189,17.92347526550293,6.440940856933594,3172.455078125,36.01692199707031,14.866942405700684,11.2959623336792,11.482534408569336,1.5607978021233542,1.2055114807702436,9.158228749583941e-06,3.621628820837941e-06,0.0016210065223276615,1.8107630239683203e-05,6.956533070479054e-06,5.4550014283449855e-06,5.536599928746e-06,0.00910780249096145,0.009094959363993656
2021-07-30_02h22m33s_C9H17NO5_+Cl_+C12H14N2_181,2021-07-30_02h22m33s,Pantothenic acid,C9H17NO5,+Cl,+C12H14N2,181,1.040559530709993,1.283641951876004,0.0847457627118644,0.0847457627118644,0.08365780398264545,0.10436951556677486,0.07144249339972004,0.07144249339972004,1.0327498292696213,189,5.709316253662109,1.221665382385254,1010.5490112304688,19.322248458862305,6.837432384490967,4.44674825668335,4.4876508712768555,1.2719448264948303,0.8348867010238187,3.127230002064607e-06,9.987609246309148e-07,0.0005535196978598833,1.0849877071450464e-05,3.2147381716640666e-06,2.112823267452768e-06,2.1284690774336923e-06,0.003120587927158238,0.0031172089913311203
2021-07-30_02h22m33s_C9H17NO5_+Cl_-CH2O2_181,2021-07-30_02h22m33s,Pantothenic acid,C9H17NO5,+Cl,-CH2O2,181,0.2825722440675763,0.2832905109516232,0.03389830508474576,0.03389830508474576,0.12362887974190677,0.14728332732299554,0.1099633219341921,0.1099633219341921,0.27835416371840505,189,1.8712308406829834,-4.852738380432129,331.2078552246094,10.201042175292969,10.974026679992676,6.604342460632324,6.723968982696533,0.2782512224959987,0.17049897874910971,1.0148598903469974e-06,-2.24749192057061e-06,0.00017963020945899189,5.543925908568781e-06,5.105107902636519e-06,3.212009687558748e-06,3.2623518109176075e-06,0.0010115598263157647,0.0010097052361665102
2021-07-30_02h22m33s_C9H17NO5_+Cl_-CO2_181,2021-07-30_02h22m33s,Pantothenic acid,C9H17NO5,+Cl,-CO2,181,0.7960150305894625,0.8744276563473627,0.03389830508474576,0.03389830508474576,0.040493937034152855,0.05394278158432504,0.03258500629019969,0.03258500629019969,0.7904383518433769,189,1.8082197904586792,-0.27941834926605225,320.0549011230469,9.702814102172852,3.8098576068878174,2.066889524459839,2.0876381397247314,0.8657410568481674,0.4744915651507073,1.1015706604666775e-06,5.7891725191439036e-08,0.00019497799803502858,6.235120054043364e-06,1.8439352515997598e-06,1.034647766573471e-06,1.0436789352752385e-06,0.0011004221730247818,0.0010995431740473956
2021-07-30_02h22m33s_C9H17NO5_[M]-_-H2_181,2021-07-30_02h22m33s,Pantothenic acid,C9H17NO5,[M]-,-H2,181,0.8919532872055831,1.1567249737088954,0.4067796610169492,0.4067796610169492,0.4523417510290355,0.4632467844692872,0.44605489306660523,0.44605489306660523,0.8976043652270875,189,43.875038146972656,6.438739776611328,7765.8818359375,59.25777053833008,40.10877227783203,37.92939758300781,37.43629837036133,1.1719605862827969,1.0938740275825904,2.423994374112226e-05,5.628806320601143e-06,0.0042904699221253395,3.383465809747577e-05,1.98946290765889e-05,1.893760054372251e-05,1.8611137420521118e-05,0.023797053508079893,0.02376710598335935
2021-07-30_02h22m33s_C9H17NO5_[M]-_-CH2O2_181,2021-07-30_02h22m33s,Pantothenic acid,C9H17NO5,[M]-,-CH2O2,181,0.0,0.0,0.0,0.0,0.004627878518188897,0.00991705733862243,0.0015238230239027588,0.0015238230239027588,0.0,4,0.0,-0.6274394989013672,0.0,0.0,46.879058837890625,0.6064940690994263,0.6274394989013672,0.0,0.0,0.0,-2.962696896702255e-07,0.0,0.0,1.9598595827119425e-05,2.8637953164434293e-07,2.962696896702255e-07,0.0,0.0
2021-07-30_02h22m33s_C9H17NO5_[M]-__181,2021-07-30_02h22m33s,Pantothenic acid,C9H17NO5,[M]-,,181,0.22626285165704454,0.7444646091392376,0.062146892655367235,0.062146892655367235,0.26831683168316833,0.2756040389469888,0.26466679660506404,0.26466679660506404,0.23020149577208457,189,14.958857536315918,-4.280470848083496,2647.7177734375,66.53510284423828,21.340654373168945,20.092443466186523,19.239328384399414,0.7774741281674261,0.7009230528595957,6.961754479561932e-06,-2.216838765889406e-06,0.001232230570167303,3.1283136195270345e-05,1.0098446182382759e-05,9.669242899690289e-06,9.178593245451339e-06,0.006898436536563258,0.006892154428980205
2021-07-30_02h22m33s_C9H17NO5_[M]-_+C12H14N2_181,2021-07-30_02h22m33s,Pantothenic acid,C9H17NO5,[M]-,+C12H14N2,181,1.2299675869749795,1.5217468447845275,0.05649717514124294,0.05649717514124294,0.03636667037490266,0.03699362904195216,0.03593387316831157,0.03593387316831157,1.2665101295156527,187,3.3419740200042725,1.2303566932678223,591.5294189453125,13.718846321105957,2.3169641494750977,2.195143222808838,2.11161732673645,1.5819116778555065,1.4417712287573825,1.8811629161064047e-06,9.166882364297635e-07,0.0003329658356960863,8.033597623580135e-06,1.0303122053301195e-06,1.0053142887045396e-06,9.644746796766412e-07,0.0018793503302985898,0.001879226725874154
2021-07-30_02h22m33s_C9H17NO5_+Cl__181,2021-07-30_02h22m33s,Pantothenic acid,C9H17NO5,+Cl,,181,15.398860716128363,79.33830563912846,0.24293785310734464,0.07909604519774012,0.009266881744354211,0.013943983651881237,0.005776352392933714,0.005776352392933714,15.206577743238869,4,134.1844024658203,132.43572998046875,23750.638671875,360.2710266113281,33.78794860839844,1.6902940273284912,1.7486686706542969,76.69132145781717,3.971251192837294,6.275432679103687e-05,6.190683780005202e-05,0.011107515543699265,0.0001520084188086912,1.2761241123371292e-05,8.19198419321765e-07,8.474896731058834e-07,0.06270118818156153,0.06196359442175013
2021-07-30_02h22m33s_C9H17NO5_-H_+HCl_181,2021-07-30_02h22m33s,Pantothenic acid,C9H17NO5,-H,+HCl,181,15.398860716128363,79.33830563912846,0.24293785310734464,0.07909604519774012,0.009266881744354211,0.013943983651881237,0.005776352392933714,0.005776352392933714,15.206577743238869,4,134.1844024658203,132.43572998046875,23750.638671875,360.2710266113281,33.78794860839844,1.6902940273284912,1.7486686706542969,76.69132145781717,3.971251192837294,6.275432679103687e-05,6.190683780005202e-05,0.011107515543699265,0.0001520084188086912,1.2761241123371292e-05,8.19198419321765e-07,8.474896731058834e-07,0.06270118818156153,0.06196359442175013
2021-07-30_02h22m33s_C9H17NO5_+Cl_+HCl_181,2021-07-30_02h22m33s,Pantothenic acid,C9H17NO5,+Cl,+HCl,181,0.21480702745584507,0.36696830494639643,0.005649717514124294,0.005649717514124294,0.02054733563243965,0.02782786392595264,0.01630136258128533,0.01630136258128533,0.2127736667849631,182,0.36045196652412415,-0.6355992555618286,63.79999923706055,4.781935691833496,1.8653428554534912,0.9812427759170532,0.9960511922836304,0.36151801363232977,0.19313277057903713,1.8011422753261286e-07,-3.0613097123932675e-07,3.188021946698427e-05,2.3894851892691804e-06,8.522337111571687e-07,4.788497562913108e-07,4.862451987719396e-07,0.00018002669041874592,0.00017996085882203593
2021-07-30_02h22m33s_C9H17NO5_-H_+H2_181,2021-07-30_02h22m33s,Pantothenic acid,C9H17NO5,-H,+H2,181,1.7957316651189694,4.633273301027485,0.03389830508474576,0.03389830508474576,0.009055512292802314,0.009225868493809353,0.008877155057852118,0.008877155057852118,1.8156109660865516,152,2.400576114654541,1.8965582847595215,424.9019775390625,13.12122631072998,0.5427547097206116,0.5171166658401489,0.5040178894996643,4.753447678918584,4.414814385493763,1.4219749573385343e-06,1.1777829058701172e-06,0.0002516895765438676,8.095257726381533e-06,2.5702416905915015e-07,2.5088615984714124e-07,2.441920798901265e-07,0.0014216278070874919,0.0014216095693202532
2021-07-30_02h22m33s_C9H17NO5_-H_-CH2O2_181,2021-07-30_02h22m33s,Pantothenic acid,C9H17NO5,-H,-CH2O2,181,8.277479458591214,73.17511085532001,0.1016949152542373,0.1016949152542373,0.003203915897207698,0.00423728813559322,0.002285734535854138,0.002285734535854138,8.28605545959764,83,9.557106971740723,9.428104400634766,1691.60791015625,31.59398078918457,0.28703299164772034,0.1296059787273407,0.12900280952453613,73.51461869704407,33.18059822615589,5.793760465166997e-06,5.7305674090457615e-06,0.0010254955850541592,1.97413992282236e-05,1.2953415762240184e-07,6.357825554914598e-08,6.319310585922722e-08,0.005793394362583758,0.005793010072487159
2021-07-30_02h22m33s_C9H17NO5_[M]-_-H2O_181,2021-07-30_02h22m33s,Pantothenic acid,C9H17NO5,[M]-,-H2O,181,1.8604800024675474,2.08761642254668,0.3898305084745763,0.3898305084745763,0.20065635777060853,0.20155667748527467,0.1995322217694066,0.1995322217694066,1.883229332028656,189,52.877437591552734,27.939603805541992,9359.306640625,70.96025085449219,27.585243225097656,25.328096389770508,24.937833786010742,2.120285096138455,1.9168045884350584,2.98608483717544e-05,1.7355914678773843e-05,0.005285370163619518,4.301845910958946e-05,1.3539734936784953e-05,1.2741701539198402e-05,1.2504933692980558e-05,0.029492052214344106,0.029461941493213226
2021-07-30_02h22m33s_C9H17NO5_-H_-CH2O3_181,2021-07-30_02h22m33s,Pantothenic acid,C9H17NO5,-H,-CH2O3,181,0.4463416819640141,2.1053985758529548,0.005649717514124294,0.005649717514124294,0.0027255534542218267,0.002824858757062147,0.002657830855644347,0.002657830855644347,0.4476334212714371,77,0.3289465308189392,0.17575863003730774,58.223533630371094,4.363968372344971,0.16193795204162598,0.1552395522594452,0.15318790078163147,2.1334133816687055,2.0188453745564616,9.186997829147003e-08,1.5892013038865116e-08,1.626098674023524e-05,1.218793045154598e-06,7.68673231732464e-08,7.736820606396577e-08,7.597796525260492e-08,9.18629987277447e-05,9.186291703493866e-05
2021-07-30_02h22m33s_C9H17NO5_-H_-H2O_181,2021-07-30_02h22m33s,Pantothenic acid,C9H17NO5,-H,-H2O,181,1.7126177586051134,4.410192002975421,0.327683615819209,0.327683615819209,0.18108799644009343,0.1798894097848299,0.1813349398444283,0.1813349398444283,1.7373120340564934,189,74.75015258789062,58.122894287109375,13230.77734375,153.26734924316406,17.869991302490234,16.948410034179688,16.627260208129883,4.495368225675456,4.182764756730342,3.982772250310518e-05,3.146290691802278e-05,0.00704950699582696,7.846657535992563e-05,8.77800994203426e-06,8.56351380207343e-06,8.364816494577099e-06,0.03949733454758967,0.03948115651866136
2021-07-30_02h22m33s_C9H17NO5_[M]-_-CO2_181,2021-07-30_02h22m33s,Pantothenic acid,C9H17NO5,[M]-,-CO2,181,0.0,0.0,0.0,0.0,0.0013015908332406274,0.0018932564010097368,0.0009568191080319648,0.0009568191080319648,0.0,51,0.0,-0.05675826221704483,0.0,0.0,0.10902352631092072,0.05486353859305382,0.05675826221704483,0.0,0.0,0.0,-2.5958419413996126e-08,0.0,0.0,4.5964963391043057e-08,2.509186636245886e-08,2.5958419413996126e-08,0.0,0.0
2021-07-30_02h22m33s_C9H17NO5_[M]-_-CH2O3_181,2021-07-30_02h22m33s,Pantothenic acid,C9H17NO5,[M]-,-CH2O3,181,0.0,0.0,0.0,0.0,0.0006341083546556903,0.0008414472893376608,0.0005138472987579071,0.0005138472987579071,0.0,21,0.0,-0.02931511588394642,0.0,0.0,0.05073031410574913,0.028336508199572563,0.02931511588394642,0.0,0.0,0.0,-1.3693200351383439e-08,0.0,0.0,2.054201253542942e-08,1.3236089557722153e-08,1.3693200351383439e-08,0.0,0.0
2021-07-30_02h22m33s_C4H9NO2_+Cl_+C12H14N2_130,2021-07-30_02h22m33s,gamma-Aminobutyric acid,C4H9NO2,+Cl,+C12H14N2,130,1.0057853553503444,1.230356305153944,1.0,1.0,0.9895205250862165,0.9984072604880394,0.9842479224622145,0.9842479224622145,1.006173059572356,189,2385.260498046875,454.5302734375,422191.125,519.52587890625,2061.341796875,1938.673583984375,1930.730224609375,1.2354182019972564,1.1571391724185491,0.0010770887602120638,0.00019509997218847275,0.19064471125602722,0.00021528804791159928,0.0009440119611099362,0.0008854113984853029,0.000881988788023591,0.572314121670826,0.5540545952181789
2021-07-30_02h22m33s_C4H9NO2_[M]-_+C12H14N2_130,2021-07-30_02h22m33s,gamma-Aminobutyric acid,C4H9NO2,[M]-,+C12H14N2,130,1.0561655847017224,1.3892742872250878,0.4180790960451977,0.4180790960451977,0.3871064634553343,0.38907921625195335,0.3858461647500753,0.3858461647500753,1.0585973104112636,189,70.46336364746094,20.009387969970703,12472.015625,89.7950439453125,56.02393341064453,50.71854782104492,50.453975677490234,1.396559263012333,1.2577143667621595,3.0841893021715805e-05,6.944652341189794e-06,0.005459014791995287,3.9933816879056394e-05,2.6209649149677716e-05,2.4000173652893864e-05,2.389724068052601e-05,0.030122058929680246,0.030054183418828255
2021-07-30_02h22m33s_C4H9NO2_[M]-_+HCl_130,2021-07-30_02h22m33s,gamma-Aminobutyric acid,C4H9NO2,[M]-,+HCl,130,1.3612966340187758,2.041518999163259,0.15819209039548024,0.15819209039548024,0.14478807431304927,0.21015146051208078,0.1062069209915481,0.1062069209915481,1.361743326255446,189,14.473846435546875,7.3820929527282715,2561.870849609375,36.1415901184082,21.27786636352539,7.088743686676025,7.0917534828186035,2.0406526845474238,0.6801981923415261,6.741758625139482e-06,3.4363908980594715e-06,0.001193291274830699,1.6717647667974234e-05,9.729002158564981e-06,3.305480731796706e-06,3.305367727080011e-06,0.006719548047881451,0.006676800023300485
2021-07-30_02h22m33s_C4H9NO2_-H_+HCl_130,2021-07-30_02h22m33s,gamma-Aminobutyric acid,C4H9NO2,-H,+HCl,130,1.0541515091878495,0.9187589008093248,0.5649717514124294,0.5649717514124294,0.5453776838357993,0.5782245462194975,0.5259492885872743,0.5259492885872743,1.0572922431548541,189,52.88900375366211,-4.626152038574219,9361.353515625,52.69389724731445,65.14968872070312,57.56470489501953,57.51515579223633,0.9195503945832416,0.8117950061954665,2.4467635739711113e-05,-2.0243969629518688e-06,0.004330771509557962,2.5560239009791985e-05,3.0365339625859633e-05,2.653504088812042e-05,2.6492032702662982e-05,0.023836167218258857,0.023746563280744343
2021-07-30_02h22m33s_C4H9NO2_+Cl__130,2021-07-30_02h22m33s,gamma-Aminobutyric acid,C4H9NO2,+Cl,,130,1.0541515091878495,0.9187589008093248,0.5649717514124294,0.5649717514124294,0.5453776838357993,0.5782245462194975,0.5259492885872743,0.5259492885872743,1.0572922431548541,189,52.88900375366211,-4.626152038574219,9361.353515625,52.69389724731445,65.14968872070312,57.56470489501953,57.51515579223633,0.9195503945832416,0.8117950061954665,2.4467635739711113e-05,-2.0243969629518688e-06,0.004330771509557962,2.5560239009791985e-05,3.0365339625859633e-05,2.653504088812042e-05,2.6492032702662982e-05,0.023836167218258857,0.023746563280744343
2021-07-30_02h22m33s_C4H9NO2_+Cl_+H2_130,2021-07-30_02h22m33s,gamma-Aminobutyric acid,C4H9NO2,+Cl,+H2,130,1.004299820430046,1.1538001011139745,1.0,1.0,0.991033485371009,1.0,0.9857185888690044,0.9857185888690044,1.0046669045908723,189,6253.798828125,839.0859375,1106922.375,765.1461791992188,6138.21826171875,5420.17431640625,5414.712890625,1.1549638548682666,1.0188294945941514,0.0028874760027974844,0.0004259261768311262,0.5110832452774048,0.0006977338925935328,0.002814073581248522,0.0024653347209095955,0.002461549825966358,0.8341569955565755,0.7570582846103039
2021-07-30_02h22m33s_C4H9NO2_+Cl_-NH3_130,2021-07-30_02h22m33s,gamma-Aminobutyric acid,C4H9NO2,+Cl,-NH3,130,0.0,0.0,0.0,0.0,0.002914673489820892,0.003035220579396562,0.0028527384517249323,0.0028527384517249323,0.0,76,0.0,-0.19348713755607605,0.0,0.0,0.19381996989250183,0.19098903238773346,0.19348713755607605,0.0,0.0,0.0,-9.125840705337396e-08,0.0,0.0,9.183515459199043e-08,9.009351487065942e-08,9.125840705337396e-08,0.0,0.0
2021-07-30_02h22m33s_C4H9NO2_+Cl_-CO2_130,2021-07-30_02h22m33s,gamma-Aminobutyric acid,C4H9NO2,+Cl,-CO2,130,0.0,0.0,0.0,0.0,0.00022249415952831238,0.00015025844452458227,0.0002657830855644347,0.0002657830855644347,0.0,5,0.0,-0.015552312135696411,0.0,0.0,0.008513467386364937,0.01516596507281065,0.015552312135696411,0.0,0.0,0.0,-6.309970768114681e-09,0.0,0.0,3.7050988943576613e-09,6.153219267446275e-09,6.309970768114681e-09,0.0,0.0
2021-07-30_02h22m33s_C4H9NO2_[M]-_-CO2_130,2021-07-30_02h22m33s,gamma-Aminobutyric acid,C4H9NO2,[M]-,-CO2,130,0.0,0.0,0.0,0.0,5.5623539882078096e-05,6.0103377809832915e-05,5.315661711288694e-05,5.315661711288694e-05,0.0,2,0.0,-0.0035464062821120024,0.0,0.0,0.0036710200365632772,0.0034583068918436766,0.0035464062821120024,0.0,0.0,0.0,-1.5170189548996404e-09,0.0,0.0,1.4853098750933214e-09,1.4793334335294617e-09,1.5170189548996404e-09,0.0,0.0
2021-07-30_02h22m33s_C4H9NO2_-H__130,2021-07-30_02h22m33s,gamma-Aminobutyric acid,C4H9NO2,-H,,130,0.0,0.0,0.0,0.0,0.00011124707976415619,0.00012020675561966583,0.00010631323422577388,0.00010631323422577388,0.0,4,0.0,-0.005820110905915499,0.0,0.0,0.006441196426749229,0.005675528664141893,0.005820110905915499,0.0,0.0,0.0,-2.311960844991745e-09,0.0,0.0,2.4061406200814872e-09,2.2545274536156512e-09,2.311960844991745e-09,0.0,0.0
2021-07-30_02h22m33s_C4H9NO2_-H_-CO2_130,2021-07-30_02h22m33s,gamma-Aminobutyric acid,C4H9NO2,-H,-CO2,130,0.0,0.0,0.0,0.0,3.337412392924686e-05,0.0,5.315661711288694e-05,5.315661711288694e-05,0.0,0,0.0,-0.0032920227386057377,0.0,0.0,0.0,0.0032102426048368216,0.0032920227386057377,0.0,0.0,0.0,-1.4500988188004271e-09,0.0,0.0,0.0,1.4140756343650196e-09,1.4500988188004271e-09,0.0,0.0
2021-07-30_02h22m33s_C4H9NO2_[M]-__130,2021-07-30_02h22m33s,gamma-Aminobutyric acid,C4H9NO2,[M]-,,130,0.0,0.0,0.0,0.0,0.00022249415952831238,0.00027046520014424813,0.00019490759608058544,0.00019490759608058544,0.0,9,0.0,-0.01000197697430849,0.0,0.0,0.015010996721684933,0.010656338185071945,0.01000197697430849,0.0,0.0,0.0,-4.02258049092552e-09,0.0,0.0,6.338286340223931e-09,4.285676702409091e-09,4.02258049092552e-09,0.0,0.0
2021-07-30_02h22m33s_C4H9NO2_[M]-_+H2_130,2021-07-30_02h22m33s,gamma-Aminobutyric acid,C4H9NO2,[M]-,+H2,130,0.0,0.0,0.0,0.0,0.0001223717877405718,9.015506671474937e-05,0.0001417509789676985,0.0001417509789676985,0.0,3,0.0,-0.008137067779898643,0.0,0.0,0.005000954959541559,0.007934927940368652,0.008137067779898643,0.0,0.0,0.0,-3.0812981055561295e-09,0.0,0.0,1.7270472829622463e-09,3.0047531129895333e-09,3.0812981055561295e-09,0.0,0.0
2021-07-30_02h22m33s_C4H9NO2_[M]-_-H2_130,2021-07-30_02h22m33s,gamma-Aminobutyric acid,C4H9NO2,[M]-,-H2,130,0.0,0.0,0.0,0.0,0.00014462120369340304,0.00018031013342949875,0.00012403210659673618,0.00012403210659673618,0.0,6,0.0,-0.006936762016266584,0.0,0.0,0.009775637648999691,0.007723344024270773,0.006936762016266584,0.0,0.0,0.0,-3.05650593723783e-09,0.0,0.0,3.826644778825994e-09,3.311976248809856e-09,3.05650593723783e-09,0.0,0.0
2021-07-30_02h22m33s_C4H9NO2_-H_-H2_130,2021-07-30_02h22m33s,gamma-Aminobutyric acid,C4H9NO2,-H,-H2,130,0.0,0.0,0.0,0.0,0.00014462120369340304,0.00012020675561966583,0.0001594698513386608,0.0001594698513386608,0.0,4,0.0,-0.008915538899600506,0.0,0.0,0.006395942065864801,0.008694060146808624,0.008915538899600506,0.0,0.0,0.0,-4.082682636408208e-09,0.0,0.0,2.3345139155139805e-09,3.981261098573441e-09,4.082682636408208e-09,0.0,0.0
2021-07-30_02h22m33s_C4H9NO2_-H_-NH3_130,2021-07-30_02h22m33s,gamma-Aminobutyric acid,C4H9NO2,-H,-NH3,130,0.0,0.0,0.0,0.0,0.00013349649571698743,9.015506671474937e-05,0.0001594698513386608,0.0001594698513386608,0.0,3,0.0,-0.008948315866291523,0.0,0.0,0.005353914573788643,0.008726023137569427,0.008948315866291523,0.0,0.0,0.0,-4.526060859433301e-09,0.0,0.0,2.4585842250957057e-09,4.413625465105042e-09,4.526060859433301e-09,0.0,0.0
2021-07-30_02h22m33s_C4H9NO2_[M]-_-CH2O2_130,2021-07-30_02h22m33s,gamma-Aminobutyric acid,C4H9NO2,[M]-,-CH2O2,130,0.0,0.0,0.0,0.0,5.5623539882078096e-05,9.015506671474937e-05,3.5437744741924624e-05,3.5437744741924624e-05,0.0,3,0.0,-0.0019296810496598482,0.0,0.0,0.004964538849890232,0.001881744246929884,0.0019296810496598482,0.0,0.0,0.0,-9.97858462525869e-10,0.0,0.0,2.5084530008712136e-09,9.73069735898946e-10,9.97858462525869e-10,0.0,0.0
2021-07-30_02h22m33s_C4H9NO2_-H_+H2_130,2021-07-30_02h22m33s,gamma-Aminobutyric acid,C4H9NO2,-H,+H2,130,0.0,0.0,0.0,0.0,0.00020024474357548114,0.00027046520014424813,0.0001594698513386608,0.0001594698513386608,0.0,8,0.0,-0.009015652351081371,0.0,0.0,0.015847845003008842,0.008791687898337841,0.009015652351081371,0.0,0.0,0.0,-3.97827326636957e-09,0.0,0.0,7.1949970426032905e-09,3.879446097698747e-09,3.97827326636957e-09,0.0,0.0
2021-07-30_02h22m33s_C4H9NO2_+Cl_-H2O_130,2021-07-30_02h22m33s,gamma-Aminobutyric acid,C4H9NO2,+Cl,-H2O,130,0.0,0.0,0.0,0.0,0.002636555790410502,0.0027948070681572306,0.002551517621418573,0.002551517621418573,0.0,59,0.0,-0.14317555725574493,0.0,0.0,0.17096807062625885,0.14794549345970154,0.14317555725574493,0.0,0.0,0.0,-6.679828601363624e-08,0.0,0.0,8.142459506643718e-08,6.900196325432262e-08,6.679828601363624e-08,0.0,0.0
2021-07-30_02h22m33s_C4H9NO2_[M]-_-NH3_130,2021-07-30_02h22m33s,gamma-Aminobutyric acid,C4H9NO2,[M]-,-NH3,130,0.0,0.0,0.0,0.0,6.674824785849372e-05,6.0103377809832915e-05,7.087548948384925e-05,7.087548948384925e-05,0.0,2,0.0,-0.0038759647868573666,0.0,0.0,0.0031630874145776033,0.0037796786054968834,0.0038759647868573666,0.0,0.0,0.0,-1.9147750052184165e-09,0.0,0.0,1.3841151558224851e-09,1.8672083879067713e-09,1.9147750052184165e-09,0.0,0.0
2021-07-30_02h22m33s_C4H9NO2_-H_-H2O_130,2021-07-30_02h22m33s,gamma-Aminobutyric acid,C4H9NO2,-H,-H2O,130,0.0,0.0,0.0,0.0,7.787295583490934e-05,0.00015025844452458227,3.5437744741924624e-05,3.5437744741924624e-05,0.0,5,0.0,-0.002020746236667037,0.0,0.0,0.009115560911595821,0.0019705472514033318,0.002020746236667037,0.0,0.0,0.0,-8.656348415847503e-10,0.0,0.0,4.02826705325765e-09,8.441308763096345e-10,8.656348415847503e-10,0.0,0.0
2021-07-30_02h22m33s_C4H9NO2_[M]-_-H2O_130,2021-07-30_02h22m33s,gamma-Aminobutyric acid,C4H9NO2,[M]-,-H2O,130,0.0,0.0,0.0,0.0,0.00013349649571698743,0.0002103618223344152,8.859436185481156e-05,8.859436185481156e-05,0.0,7,0.0,-0.005157787352800369,0.0,0.0,0.010959084145724773,0.005029658321291208,0.005157787352800369,0.0,0.0,0.0,-2.248752739575366e-09,0.0,0.0,5.516005874284247e-09,2.192889647645302e-09,2.248752739575366e-09,0.0,0.0
2021-07-30_02h22m33s_C4H9NO2_-H_-CH2O2_130,2021-07-30_02h22m33s,gamma-Aminobutyric acid,C4H9NO2,-H,-CH2O2,130,0.0,0.0,0.0,0.0,8.899766381132495e-05,3.0051688904916458e-05,0.00012403210659673618,0.00012403210659673618,0.0,1,0.0,-0.005718713626265526,0.0,0.0,0.001538292970508337,0.006535136606544256,0.005718713626265526,0.0,0.0,0.0,-2.3919797254023933e-09,0.0,0.0,6.842684197039262e-10,2.7716822170731348e-09,2.3919797254023933e-09,0.0,0.0
2021-07-30_02h22m33s_C4H9NO2_+Cl_-H2_130,2021-07-30_02h22m33s,gamma-Aminobutyric acid,C4H9NO2,+Cl,-H2,130,0.9557468796111157,0.7855728968625203,0.9378531073446328,0.9378531073446328,0.9741016798309045,0.9790840245221781,0.9712777078866701,0.9712777078866701,0.9559817593505602,189,281.18304443359375,-77.86260986328125,49769.3984375,120.38109588623047,312.3827209472656,357.9327392578125,359.045654296875,0.7831379044158971,0.9001206707601165,0.00013492196740116924,-4.059509956277907e-05,0.02388118766248226,7.044048834359273e-05,0.0001508425484644249,0.00017491904145572335,0.0001755170669639483,0.11477669801055056,0.11723755572054258
2021-07-30_02h22m33s_C21H40O4_+Cl_-CH2O3_15,2021-07-30_02h22m33s,MG 18:1,C21H40O4,+Cl,-CH2O3,15,0.0,0.0,0.0,0.0,0.0007231060184670152,0.001051809111672076,0.0005315661711288693,0.0005315661711288693,0.0,12,0.0,-0.030337296426296234,0.0,0.0,0.11346575617790222,0.029586348682641983,0.030337296426296234,0.0,0.0,0.0,-1.502412949605514e-08,0.0,0.0,4.5902034173650463e-08,1.4652231428158302e-08,1.502412949605514e-08,0.0,0.0
2021-07-30_02h22m33s_C21H40O4_-H_+HCl_15,2021-07-30_02h22m33s,MG 18:1,C21H40O4,-H,+HCl,15,3.0640784215574044,30.413876076144586,0.03389830508474576,0.03389830508474576,0.0017354544443208366,0.002704652001442481,0.0010631323422577387,0.0010631323422577387,3.06163884454284,32,1.8823307752609253,1.8208727836608887,333.17254638671875,10.071977615356445,0.21559448540210724,0.060890525579452515,0.061457980424165726,30.137554280135344,8.69057571695042,7.482007617909403e-07,7.19280933481059e-07,0.0001324315380770713,4.037364305986557e-06,8.924586580860705e-08,2.8557105125059934e-08,2.89198567315907e-08,0.0007481791245578485,0.0007481339939249116
2021-07-30_02h22m33s_C21H40O4_+Cl__15,2021-07-30_02h22m33s,MG 18:1,C21H40O4,+Cl,,15,3.0640784215574044,30.413876076144586,0.03389830508474576,0.03389830508474576,0.0017354544443208366,0.002704652001442481,0.0010631323422577387,0.0010631323422577387,3.06163884454284,32,1.8823307752609253,1.8208727836608887,333.17254638671875,10.071977615356445,0.21559448540210724,0.060890525579452515,0.061457980424165726,30.137554280135344,8.69057571695042,7.482007617909403e-07,7.19280933481059e-07,0.0001324315380770713,4.037364305986557e-06,8.924586580860705e-08,2.8557105125059934e-08,2.89198567315907e-08,0.0007481791245578485,0.0007481339939249116
2021-07-30_02h22m33s_C21H40O4_-H_-H2O_15,2021-07-30_02h22m33s,MG 18:1,C21H40O4,-H,-H2O,15,0.40219113175573956,0.507810119844893,0.01694915254237288,0.01694915254237288,0.02765602402936923,0.02010457987738911,0.03214203448092563,0.03214203448092563,0.4044750936230504,184,0.9755179286003113,-0.9319520592689514,172.6666717529297,7.431058406829834,1.190443992614746,1.9200289249420166,1.9074699878692627,0.5111518309436145,0.8187694383010293,5.024713800594327e-07,-4.221076324029127e-07,8.893743506632745e-05,3.846824711217778e-06,5.800985718451557e-07,9.307080404141743e-07,9.245790124623454e-07,0.0005020072347061192,0.0005021800661202672
2021-07-30_02h22m33s_C21H40O4_+Cl_-H2O_15,2021-07-30_02h22m33s,MG 18:1,C21H40O4,+Cl,-H2O,15,0.42379827391394226,1.4941630874630014,0.005649717514124294,0.005649717514124294,0.003648904216264323,0.004177184757783388,0.0033311480057409146,0.0033311480057409146,0.4251578506663948,88,0.28866735100746155,0.09883180260658264,51.094120025634766,3.8296051025390625,0.24734075367450714,0.19219668209552765,0.1898355484008789,1.51264978368219,1.1623841304186797,1.130507243374268e-07,2.5256788660499296e-08,2.0009978470625356e-05,1.4997873449829058e-06,1.0954658336004286e-07,8.87899105350698e-08,8.77939356769275e-08,0.00011304080004069915,0.00011303834137334066
2021-07-30_02h22m33s_C21H40O4_+Cl_+HCl_15,2021-07-30_02h22m33s,MG 18:1,C21H40O4,+Cl,+HCl,15,0.5548310941552899,0.9930963288784546,0.011299435028248588,0.011299435028248588,0.011625319835354322,0.013763673518451737,0.010365540337012952,0.010365540337012952,0.5521314843348741,149,0.6129168272018433,-0.009380877017974854,108.48628234863281,5.733662128448486,0.8582196831703186,0.6161776185035706,0.6222977042198181,0.9833452346323518,0.71334123182598,2.508861314254318e-07,-3.5455144598017796e-08,4.440684278961271e-05,2.3470543055736925e-06,3.782271846830554e-07,2.8295096399233444e-07,2.863412760234496e-07,0.000250814312935021,0.0002507912753474141
2021-07-30_02h22m33s_C21H40O4_[M]-_+HCl_15,2021-07-30_02h22m33s,MG 18:1,C21H40O4,[M]-,+HCl,15,1.0783540164182586,20.613214143569788,0.011299435028248588,0.011299435028248588,0.0006897318945377684,0.000991705733862243,0.0004784095540159824,0.0004784095540159824,1.080849676668061,19,0.5694472193717957,0.5440804958343506,100.79216003417969,5.3272247314453125,0.06900515407323837,0.02662534825503826,0.02536672167479992,21.597194615060797,8.13436134682381,2.506176599581522e-07,2.3863475462349015e-07,4.4359327148413286e-05,2.3596301161887823e-06,2.7579753592021916e-08,1.2527299197984121e-08,1.198291510462468e-08,0.000250614656863995,0.00025061074817547
2021-07-30_02h22m33s_C21H40O4_+Cl_+C12H14N2_15,2021-07-30_02h22m33s,MG 18:1,C21H40O4,+Cl,+C12H14N2,15,0.0,0.0,0.0,0.0,0.0003337412392924686,0.0005709820891934127,0.00019490759608058544,0.00019490759608058544,0.0,11,0.0,-0.012029753997921944,0.0,0.0,0.03955509513616562,0.011731978505849838,0.012029753997921944,0.0,0.0,0.0,-5.270572422944042e-09,0.0,0.0,1.6171735950365473e-08,5.14010878305271e-09,5.270572422944042e-09,0.0,0.0
2021-07-30_02h22m33s_C21H40O4_[M]-__15,2021-07-30_02h22m33s,MG 18:1,C21H40O4,[M]-,,15,0.0,0.0,0.0,0.0,5.5623539882078096e-05,9.015506671474937e-05,3.5437744741924624e-05,3.5437744741924624e-05,0.0,3,0.0,-0.001961354399099946,0.0,0.0,0.005380784161388874,0.0019128044368699193,0.001961354399099946,0.0,0.0,0.0,-8.831616549187515e-10,0.0,0.0,2.6523394591748684e-09,8.613005308966137e-10,8.831616549187515e-10,0.0,0.0
2021-07-30_02h22m33s_C21H40O4_-H_-CH2O2_15,2021-07-30_02h22m33s,MG 18:1,C21H40O4,-H,-CH2O2,15,0.0,0.0,0.0,0.0,0.0006897318945377684,0.0007512922226229114,0.0006555982777256055,0.0006555982777256055,0.0,17,0.0,-0.039338234812021255,0.0,0.0,0.07200267165899277,0.03925668075680733,0.039338234812021255,0.0,0.0,0.0,-1.963513795999461e-08,0.0,0.0,3.119361124959141e-08,1.9663987771423308e-08,1.963513795999461e-08,0.0,0.0
2021-07-30_02h22m33s_C21H40O4_[M]-_-CH2O2_15,2021-07-30_02h22m33s,MG 18:1,C21H40O4,[M]-,-CH2O2,15,0.0,0.0,0.0,0.0,6.674824785849372e-05,6.0103377809832915e-05,7.087548948384925e-05,7.087548948384925e-05,0.0,2,0.0,-0.004204001743346453,0.0,0.0,0.0033756885677576065,0.004099938552826643,0.004204001743346453,0.0,0.0,0.0,-1.7888108772012856e-09,0.0,0.0,1.6774108768657925e-09,1.744531963332463e-09,1.7888108772012856e-09,0.0,0.0
2021-07-30_02h22m33s_C21H40O4_+Cl_-CH2O2_15,2021-07-30_02h22m33s,MG 18:1,C21H40O4,+Cl,-CH2O2,15,0.0,0.0,0.0,0.0,0.00022249415952831238,0.00024041351123933166,0.00021262646845154776,0.00021262646845154776,0.0,8,0.0,-0.01066618226468563,0.0,0.0,0.01932111382484436,0.011301999911665916,0.01066618226468563,0.0,0.0,0.0,-5.1850039817225024e-09,0.0,0.0,7.507200194822872e-09,5.6352318367203225e-09,5.1850039817225024e-09,0.0,0.0
2021-07-30_02h22m33s_C21H40O4_-H_-CH2O3_15,2021-07-30_02h22m33s,MG 18:1,C21H40O4,-H,-CH2O3,15,0.0,0.0,0.0,0.0,0.0017465791522972521,0.001652842889770405,0.0018073249818381558,0.0018073249818381558,0.0,50,0.0,-0.09800394624471664,0.0,0.0,0.09542118012905121,0.10178310424089432,0.09800394624471664,0.0,0.0,0.0,-4.377110229825121e-08,0.0,0.0,4.3107657887730966e-08,4.5446199692378286e-08,4.377110229825121e-08,0.0,0.0
2021-07-30_02h22m33s_C21H40O4_+Cl_+H2_15,2021-07-30_02h22m33s,MG 18:1,C21H40O4,+Cl,+H2,15,0.0,0.0,0.0,0.0,0.0008788519301368339,0.0009616540449573266,0.0008327870014352287,0.0008327870014352287,0.0,26,0.0,-0.046606533229351044,0.0,0.0,0.053981322795152664,0.046461526304483414,0.046606533229351044,0.0,0.0,0.0,-2.0006650558457295e-08,0.0,0.0,2.371372076481748e-08,1.994227361024059e-08,2.0006650558457295e-08,0.0,0.0
2021-07-30_02h22m33s_C21H40O4_-H_-CO2_15,2021-07-30_02h22m33s,MG 18:1,C21H40O4,-H,-CO2,15,0.0,0.0,0.0,0.0,0.0005784848147736122,0.0011419641783868254,0.00024806421319347236,0.00024806421319347236,0.0,16,0.0,-0.013922708109021187,0.0,0.0,0.08308903127908707,0.014565747231245041,0.013922708109021187,0.0,0.0,0.0,-8.431116249596471e-09,0.0,0.0,3.4493265133050954e-08,8.599373657602882e-09,8.431116249596471e-09,0.0,0.0
2021-07-30_02h22m33s_C21H40O4_[M]-_+C12H14N2_15,2021-07-30_02h22m33s,MG 18:1,C21H40O4,[M]-,+C12H14N2,15,0.0,0.0,0.0,0.0,3.337412392924686e-05,6.0103377809832915e-05,1.7718872370962312e-05,1.7718872370962312e-05,0.0,2,0.0,-0.0009459787397645414,0.0,0.0,0.0039075445383787155,0.0009225626708939672,0.0009459787397645414,0.0,0.0,0.0,-3.252533242736888e-10,0.0,0.0,1.6894542431700188e-09,3.172022366992877e-10,3.252533242736888e-10,0.0,0.0
2021-07-30_02h22m33s_C21H40O4_+Cl_-H2_15,2021-07-30_02h22m33s,MG 18:1,C21H40O4,+Cl,-H2,15,0.0,0.0,0.0,0.0,0.0020358215596840584,0.0019233080899146533,0.002108545812144515,0.002108545812144515,0.0,51,0.0,-0.11878421157598495,0.0,0.0,0.1098732128739357,0.11811859160661697,0.11878421157598495,0.0,0.0,0.0,-5.3649259257326776e-08,0.0,0.0,5.0203411205984594e-08,5.3185797099786214e-08,5.3649259257326776e-08,0.0,0.0
2021-07-30_02h22m33s_C21H40O4_-H__15,2021-07-30_02h22m33s,MG 18:1,C21H40O4,-H,,15,0.0,0.0,0.0,0.0,0.0005228612748915341,0.0006010337780983291,0.0004784095540159824,0.0004784095540159824,0.0,19,0.0,-0.02660418301820755,0.0,0.0,0.03598177433013916,0.026953741908073425,0.02660418301820755,0.0,0.0,0.0,-1.2406372817963529e-08,0.0,0.0,1.4714748530764155e-08,1.2495318557625978e-08,1.2406372817963529e-08,0.0,0.0
2021-07-30_02h22m33s_C21H40O4_-H_+H2_15,2021-07-30_02h22m33s,MG 18:1,C21H40O4,-H,+H2,15,0.0,0.0,0.0,0.0,0.00032261653131605296,0.0005709820891934127,0.00017718872370962313,0.00017718872370962313,0.0,7,0.0,-0.009832208044826984,0.0,0.0,0.040485985577106476,0.00958882924169302,0.009832208044826984,0.0,0.0,0.0,-4.379691720401979e-09,0.0,0.0,1.6276530345749052e-08,4.271279774314962e-09,4.379691720401979e-09,0.0,0.0
2021-07-30_02h22m33s_C21H40O4_[M]-_-CH2O3_15,2021-07-30_02h22m33s,MG 18:1,C21H40O4,[M]-,-CH2O3,15,0.0,0.0,0.0,0.0,0.00020024474357548114,0.000330568577954081,0.00012403210659673618,0.00012403210659673618,0.0,11,0.0,-0.006867732387036085,0.0,0.0,0.017818883061408997,0.006697733886539936,0.006867732387036085,0.0,0.0,0.0,-3.162104800225052e-09,0.0,0.0,8.471322310299456e-09,3.083832300632139e-09,3.162104800225052e-09,0.0,0.0
2021-07-30_02h22m33s_C21H40O4_[M]-_-H2_15,2021-07-30_02h22m33s,MG 18:1,C21H40O4,[M]-,-H2,15,0.0,0.0,0.0,0.0,0.0007119813104905996,0.0009316023560524101,0.0005847227882417563,0.0005847227882417563,0.0,17,0.0,-0.03335271403193474,0.0,0.0,0.06279600411653519,0.032527126371860504,0.03335271403193474,0.0,0.0,0.0,-1.678685812578351e-08,0.0,0.0,3.090919520332136e-08,1.6371330957554164e-08,1.678685812578351e-08,0.0,0.0
2021-07-30_02h22m33s_C21H40O4_[M]-_+H2_15,2021-07-30_02h22m33s,MG 18:1,C21H40O4,[M]-,+H2,15,0.0,0.0,0.0,0.0,8.899766381132495e-05,0.0002103618223344152,1.7718872370962312e-05,1.7718872370962312e-05,0.0,2,0.0,-0.0009466199553571641,0.0,0.0,0.01275122631341219,0.0009231880540028214,0.0009466199553571641,0.0,0.0,0.0,-3.5438774137475093e-10,0.0,0.0,5.252339008166018e-09,3.4561550843470457e-10,3.5438774137475093e-10,0.0,0.0
2021-07-30_02h22m33s_C21H40O4_[M]-_-CO2_15,2021-07-30_02h22m33s,MG 18:1,C21H40O4,[M]-,-CO2,15,0.0,0.0,0.0,0.0,6.674824785849372e-05,6.0103377809832915e-05,7.087548948384925e-05,7.087548948384925e-05,0.0,1,0.0,-0.0038032943848520517,0.0,0.0,0.0037584644742310047,0.003709150478243828,0.0038032943848520517,0.0,0.0,0.0,-1.6372104783002328e-09,0.0,0.0,1.6162980953637884e-09,1.5966842292769456e-09,1.6372104783002328e-09,0.0,0.0
2021-07-30_02h22m33s_C3H4O4_+Cl_+HCl_151,2021-07-30_02h22m33s,Malonic acid,C3H4O4,+Cl,+HCl,151,0.0,0.0,0.0,0.0,0.004016019579486038,0.004928476980406299,0.0034906178570795754,0.0034906178570795754,0.0,0,0.0,-0.3893304467201233,0.0,0.0,0.20386821031570435,0.3822861313819885,0.3893304467201233,0.0,0.0,0.0,-1.5513130335875758e-07,0.0,0.0,8.637254467203093e-08,1.5243753637150803e-07,1.5513130335875758e-07,0.0,0.0
2021-07-30_02h22m33s_C3H4O4_[M]-_+C12H14N2_151,2021-07-30_02h22m33s,Malonic acid,C3H4O4,[M]-,+C12H14N2,151,0.6185409066213976,0.6895233814791747,0.096045197740113,0.096045197740113,0.13246189787518078,0.11092078374804663,0.14527703456951999,0.14527703456951999,0.6202335573670547,189,6.747801303863525,-3.014172077178955,1194.36083984375,21.261110305786133,8.026451110839844,9.785181999206543,9.76197338104248,0.6911625219593708,0.8405907691859565,3.2345487852580845e-06,-1.7235170162166469e-06,0.0005725151277147233,1.02964304460329e-05,4.070036538905697e-06,4.963606897945283e-06,4.958065801474731e-06,0.003218590800282264,0.0032214374172620302
2021-07-30_02h22m33s_C3H4O4_+Cl_+C12H14N2_151,2021-07-30_02h22m33s,Malonic acid,C3H4O4,+Cl,+C12H14N2,151,1.1054775673570465,1.3650094471301966,0.2937853107344633,0.2937853107344633,0.2787629324730226,0.3177064551027768,0.25575420380247,0.25575420380247,1.1083901172091701,188,27.945497512817383,7.542165756225586,4946.35302734375,46.83975601196289,30.387928009033203,20.471750259399414,20.403331756591797,1.3695865096777475,0.919594712406785,1.2788468666258268e-05,3.0683086151839234e-06,0.002263559028506279,2.1308575014700182e-05,1.4084028407523874e-05,9.735168532643002e-06,9.720160051074345e-06,0.012665359346307786,0.012610856998054448
2021-07-30_02h22m33s_C3H4O4_+Cl_-H2_151,2021-07-30_02h22m33s,Malonic acid,C3H4O4,+Cl,-H2,151,5.348613008842407,27.251231627041417,0.06779661016949153,0.06779661016949153,0.020992323951496274,0.05180911167207597,0.0026755497280153092,0.0026755497280153092,5.335220477125854,177,4.330098628997803,4.169843673706055,766.427490234375,16.884950637817383,6.102908611297607,0.1578955203294754,0.16025501489639282,26.852489715001504,0.7093976834750287,1.8704283775150543e-06,1.7989032130572014e-06,0.0003310658212285489,7.61183491704287e-06,2.4820631097099977e-06,7.03948472846605e-08,7.152519998498974e-08,0.0018702946043194495,0.0018657973507405865
2021-07-30_02h22m33s_C3H4O4_+Cl_-H2O_151,2021-07-30_02h22m33s,Malonic acid,C3H4O4,+Cl,-H2O,151,0.0,0.0,0.0,0.0,0.006474580042273891,0.012140882317586248,0.0031539592820312916,0.0031539592820312916,0.0,50,0.0,-0.2990165650844574,0.0,0.0,1.48520028591156,0.2915884554386139,0.2990165650844574,0.0,0.0,0.0,-1.396652322682712e-07,0.0,0.0,6.446559837058885e-07,1.361956947221188e-07,1.396652322682712e-07,0.0,0.0
2021-07-30_02h22m33s_C3H4O4_-H_-H2O_151,2021-07-30_02h22m33s,Malonic acid,C3H4O4,-H,-H2O,151,0.5580501379922516,48.01418737183606,0.005649717514124294,0.005649717514124294,0.00013349649571698743,0.00012020675561966583,0.00012403210659673618,0.00012403210659673618,0.5578760265359838,5,0.3672316372394562,0.36041387915611267,65.0,4.871877670288086,0.00649587856605649,0.006648398470133543,0.006817764602601528,46.97399524120386,48.99114013164346,1.145154655546321e-07,1.1154555323855675e-07,2.0269237211323343e-05,1.5192190403467976e-06,2.7999929042010763e-09,2.8961364417767754e-09,2.969914536521401e-09,0.00011451512545449636,0.00011451514491303892
2021-07-30_02h22m33s_C3H4O4_[M]-_-CH2O2_151,2021-07-30_02h22m33s,Malonic acid,C3H4O4,[M]-,-CH2O2,151,0.0,0.0,0.0,0.0,2.2249415952831237e-05,3.0051688904916458e-05,1.7718872370962312e-05,1.7718872370962312e-05,0.0,1,0.0,-0.0010175342904403806,0.0,0.0,0.0015047057531774044,0.0009922567987814546,0.0010175342904403806,0.0,0.0,0.0,-3.946579452129839e-10,0.0,0.0,5.410261127991589e-10,3.8485389874942655e-10,3.946579452129839e-10,0.0,0.0
2021-07-30_02h22m33s_C3H4O4_+Cl_-CO2_151,2021-07-30_02h22m33s,Malonic acid,C3H4O4,+Cl,-CO2,151,0.0,0.0,0.0,0.0,0.0001668706196462343,0.00027046520014424813,0.00010631323422577388,0.00010631323422577388,0.0,9,0.0,-0.006506803445518017,0.0,0.0,0.01530514843761921,0.00634516216814518,0.006506803445518017,0.0,0.0,0.0,-3.2236020519604835e-09,0.0,0.0,6.183098921752617e-09,3.143521887238876e-09,3.2236020519604835e-09,0.0,0.0
2021-07-30_02h22m33s_C3H4O4_-H_-CH2O2_151,2021-07-30_02h22m33s,Malonic acid,C3H4O4,-H,-CH2O2,151,0.0,0.0,0.0,0.0,5.5623539882078096e-05,9.015506671474937e-05,3.5437744741924624e-05,3.5437744741924624e-05,0.0,3,0.0,-0.0018540073651820421,0.0,0.0,0.004874147940427065,0.0018079503206536174,0.0018540073651820421,0.0,0.0,0.0,-8.71580307926223e-10,0.0,0.0,2.1827171181598715e-09,8.49928682988832e-10,8.71580307926223e-10,0.0,0.0
2021-07-30_02h22m33s_C3H4O4_-H__151,2021-07-30_02h22m33s,Malonic acid,C3H4O4,-H,,151,0.0,0.0,0.0,0.0,0.00014462120369340304,0.00015025844452458227,0.0001417509789676985,0.0001417509789676985,0.0,5,0.0,-0.0073799025267362595,0.0,0.0,0.00915185920894146,0.008135255426168442,0.0073799025267362595,0.0,0.0,0.0,-3.081062072141094e-09,0.0,0.0,4.382449958484358e-09,3.415032256981476e-09,3.081062072141094e-09,0.0,0.0
2021-07-30_02h22m33s_C3H4O4_[M]-__151,2021-07-30_02h22m33s,Malonic acid,C3H4O4,[M]-,,151,0.0,0.0,0.0,0.0,0.00015574591166981868,0.00015025844452458227,0.0001594698513386608,0.0001594698513386608,0.0,5,0.0,-0.008954016491770744,0.0,0.0,0.008094629272818565,0.008731582202017307,0.008954016491770744,0.0,0.0,0.0,-3.5076532789446446e-09,0.0,0.0,3.5107219353847086e-09,3.4205167587231244e-09,3.5076532789446446e-09,0.0,0.0
2021-07-30_02h22m33s_C3H4O4_[M]-_-H2_151,2021-07-30_02h22m33s,Malonic acid,C3H4O4,[M]-,-H2,151,0.0,0.0,0.0,0.0,0.0001668706196462343,0.0002103618223344152,0.0001417509789676985,0.0001417509789676985,0.0,6,0.0,-0.008131296373903751,0.0,0.0,0.011566012166440487,0.007929299958050251,0.008131296373903751,0.0,0.0,0.0,-3.1745563955354328e-09,0.0,0.0,4.905641670660543e-09,3.095694367516444e-09,3.1745563955354328e-09,0.0,0.0
2021-07-30_02h22m33s_C3H4O4_-H_-H2_151,2021-07-30_02h22m33s,Malonic acid,C3H4O4,-H,-H2,151,0.0,0.0,0.0,0.0,0.00013349649571698743,0.00015025844452458227,0.00012403210659673618,0.00012403210659673618,0.0,5,0.0,-0.006056894548237324,0.0,0.0,0.00809580646455288,0.006845599506050348,0.006056894548237324,0.0,0.0,0.0,-2.7190427687173724e-09,0.0,0.0,3.041338070275401e-09,3.015586003130011e-09,2.7190427687173724e-09,0.0,0.0
2021-07-30_02h22m33s_C3H4O4_+Cl_-CH2O3_151,2021-07-30_02h22m33s,Malonic acid,C3H4O4,+Cl,-CH2O3,151,0.0,0.0,0.0,0.0,8.899766381132495e-05,0.0,0.0001417509789676985,0.0001417509789676985,0.0,0,0.0,-0.007853825576603413,0.0,0.0,0.0,0.007658721879124641,0.007853825576603413,0.0,0.0,0.0,-3.6298439809456795e-09,0.0,0.0,0.0,3.5396718889302292e-09,3.6298439809456795e-09,0.0,0.0
2021-07-30_02h22m33s_C3H4O4_+Cl_+H2_151,2021-07-30_02h22m33s,Malonic acid,C3H4O4,+Cl,+H2,151,0.9827294061188431,2.2919262617102945,0.01694915254237288,0.01694915254237288,0.00855490043386361,0.010728452939055175,0.007247018799723586,0.007247018799723586,0.9794682733968515,149,0.9758281111717224,0.5477873086929321,172.72157287597656,7.435298442840576,0.6722438335418701,0.4247676730155945,0.4280407726764679,2.2744414361466228,1.44944233063077,4.042662737901992e-07,2.138587404942882e-07,7.155512867029756e-05,3.13828377329628e-06,2.8975043164791714e-07,1.8866215611978987e-07,1.9040753329591098e-07,0.0004041893131001072,0.0004041491713933378
2021-07-30_02h22m33s_C3H4O4_-H_+C12H14N2_151,2021-07-30_02h22m33s,Malonic acid,C3H4O4,-H,+C12H14N2,151,0.9012013679026923,1.0420368928661958,0.10734463276836158,0.10734463276836158,0.10697519190121259,0.10334775814400769,0.10911281606038592,0.10911281606038592,0.9068766437797753,188,7.707544326782227,0.3636775016784668,1364.2353515625,23.95520782470703,6.973521709442139,7.395613670349121,7.34386682510376,1.0493783631908593,1.1051000552980885,3.7800296013301704e-06,1.0060625754704233e-07,0.0006690652226097882,1.2157776836829726e-05,3.3974672533076955e-06,3.7003956094849855e-06,3.679423343783128e-06,0.0037661722592029507,0.003767230558870747
2021-07-30_02h22m33s_C3H4O4_-H_+H2_151,2021-07-30_02h22m33s,Malonic acid,C3H4O4,-H,+H2,151,0.0,0.0,0.0,0.0,0.00022249415952831238,0.00024041351123933166,0.00021262646845154776,0.00021262646845154776,0.0,8,0.0,-0.010970985516905785,0.0,0.0,0.013423087075352669,0.011745944619178772,0.010970985516905785,0.0,0.0,0.0,-4.366844663650227e-09,0.0,0.0,5.435702554734689e-09,4.8175077260737e-09,4.366844663650227e-09,0.0,0.0
2021-07-30_02h22m33s_C3H4O4_-H_-CO2_151,2021-07-30_02h22m33s,Malonic acid,C3H4O4,-H,-CO2,151,0.0,0.0,0.0,0.0,8.899766381132495e-05,3.0051688904916458e-05,0.00012403210659673618,0.00012403210659673618,0.0,1,0.0,-0.006880470551550388,0.0,0.0,0.002043514745309949,0.006709546782076359,0.006880470551550388,0.0,0.0,0.0,-2.750880190305338e-09,0.0,0.0,6.94635238218666e-10,2.6825432986044007e-09,2.750880190305338e-09,0.0,0.0
2021-07-30_02h22m33s_C3H4O4_[M]-_+H2_151,2021-07-30_02h22m33s,Malonic acid,C3H4O4,[M]-,+H2,151,0.0,0.0,0.0,0.0,8.899766381132495e-05,9.015506671474937e-05,8.859436185481156e-05,8.859436185481156e-05,0.0,3,0.0,-0.005094226915389299,0.0,0.0,0.004938729573041201,0.004967676941305399,0.005094226915389299,0.0,0.0,0.0,-2.0247690191155243e-09,0.0,0.0,2.15538431547202e-09,1.9744701429402767e-09,2.0247690191155243e-09,0.0,0.0
2021-07-30_02h22m33s_C3H4O4_+Cl_-CH2O2_151,2021-07-30_02h22m33s,Malonic acid,C3H4O4,+Cl,-CH2O2,151,0.0,0.0,0.0,0.0,0.00015574591166981868,0.00015025844452458227,0.0001594698513386608,0.0001594698513386608,0.0,5,0.0,-0.009310937486588955,0.0,0.0,0.008847570978105068,0.009079636074602604,0.009310937486588955,0.0,0.0,0.0,-4.264248509855406e-09,0.0,0.0,3.4343927701740995e-09,4.158316802005402e-09,4.264248509855406e-09,0.0,0.0
2021-07-30_02h22m33s_C3H4O4_[M]-_-CO2_151,2021-07-30_02h22m33s,Malonic acid,C3H4O4,[M]-,-CO2,151,0.0,0.0,0.0,0.0,6.674824785849372e-05,6.0103377809832915e-05,7.087548948384925e-05,7.087548948384925e-05,0.0,2,0.0,-0.004652725532650948,0.0,0.0,0.0032123487908393145,0.004537143278867006,0.004652725532650948,0.0,0.0,0.0,-2.509917829129904e-09,0.0,0.0,1.400610183388551e-09,2.4475668158885355e-09,2.509917829129904e-09,0.0,0.0
2021-07-30_02h22m33s_C3H4O4_[M]-_-H2O_151,2021-07-30_02h22m33s,Malonic acid,C3H4O4,[M]-,-H2O,151,0.0,0.0,0.0,0.0,7.787295583490934e-05,6.0103377809832915e-05,8.859436185481156e-05,8.859436185481156e-05,0.0,2,0.0,-0.0030211792327463627,0.0,0.0,0.003103455761447549,0.004951069597154856,0.0030211792327463627,0.0,0.0,0.0,-1.3209984217610327e-09,0.0,0.0,1.4448340301953522e-09,2.184294078944049e-09,1.3209984217610327e-09,0.0,0.0
2021-07-30_02h22m33s_C4H9N3O2_-H__173,2021-07-30_02h22m33s,Creatine,C4H9N3O2,-H,,173,7.033265850769444,38.70691914572033,0.12429378531073447,0.096045197740113,0.010001112470797642,0.013342949873782907,0.007672271736626681,0.007672271736626681,7.457518740229008,42,15.213028907775879,14.880402565002441,2692.7060546875,56.46182632446289,2.3884990215301514,0.3920312523841858,0.3326261043548584,45.59903649384305,6.366618596911578,7.7028544183122e-06,7.5433904385135975e-06,0.0013634052593261003,3.187604306731373e-05,1.1223700084883603e-06,1.898613390949322e-07,1.594639371660378e-07,0.007701626286661946,0.0076942186580516506
2021-07-30_02h22m33s_C4H9N3O2_[M]-_+H2_173,2021-07-30_02h22m33s,Creatine,C4H9N3O2,[M]-,+H2,173,0.0,0.0,0.0,0.0,0.0014462120369340304,0.0032756340906358937,0.00037209631979020857,0.00037209631979020857,0.0,19,0.0,-0.021711962297558784,0.0,0.0,0.5366538763046265,0.02117759734392166,0.021711962297558784,0.0,0.0,0.0,-9.865115835339111e-09,0.0,0.0,2.2031497337593464e-07,9.622320717994626e-09,9.865115835339111e-09,0.0,0.0
2021-07-30_02h22m33s_C4H9N3O2_-H_+C12H14N2_173,2021-07-30_02h22m33s,Creatine,C4H9N3O2,-H,+C12H14N2,173,2.3813667974504855,9.44512021775239,0.03389830508474576,0.03389830508474576,0.004750250305929469,0.005469407380694795,0.004234810496659993,0.004234810496659993,2.4282140046651635,106,2.4973082542419434,2.253018617630005,442.0235595703125,13.985801696777344,0.33213645219802856,0.26340195536613464,0.24428962171077728,10.181059585091361,7.496352433859299,1.3140863757143961e-06,1.200899419018242e-06,0.00023259328736457974,7.363274107774487e-06,1.559807714102135e-07,1.2348280620244623e-07,1.1318693537987201e-07,0.0013139376551379307,0.0013138814354745492
2021-07-30_02h22m33s_C4H9N3O2_-H_-NH3_173,2021-07-30_02h22m33s,Creatine,C4H9N3O2,-H,-NH3,173,0.0,0.0,0.0,0.0,0.005462231616420069,0.010277677605481428,0.0026401119832733847,0.0026401119832733847,0.0,4,0.0,-1.3794068098068237,0.0,0.0,56.48295974731445,1.3454575538635254,1.3794068098068237,0.0,0.0,0.0,-7.593953910145501e-07,0.0,0.0,2.708362808334641e-05,7.407055022667919e-07,7.593953910145501e-07,0.0,0.0
2021-07-30_02h22m33s_C4H9N3O2_[M]-_-H2O_173,2021-07-30_02h22m33s,Creatine,C4H9N3O2,[M]-,-H2O,173,0.5206870149495122,8.236815891133405,0.005649717514124294,0.005649717514124294,0.003737901880075648,0.008624834715711023,0.000850505873806191,0.000850505873806191,0.520528971208265,137,0.39517006278038025,0.34803494811058044,69.94509887695312,5.242523670196533,0.5555663704872131,0.04697607085108757,0.0471351258456707,8.209598621334488,0.7100142655663007,1.671754006338233e-07,1.4543411452905275e-07,2.959004632430151e-05,2.2178319341037422e-06,2.3781079505624803e-07,2.155493028510591e-08,2.174129143384107e-08,0.00016717176610373693,0.0001671356539710702
2021-07-30_02h22m33s_C4H9N3O2_-H_+HCl_173,2021-07-30_02h22m33s,Creatine,C4H9N3O2,-H,+HCl,173,3.452521202124363,11.637287742455749,0.5649717514124294,0.5649717514124294,0.14997218823005895,0.14154345474215652,0.1536403423286142,0.1536403423286142,3.456970389724805,189,121.57061767578125,111.14411926269531,21518.0,219.674560546875,9.604326248168945,10.445645332336426,10.42650032043457,11.658653938139102,12.656583913425758,5.9251564380247146e-05,5.428686199593358e-05,0.010487526655197144,0.00010505697719054297,4.59358034277102e-06,4.978511242370587e-06,4.96470329380827e-06,0.05895885117760653,0.05898063210799166
2021-07-30_02h22m33s_C4H9N3O2_+Cl__173,2021-07-30_02h22m33s,Creatine,C4H9N3O2,+Cl,,173,3.452521202124363,11.637287742455749,0.5649717514124294,0.5649717514124294,0.14997218823005895,0.14154345474215652,0.1536403423286142,0.1536403423286142,3.456970389724805,189,121.57061767578125,111.14411926269531,21518.0,219.674560546875,9.604326248168945,10.445645332336426,10.42650032043457,11.658653938139102,12.656583913425758,5.9251564380247146e-05,5.428686199593358e-05,0.010487526655197144,0.00010505697719054297,4.59358034277102e-06,4.978511242370587e-06,4.96470329380827e-06,0.05895885117760653,0.05898063210799166
2021-07-30_02h22m33s_C4H9N3O2_+Cl_+H2_173,2021-07-30_02h22m33s,Creatine,C4H9N3O2,+Cl,+H2,173,0.7530180894923096,0.797094113049563,0.096045197740113,0.096045197740113,0.11763266214261876,0.11789277557398725,0.11754699930896398,0.11754699930896398,0.7491478608792005,189,7.864007949829102,-2.0761423110961914,1391.929443359375,25.15097999572754,10.283129692077637,9.864846229553223,9.940150260925293,0.7910561397245336,0.7646741324049159,4.026457190775545e-06,-6.300997483776882e-07,0.0007126829586923122,1.3137264431861695e-05,4.755088411911856e-06,4.626561803888762e-06,4.6565569391532335e-06,0.004007794666709578,0.004007401641667376
2021-07-30_02h22m33s_C4H9N3O2_+Cl_+C12H14N2_173,2021-07-30_02h22m33s,Creatine,C4H9N3O2,+Cl,+C12H14N2,173,0.1374740155062076,0.17816278441900407,0.005649717514124294,0.005649717514124294,0.033930359328067636,0.03888688544296189,0.03109662101103886,0.03109662101103886,0.13679717865013727,185,1.3541598320007324,-6.251693248748779,239.68629455566406,17.96495819091797,10.552362442016602,7.599688529968262,7.605853080749512,0.1780184023045842,0.12831548612500523,5.829300562254502e-07,-3.0196683837857563e-06,0.00010317861597286537,7.733441634627525e-06,4.33962486567907e-06,3.5979207950731507e-06,3.602598326324369e-06,0.0005808375319051424,0.0005804112889635432
2021-07-30_02h22m33s_C4H9N3O2_+Cl_+HCl_173,2021-07-30_02h22m33s,Creatine,C4H9N3O2,+Cl,+HCl,173,5.976818756385272,11.184977436050332,0.2655367231638418,0.2655367231638418,0.0348982089220158,0.03446928717393918,0.03442776901677977,0.03442776901677977,5.987051107001967,187,23.929410934448242,21.793733596801758,4235.505859375,42.57975769042969,2.143012285232544,2.1384241580963135,2.1356778144836426,11.19935386244983,11.161041892935241,1.1674502275127452e-05,1.0635575563355815e-05,0.002066386863589287,2.0927780497004278e-05,1.045627527673787e-06,1.0405722150608199e-06,1.038926370711124e-06,0.011662385914855099,0.011662307845008504
2021-07-30_02h22m33s_C4H9N3O2_[M]-_+HCl_173,2021-07-30_02h22m33s,Creatine,C4H9N3O2,[M]-,+HCl,173,1.151198980357176,1.2935241696240247,0.14124293785310735,0.14124293785310735,0.11214818111024585,0.11107104219257122,0.1126920282793203,0.1126920282793203,1.1529864762611963,189,9.700897216796875,2.206076145172119,1717.058837890625,25.303789138793945,8.643430709838867,7.498587131500244,7.494821071624756,1.2941740636685393,1.122213543311252,4.704810635303147e-06,9.969169241230702e-07,0.0008327514515258372,1.2343231901468243e-05,4.040788553538732e-06,3.712100351549452e-06,3.707893711180077e-06,0.004687430142555968,0.0046858760011942195
2021-07-30_02h22m33s_C4H9N3O2_-H_-H2_173,2021-07-30_02h22m33s,Creatine,C4H9N3O2,-H,-H2,173,0.7276677826594539,2.1124459687000954,0.011299435028248588,0.011299435028248588,0.007575926131939036,0.01102896982810434,0.005528288179740241,0.005528288179740241,0.7296491406660899,154,0.6960451602935791,0.37092888355255127,123.19999694824219,6.548594951629639,0.803215503692627,0.3284972608089447,0.32511627674102783,2.134346581070271,0.8654958243127941,4.0973827708512545e-07,2.5253564217564417e-07,7.25236750440672e-05,3.948297035094583e-06,3.825983299066138e-07,1.5899790639650746e-07,1.57202649120336e-07,0.00040967387526665813,0.00040958157185977135
2021-07-30_02h22m33s_C4H9N3O2_+Cl_-NH3_173,2021-07-30_02h22m33s,Creatine,C4H9N3O2,+Cl,-NH3,173,0.7465357146602835,0.6725362955300489,0.5310734463276836,0.5310734463276836,0.6673823562131495,0.610439956725568,0.7013838439321721,0.7013838439321721,0.7446679309399225,189,128.95904541015625,-63.27830505371094,22825.75,131.7745361328125,159.5419158935547,191.7493133544922,192.2373504638672,0.6708289220073972,0.8083031746529964,6.627049151575193e-05,-2.8759444830939174e-05,0.011729877442121506,7.088621350703761e-05,7.889015250839293e-05,9.488448267802596e-05,9.50299363466911e-05,0.06051934227190882,0.06142468847423871
2021-07-30_02h22m33s_C4H9N3O2_+Cl_-H2O_173,2021-07-30_02h22m33s,Creatine,C4H9N3O2,+Cl,-H2O,173,0.6751654315475735,0.6774462169288034,0.07344632768361582,0.07344632768361582,0.08829680720881077,0.07059141723764875,0.09878271346811489,0.09878271346811489,0.6716649023383554,188,4.546360969543457,-2.2082748413085938,804.7059326171875,16.45220184326172,4.715491771697998,6.710028648376465,6.754635810852051,0.6729730697205908,0.9639285277299886,2.4993605620693415e-06,-7.676096629438689e-07,0.0004423868376761675,9.249112736142706e-06,2.3108998448151397e-06,3.2500472570973216e-06,3.2669702250132104e-06,0.0024912218145772143,0.002493598106591787
2021-07-30_02h22m33s_C4H9N3O2_-H_+H2_173,2021-07-30_02h22m33s,Creatine,C4H9N3O2,-H,+H2,173,0.5302111966753126,8.514030467742927,0.005649717514124294,0.005649717514124294,0.0009789743019245744,0.0015025844452458228,0.0006555982777256055,0.0006555982777256055,0.5293893404328899,27,0.3266644775867462,0.2883538007736206,57.819610595703125,4.333693981170654,0.09502933919429779,0.03736778348684311,0.038310665637254715,8.309818017356752,3.401715354156509,1.3926359088145546e-07,1.2288926143355638e-07,2.4649654733366333e-05,1.8475401475370745e-06,4.45759802403245e-08,1.5971330924458016e-08,1.6374327671542233e-08,0.0001392613105711242,0.00013925738334708706
2021-07-30_02h22m33s_C4H9N3O2_-H_-CH2O2_173,2021-07-30_02h22m33s,Creatine,C4H9N3O2,-H,-CH2O2,173,0.0,0.0,0.0,0.0,7.787295583490934e-05,0.00012020675561966583,5.315661711288694e-05,5.315661711288694e-05,0.0,4,0.0,-0.003145418828353286,0.0,0.0,0.006529937032610178,0.003068005433306098,0.003145418828353286,0.0,0.0,0.0,-1.3882184290991972e-09,0.0,0.0,3.075480092817884e-09,1.3540523147170802e-09,1.3882184290991972e-09,0.0,0.0
2021-07-30_02h22m33s_C4H9N3O2_[M]-_+C12H14N2_173,2021-07-30_02h22m33s,Creatine,C4H9N3O2,[M]-,+C12H14N2,173,0.42492784538911843,1.9217618360153177,0.005649717514124294,0.005649717514124294,0.003559906552452998,0.003996874624353889,0.00329571026099899,0.00329571026099899,0.42459268473885176,86,0.3683394491672516,0.17683349549770355,65.19608306884766,4.886575698852539,0.23369961977005005,0.19066758453845978,0.19150595366954803,1.9133925062885895,1.5694079501625817,2.0481897422541806e-07,1.0903816871632444e-07,3.625295721576549e-05,2.7172309273737483e-06,1.0895055879700521e-07,9.535103373536913e-08,9.578080550909363e-08,0.00020479935837790488,0.00020479666151470628
2021-07-30_02h22m33s_C4H9N3O2_+Cl_-CO2_173,2021-07-30_02h22m33s,Creatine,C4H9N3O2,+Cl,-CO2,173,0.31066097737135023,0.5693307045150663,0.005649717514124294,0.005649717514124294,0.007854043831349427,0.0073025604038946985,0.008186119035384588,0.008186119035384588,0.3149488088037369,132,0.2811565399169922,-0.19439852237701416,49.764705657958984,3.7299633026123047,0.45679980516433716,0.49283695220947266,0.47555506229400635,0.5899770292305387,0.6141473559956299,1.5365129968358815e-07,-7.894885811765562e-08,2.719627991609741e-05,2.0384147774166195e-06,2.3306130003675207e-07,2.424945932943956e-07,2.3260015780124377e-07,0.0001536155686780729,0.00015361549785595203
2021-07-30_02h22m33s_C4H9N3O2_+Cl_-CH2O2_173,2021-07-30_02h22m33s,Creatine,C4H9N3O2,+Cl,-CH2O2,173,0.0,0.0,0.0,0.0,0.0013238402491934586,0.002103618223344152,0.0008682247461771533,0.0008682247461771533,0.0,46,0.0,-0.04825742170214653,0.0,0.0,0.1285085827112198,0.04885384812951088,0.04825742170214653,0.0,0.0,0.0,-2.2470663552098813e-08,0.0,0.0,5.765996036188881e-08,2.2864194093585866e-08,2.2470663552098813e-08,0.0,0.0
2021-07-30_02h22m33s_C4H9N3O2_-H_-CO2_173,2021-07-30_02h22m33s,Creatine,C4H9N3O2,-H,-CO2,173,0.0,0.0,0.0,0.0,8.899766381132495e-05,0.00015025844452458227,5.315661711288694e-05,5.315661711288694e-05,0.0,5,0.0,-0.0028179327491670847,0.0,0.0,0.008446527644991875,0.002748579252511263,0.0028179327491670847,0.0,0.0,0.0,-1.4091701139307133e-09,0.0,0.0,3.174384310966616e-09,1.374488300953658e-09,1.4091701139307133e-09,0.0,0.0
2021-07-30_02h22m33s_C4H9N3O2_[M]-_-CO2_173,2021-07-30_02h22m33s,Creatine,C4H9N3O2,[M]-,-CO2,173,0.0,0.0,0.0,0.0,7.787295583490934e-05,3.0051688904916458e-05,0.00010631323422577388,0.00010631323422577388,0.0,1,0.0,-0.005840464029461145,0.0,0.0,0.0015024666208773851,0.005696721374988556,0.005840464029461145,0.0,0.0,0.0,-2.334385351687729e-09,0.0,0.0,4.3682132910838334e-10,2.2769326424310066e-09,2.334385351687729e-09,0.0,0.0
2021-07-30_02h22m33s_C4H9N3O2_[M]-__173,2021-07-30_02h22m33s,Creatine,C4H9N3O2,[M]-,,173,0.43183377892470276,1.9781270463533405,0.005649717514124294,0.005649717514124294,0.003849148959839804,0.005138838802740714,0.003083083792547442,0.003083083792547442,0.4334694342943554,82,0.35061484575271606,0.17664089798927307,62.0588264465332,4.651431560516357,0.401192843914032,0.17624586820602417,0.173973947763443,2.0038117115968133,0.871758041094484,1.3298929957272776e-07,4.724155644453276e-08,2.3539105313830078e-05,1.7643022829361144e-06,1.862688208120744e-07,8.654479444203389e-08,8.5747743128195e-08,0.00013297789701817252,0.00013296453242606294
2021-07-30_02h22m33s_C4H9N3O2_[M]-_-NH3_173,2021-07-30_02h22m33s,Creatine,C4H9N3O2,[M]-,-NH3,173,0.0,0.0,0.0,0.0,0.0031927911892312825,0.004087029691068638,0.0026755497280153092,0.0026755497280153092,0.0,90,0.0,-0.15483663976192474,0.0,0.0,0.24095161259174347,0.15515755116939545,0.15483663976192474,0.0,0.0,0.0,-7.030820370346191e-08,0.0,0.0,1.0897163349454786e-07,7.038677551918227e-08,7.030820370346191e-08,0.0,0.0
2021-07-30_02h22m33s_C6H5NO2_+Cl_+HCl_138,2021-07-30_02h22m33s,Nicotinic acid,C6H5NO2,+Cl,+HCl,138,0.0,0.0,0.0,0.0,0.0016130826565802648,0.002644548623632648,0.0010099757251448517,0.0010099757251448517,0.0,44,0.0,-0.05610247701406479,0.0,0.0,0.19715110957622528,0.05568687245249748,0.05610247701406479,0.0,0.0,0.0,-2.5503219092115614e-08,0.0,0.0,8.243703319976703e-08,2.5429606864690868e-08,2.5503219092115614e-08,0.0,0.0
2021-07-30_02h22m33s_C6H5NO2_-H_+H2_138,2021-07-30_02h22m33s,Nicotinic acid,C6H5NO2,-H,+H2,138,0.9572151985247336,0.8543089276712469,0.8813559322033898,0.864406779661017,0.8960952275002781,0.8713186681091477,0.9107500398674628,0.9107500398674628,0.9576901069593295,189,188.91172790527344,-31.795989990234375,33437.375,115.68679809570312,173.85377502441406,221.1271209716797,220.7077178955078,0.8559323333784743,1.0866064960179838,9.550109098199755e-05,-1.4178440324030817e-05,0.016903692856431007,6.829127232776955e-05,8.63051027408801e-05,0.00010984657274093479,0.00010967953130602837,0.08606186587004837,0.08791369085999565
2021-07-30_02h22m33s_C6H5NO2_-H_-H2_138,2021-07-30_02h22m33s,Nicotinic acid,C6H5NO2,-H,-H2,138,0.7513673976000923,0.6400015900326868,0.2542372881355932,0.20903954802259886,0.31465124040493936,0.29171174420002405,0.32836614277867354,0.32836614277867354,0.7486589502867876,189,24.4256591796875,-13.95501708984375,4323.341796875,47.72624969482422,31.40888786315918,38.163997650146484,38.38067626953125,0.6363885466638013,0.7776423553659509,1.2186929780000355e-05,-6.415978532459121e-06,0.002157086506485939,2.461390249663964e-05,1.5303692634915933e-05,1.8502953025745228e-05,1.8602908312459476e-05,0.011964357926476661,0.012003235946451488
2021-07-30_02h22m33s_C6H5NO2_[M]-_+HCl_138,2021-07-30_02h22m33s,Nicotinic acid,C6H5NO2,[M]-,+HCl,138,1.1709786945087668,1.5579787731331067,0.04519774011299435,0.04519774011299435,0.037290021136945156,0.05198942180550547,0.02859826000673317,0.02859826000673317,1.1871322820142907,189,2.6802258491516113,0.9957826137542725,474.3999938964844,12.415189743041992,3.788041591644287,1.7193224430084229,1.6844432353973389,1.5902201823603719,0.7073624779052649,1.2767806083502364e-06,5.116826855555701e-07,0.0002259901666548103,6.0227794165257365e-06,1.5808107036718866e-06,7.791585971972381e-07,7.650979227946664e-07,0.0012758044929827633,0.0012747654454893357
2021-07-30_02h22m33s_C6H5NO2_[M]-_+C12H14N2_138,2021-07-30_02h22m33s,Nicotinic acid,C6H5NO2,[M]-,+C12H14N2,138,0.7320918942469475,0.6628769229816284,0.05649717514124294,0.05649717514124294,0.06684837023028145,0.06635412910205554,0.06717224515831813,0.06717224515831813,0.7286306569412645,189,5.2674641609191895,-2.727316379547119,932.3411865234375,23.48557472229004,7.55911111831665,7.94536828994751,7.994780540466309,0.6587804823132369,0.6967442777603053,2.3517834506492363e-06,-1.2785585568053648e-06,0.0004162656841799617,1.0799623851198703e-05,3.41339796250395e-06,3.607868393373792e-06,3.630342007454601e-06,0.002343276555335319,0.002343783185897941
2021-07-30_02h22m33s_C6H5NO2_[M]-_+H2_138,2021-07-30_02h22m33s,Nicotinic acid,C6H5NO2,[M]-,+H2,138,0.3577112841408537,1.1873652339053735,0.005649717514124294,0.005649717514124294,0.006174212926910669,0.006821733381416036,0.005794071265304676,0.005794071265304676,0.35848527513671585,121,0.41621801257133484,0.0704183578491211,73.67058563232422,5.521755218505859,0.43138667941093445,0.3495391607284546,0.34579965472221375,1.2001684745180186,0.9626060015039614,1.6482013620588987e-07,-2.2894255380379036e-09,2.917316487582866e-05,2.1865862436243333e-06,2.080412713212354e-07,1.6954759018972254e-07,1.6710956174392777e-07,0.00016479259778709503,0.0001647858539473389
2021-07-30_02h22m33s_C6H5NO2_+Cl__138,2021-07-30_02h22m33s,Nicotinic acid,C6H5NO2,+Cl,,138,0.5232504182100083,6.500912635342978,0.005649717514124294,0.005649717514124294,0.0012348425853821337,0.0019533597788195696,0.000797349256693304,0.000797349256693304,0.5231466364765383,31,0.29675421118736267,0.25194892287254333,52.52549362182617,3.936889886856079,0.14227648079395294,0.04464808478951454,0.04480528458952904,6.478602061893965,2.0711997499026187,1.1305650104986853e-07,9.323971283947685e-08,2.001100074267015e-05,1.4998641972852056e-06,5.662218072188807e-08,1.976331986952573e-08,1.9816789986748518e-08,0.00011305426067732758,0.00011305009990668099
2021-07-30_02h22m33s_C6H5NO2_-H_+HCl_138,2021-07-30_02h22m33s,Nicotinic acid,C6H5NO2,-H,+HCl,138,0.5232504182100083,6.500912635342978,0.005649717514124294,0.005649717514124294,0.0012348425853821337,0.0019533597788195696,0.000797349256693304,0.000797349256693304,0.5231466364765383,31,0.29675421118736267,0.25194892287254333,52.52549362182617,3.936889886856079,0.14227648079395294,0.04464808478951454,0.04480528458952904,6.478602061893965,2.0711997499026187,1.1305650104986853e-07,9.323971283947685e-08,2.001100074267015e-05,1.4998641972852056e-06,5.662218072188807e-08,1.976331986952573e-08,1.9816789986748518e-08,0.00011305426067732758,0.00011305009990668099
2021-07-30_02h22m33s_C6H5NO2_+Cl_-H2O_138,2021-07-30_02h22m33s,Nicotinic acid,C6H5NO2,+Cl,-H2O,138,0.6688968760179841,1.413261881642405,0.011299435028248588,0.011299435028248588,0.007442429636222049,0.008354369515566775,0.006892641352304339,0.006892641352304339,0.6648467491095964,112,0.5959898233413696,0.16908368468284607,105.49019622802734,5.592988967895508,0.6674452424049377,0.4207122325897217,0.42690613865852356,1.3928050324535768,0.8916060516746481,2.4716703705962573e-07,4.066352232712234e-08,4.374856507638469e-05,2.3354962195298867e-06,3.109596491412958e-07,2.0342852735666384e-07,2.065035147325034e-07,0.00024711600673568815,0.00024709020197711265
2021-07-30_02h22m33s_C6H5NO2_+Cl_-H2_138,2021-07-30_02h22m33s,Nicotinic acid,C6H5NO2,+Cl,-H2,138,0.0,0.0,0.0,0.0,0.0027923017020803206,0.0031253756461113113,0.0026046742385314597,0.0026046742385314597,0.0,58,0.0,-0.14979282021522522,0.0,0.0,0.21630606055259705,0.1500890702009201,0.14979282021522522,0.0,0.0,0.0,-7.357094489179872e-08,0.0,0.0,9.435769499077651e-08,7.363890830447417e-08,7.357094489179872e-08,0.0,0.0
2021-07-30_02h22m33s_C6H5NO2_-H_-CO2_138,2021-07-30_02h22m33s,Nicotinic acid,C6H5NO2,-H,-CO2,138,0.0,0.0,0.0,0.0,6.674824785849372e-05,6.0103377809832915e-05,7.087548948384925e-05,7.087548948384925e-05,0.0,2,0.0,-0.004020614083856344,0.0,0.0,0.0032205982133746147,0.0039207348600029945,0.004020614083856344,0.0,0.0,0.0,-1.6347538878136447e-09,0.0,0.0,2.0347437068579666e-09,1.594143483885091e-09,1.6347538878136447e-09,0.0,0.0
2021-07-30_02h22m33s_C6H5NO2_[M]-_-CO2_138,2021-07-30_02h22m33s,Nicotinic acid,C6H5NO2,[M]-,-CO2,138,0.0,0.0,0.0,0.0,8.899766381132495e-05,0.00012020675561966583,7.087548948384925e-05,7.087548948384925e-05,0.0,4,0.0,-0.004060161300003529,0.0,0.0,0.007098798174411058,0.00395929953083396,0.004060161300003529,0.0,0.0,0.0,-1.5982688505999931e-09,0.0,0.0,3.018852723357668e-09,1.5585648327487434e-09,1.5982688505999931e-09,0.0,0.0
2021-07-30_02h22m33s_C6H5NO2_-H_-H2O_138,2021-07-30_02h22m33s,Nicotinic acid,C6H5NO2,-H,-H2O,138,0.0,0.0,0.0,0.0,0.000233618867504728,0.00024041351123933166,0.00023034534082251004,0.00023034534082251004,0.0,8,0.0,-0.012754380702972412,0.0,0.0,0.013064352795481682,0.01243753731250763,0.012754380702972412,0.0,0.0,0.0,-4.936263842125754e-09,0.0,0.0,4.713223589192239e-09,4.813637932699066e-09,4.936263842125754e-09,0.0,0.0
2021-07-30_02h22m33s_C6H5NO2_[M]-_-CH2O2_138,2021-07-30_02h22m33s,Nicotinic acid,C6H5NO2,[M]-,-CH2O2,138,0.0,0.0,0.0,0.0,5.5623539882078096e-05,9.015506671474937e-05,3.5437744741924624e-05,3.5437744741924624e-05,0.0,3,0.0,-0.002034783596172929,0.0,0.0,0.0048463353887200356,0.00198423583060503,0.002034783596172929,0.0,0.0,0.0,-1.0092994218169338e-09,0.0,0.0,1.8460549755516809e-09,9.842264780957066e-10,1.0092994218169338e-09,0.0,0.0
2021-07-30_02h22m33s_C6H5NO2_+Cl_+H2_138,2021-07-30_02h22m33s,Nicotinic acid,C6H5NO2,+Cl,+H2,138,1.289976948057334,1.4882614671197791,0.10734463276836158,0.10734463276836158,0.0785626877294471,0.0874804664022118,0.07321438063681628,0.07321438063681628,1.2881075069296455,187,7.0,2.2884249687194824,1239.0,20.56494140625,5.755701541900635,4.702474594116211,4.711575031280518,1.4853874906046716,1.2159741041028291,3.3407145565433893e-06,1.0951027888950193e-06,0.0005913064815104008,9.899508768285159e-06,2.7648231935017975e-06,2.2408605673263082e-06,2.24561176764837e-06,0.0033332294173395397,0.0033315035382914878
2021-07-30_02h22m33s_C6H5NO2_[M]-_-NH3_138,2021-07-30_02h22m33s,Nicotinic acid,C6H5NO2,[M]-,-NH3,138,0.0,0.0,0.0,0.0,0.00015574591166981868,0.00015025844452458227,0.0001594698513386608,0.0001594698513386608,0.0,5,0.0,-0.007256701122969389,0.0,0.0,0.00917153898626566,0.009120145812630653,0.007256701122969389,0.0,0.0,0.0,-2.9684845692656836e-09,0.0,0.0,4.010961784928213e-09,3.874166765172049e-09,2.9684845692656836e-09,0.0,0.0
2021-07-30_02h22m33s_C6H5NO2_+Cl_-NH3_138,2021-07-30_02h22m33s,Nicotinic acid,C6H5NO2,+Cl,-NH3,138,0.0,0.0,0.0,0.0,0.0010012237178774056,0.00144248106743599,0.0007441926395804171,0.0007441926395804171,0.0,41,0.0,-0.04125218093395233,0.0,0.0,0.08356490731239319,0.04113175719976425,0.04125218093395233,0.0,0.0,0.0,-1.8420450942358002e-08,0.0,0.0,3.460555220158312e-08,1.840556151933015e-08,1.8420450942358002e-08,0.0,0.0
2021-07-30_02h22m33s_C6H5NO2_[M]-__138,2021-07-30_02h22m33s,Nicotinic acid,C6H5NO2,[M]-,,138,0.7707914522264021,0.7155695596177098,0.6779661016949152,0.6779661016949152,0.8622204917120926,0.85073326120928,0.8695713804773464,0.8695713804773464,0.7702323361021844,189,381.6380615234375,-151.97186279296875,67549.9375,348.4067077636719,413.5453796386719,533.3336791992188,533.6099243164062,0.7151991163080913,0.922842225959967,0.0001944234099937603,-7.396559522021562e-05,0.034412942826747894,0.00019111190340481699,0.00020745537767652422,0.0002681235782802105,0.0002683890052139759,0.1532837396055489,0.16101912632819965
2021-07-30_02h22m33s_C6H5NO2_[M]-_-H2O_138,2021-07-30_02h22m33s,Nicotinic acid,C6H5NO2,[M]-,-H2O,138,0.0,0.0,0.0,0.0,0.0001779953276226499,0.00018031013342949875,0.00017718872370962313,0.00017718872370962313,0.0,6,0.0,-0.010346001014113426,0.0,0.0,0.009781411848962307,0.010088986717164516,0.010346001014113426,0.0,0.0,0.0,-3.992630670524022e-09,0.0,0.0,3.859774277970018e-09,3.89344645412848e-09,3.992630670524022e-09,0.0,0.0
2021-07-30_02h22m33s_C6H5NO2_-H_-NH3_138,2021-07-30_02h22m33s,Nicotinic acid,C6H5NO2,-H,-NH3,138,0.0,0.0,0.0,0.0,0.0001668706196462343,0.00018031013342949875,0.0001594698513386608,0.0001594698513386608,0.0,6,0.0,-0.008656238205730915,0.0,0.0,0.01076875813305378,0.008441200479865074,0.008656238205730915,0.0,0.0,0.0,-4.31384750143593e-09,0.0,0.0,4.3434855712121134e-09,4.206683446028592e-09,4.31384750143593e-09,0.0,0.0
2021-07-30_02h22m33s_C6H5NO2_-H_+C12H14N2_138,2021-07-30_02h22m33s,Nicotinic acid,C6H5NO2,-H,+C12H14N2,138,0.4842249052283565,0.6683016505034072,0.03954802259887006,0.03954802259887006,0.061464011569696296,0.04426613775694194,0.07167283874054255,0.07167283874054255,0.4799024162917557,189,9.909871101379395,-5.037640571594238,1754.047119140625,51.019412994384766,9.111469268798828,14.82744026184082,14.947511672973633,0.662933629660007,1.0875066690552118,4.67643849333399e-06,-3.233285042369971e-06,0.0008277295855805278,2.5085108063649386e-05,4.5594642870128155e-06,7.839606041670777e-06,7.90972353570396e-06,0.004639739437108757,0.0046552132149320765
2021-07-30_02h22m33s_C6H5NO2_+Cl_-CO2_138,2021-07-30_02h22m33s,Nicotinic acid,C6H5NO2,+Cl,-CO2,138,0.0,0.0,0.0,0.0,0.00026699299143397487,0.00024041351123933166,0.000283501957935397,0.000283501957935397,0.0,8,0.0,-0.01679059863090515,0.0,0.0,0.013236884959042072,0.016373489052057266,0.01679059863090515,0.0,0.0,0.0,-7.39981009800772e-09,0.0,0.0,6.920316319991571e-09,7.215985142750014e-09,7.39981009800772e-09,0.0,0.0
2021-07-30_02h22m33s_C6H5NO2_-H__138,2021-07-30_02h22m33s,Nicotinic acid,C6H5NO2,-H,,138,7.8596227946469,18.491333256115713,0.11299435028248588,0.011299435028248588,0.00502836800533986,0.005559562447409545,0.004376561475627691,0.004376561475627691,7.7991397351183425,2,333.5080261230469,315.013671875,59030.921875,1163.235107421875,165.35633850097656,18.034910202026367,18.494342803955078,18.032000253151775,2.016892804071573,0.00015981619071681052,0.000149548111949116,0.02828746661543846,0.0005619724397547543,8.87937203515321e-05,1.0013003702624701e-05,1.0268083315168042e-05,0.15819186348278758,0.14678279983577758
2021-07-30_02h22m33s_C6H5NO2_[M]-_-H2_138,2021-07-30_02h22m33s,Nicotinic acid,C6H5NO2,[M]-,-H2,138,0.5925618873049388,0.8836293694735927,0.022598870056497175,0.022598870056497175,0.02607631549671821,0.022598870056497175,0.028137569325088152,0.028137569325088152,0.5915897988248018,176,1.5074776411056519,-0.20225822925567627,266.82354736328125,9.981277465820312,1.6206722259521484,1.705006718635559,1.7097358703613281,0.8811866678093646,0.929582203469355,6.883632863718958e-07,-1.5741323977636057e-07,0.00012184029765194282,4.687234650191385e-06,8.169430998350435e-07,8.437228302682342e-07,8.457765261482564e-07,0.0006877815768590712,0.0006878013917708316
2021-07-30_02h22m33s_C8H11NO2_[M]-_+C12H14N2_177,2021-07-30_02h22m33s,Dopamine,C8H11NO2,[M]-,+C12H14N2,177,1.084947979795139,1.0787421994866495,0.4350282485875706,0.12994350282485875,0.39789743019245744,0.4094542613294867,0.3909669188652834,0.3909669188652834,1.0857285227896227,189,70.2987060546875,4.699066162109375,12442.87109375,109.80207061767578,72.57691192626953,65.16629028320312,65.59963989257812,1.071616163650271,0.9685964253987158,3.114141145488247e-05,9.906780178425834e-07,0.005512029863893986,4.562356843962334e-05,3.284536433056928e-05,2.9911847377661616e-05,3.015073343703989e-05,0.030229956106501917,0.03015108798505044
2021-07-30_02h22m33s_C8H11NO2_-H_-H2O_177,2021-07-30_02h22m33s,Dopamine,C8H11NO2,-H,-H2O,177,0.9159440720203366,1.0898528088209565,0.06779661016949153,0.005649717514124294,0.06266548003114918,0.060343791321072246,0.06401828587628683,0.06401828587628683,0.9198383868941206,135,3.739891529083252,0.32538342475891113,661.9608154296875,13.998190879821777,3.9786078929901123,3.430556535720825,3.414508104324341,1.0949736949381594,0.939763823383427,1.8632795217854436e-06,1.450357558496762e-07,0.0003298004739917815,7.147996711864835e-06,1.8958447753902874e-06,1.7238348846149165e-06,1.7182437659357674e-06,0.0018600834450019487,0.0018597537174167664
2021-07-30_02h22m33s_C8H11NO2_+Cl_-H2_177,2021-07-30_02h22m33s,Dopamine,C8H11NO2,+Cl,-H2,177,5.678342145846272,19.084734307495285,0.384180790960452,0.384180790960452,0.06622538658360218,0.0790659935088352,0.057657210695111365,0.057657210695111365,5.646745050678616,188,99.06280517578125,93.83099365234375,17534.1171875,179.13153076171875,6.545476913452148,5.189682960510254,5.231815338134766,18.931072238274727,15.132231654589695,4.110701411264017e-05,3.867144187097438e-05,0.00727594131603837,6.941974424989894e-05,3.0643338959635003e-06,2.411825107628829e-06,2.4355733785341727e-06,0.041007138218465404,0.040981433317420435
2021-07-30_02h22m33s_C8H11NO2_[M]-_+HCl_177,2021-07-30_02h22m33s,Dopamine,C8H11NO2,[M]-,+HCl,177,1.0512154957400648,1.4009926183026324,0.11299435028248588,0.11299435028248588,0.12142618756257648,0.16206875826421444,0.09748923578503464,0.09748923578503464,1.0518058078085044,189,8.989564895629883,2.577878475189209,1591.1529541015625,26.882362365722656,11.999643325805664,6.4155683517456055,6.411686420440674,1.4018407117140974,0.7490902488785007,3.834306880889926e-06,7.738972271909006e-07,0.0006786723388358951,1.1387277481844649e-05,5.392506864154711e-06,3.054396074730903e-06,3.0604096536990255e-06,0.0038226081340541583,0.0038137412549942595
2021-07-30_02h22m33s_C8H11NO2_+Cl_+C12H14N2_177,2021-07-30_02h22m33s,Dopamine,C8H11NO2,+Cl,+C12H14N2,177,1.899703570686135,2.580296610749014,0.2033898305084746,0.2033898305084746,0.10403826899543887,0.11533838201706936,0.09706398284813154,0.09706398284813154,1.913314472131394,189,16.099523544311523,9.911275863647461,2849.61572265625,35.23188018798828,7.72239351272583,6.238408088684082,6.188248157501221,2.6012082783915016,2.084514212280437,7.183117304521147e-06,4.195806923235068e-06,0.0012714117765426636,1.5680223441449925e-05,3.675261950775166e-06,3.0082458124525147e-06,2.987310381286079e-06,0.00716172301501051,0.007156814137831605
2021-07-30_02h22m33s_C8H11NO2_[M]-_-NH3_177,2021-07-30_02h22m33s,Dopamine,C8H11NO2,[M]-,-NH3,177,1.0092117330790564,1.258670324131,0.062146892655367235,0.062146892655367235,0.0532762264990544,0.05610650318547902,0.05157963747187129,0.05157963747187129,1.0136038754984324,189,4.3493523597717285,0.9139077663421631,769.8353271484375,17.485010147094727,3.828253984451294,3.4545135498046875,3.4354445934295654,1.2656547316629607,1.1358223762206154,1.982368758035591e-06,2.967666432596161e-07,0.00035087927244603634,7.848295354051515e-06,1.8494732785256929e-06,1.6932917787926272e-06,1.6856021147759748e-06,0.0019790328960008806,0.0019787091882659197
2021-07-30_02h22m33s_C8H11NO2_-H_+C12H14N2_177,2021-07-30_02h22m33s,Dopamine,C8H11NO2,-H,+C12H14N2,177,1.8773903413793958,4.2187089665827076,0.4067796610169492,0.4067796610169492,0.2011569696295472,0.19070801779059984,0.20667292733490442,0.20667292733490442,1.8788469196513573,189,67.47517395019531,51.50849914550781,11943.1064453125,122.40447235107422,14.798514366149902,15.993270874023438,15.966675758361816,4.225735477804933,4.559282979212311,3.011948683706578e-05,2.235328429378569e-05,0.005331149324774742,5.187767237657681e-05,7.088588517945027e-06,7.769387593725696e-06,7.76620345277479e-06,0.02988737539904732,0.02990748498241879
2021-07-30_02h22m33s_C8H11NO2_-H_+HCl_177,2021-07-30_02h22m33s,Dopamine,C8H11NO2,-H,+HCl,177,2.0510985015878105,2.5797346317761765,0.14124293785310735,0.011299435028248588,0.06177550339303593,0.0662940257242457,0.058862094016336804,0.058862094016336804,2.0606001788661614,4,17.188568115234375,10.537044525146484,3042.376708984375,49.797454833984375,6.9957594871521,6.66192102432251,6.651523590087891,2.5837665785725212,2.456646987337085,7.60150305723073e-06,4.623170298145851e-06,0.0013454660074785352,2.0763298380188644e-05,3.2288705824612407e-06,2.9823402201145655e-06,2.9783327590848785e-06,0.007578930480302418,0.007577037782831547
2021-07-30_02h22m33s_C8H11NO2_+Cl__177,2021-07-30_02h22m33s,Dopamine,C8H11NO2,+Cl,,177,2.0510985015878105,2.5797346317761765,0.14124293785310735,0.011299435028248588,0.06177550339303593,0.0662940257242457,0.058862094016336804,0.058862094016336804,2.0606001788661614,4,17.188568115234375,10.537044525146484,3042.376708984375,49.797454833984375,6.9957594871521,6.66192102432251,6.651523590087891,2.5837665785725212,2.456646987337085,7.60150305723073e-06,4.623170298145851e-06,0.0013454660074785352,2.0763298380188644e-05,3.2288705824612407e-06,2.9823402201145655e-06,2.9783327590848785e-06,0.007578930480302418,0.007577037782831547
2021-07-30_02h22m33s_C8H11NO2_+Cl_-NH3_177,2021-07-30_02h22m33s,Dopamine,C8H11NO2,+Cl,-NH3,177,0.19461605580218924,0.3037880154982156,0.005649717514124294,0.005649717514124294,0.019746356658137725,0.02103618223344152,0.019030068926413523,0.019030068926413523,0.19737341123549088,181,0.35905617475509644,-0.7993062138557434,63.55294418334961,4.763418674468994,1.4709120988845825,1.1809300184249878,1.1583623886108398,0.30970141716027316,0.24393859866169307,1.1560116774944618e-07,-4.0011093460634584e-07,2.046140616585035e-05,1.5336227079387754e-06,6.631541964452481e-07,5.245739771453373e-07,5.157120881449373e-07,0.00011554158155915273,0.00011552455715457664
2021-07-30_02h22m33s_C8H11NO2_-H_+H2_177,2021-07-30_02h22m33s,Dopamine,C8H11NO2,-H,+H2,177,0.5242699299466985,0.9962873685861865,0.011299435028248588,0.011299435028248588,0.012971409500500611,0.015386464719317226,0.011552704785867427,0.011552704785867427,0.5259562792571244,171,0.688490092754364,0.0026197433471679688,121.86274719238281,6.512228012084961,0.9113237857818604,0.6900557279586792,0.685870349407196,1.0023581500476266,0.7546554233093121,4.1068403788813157e-07,7.759845743748883e-08,7.269107300089672e-05,3.99379223381402e-06,4.3044579456363863e-07,3.346210633026203e-07,3.3308558045064274e-07,0.0004105472905055711,0.00041050733673139803
2021-07-30_02h22m33s_C8H11NO2_[M]-_-CH2O2_177,2021-07-30_02h22m33s,Dopamine,C8H11NO2,[M]-,-CH2O2,177,0.0,0.0,0.0,0.0,0.00025586828345755926,0.00024041351123933166,0.0002657830855644347,0.0002657830855644347,0.0,8,0.0,-0.01554005779325962,0.0,0.0,0.013558614067733288,0.01515401341021061,0.01554005779325962,0.0,0.0,0.0,-7.183261541143793e-09,0.0,0.0,5.664552826800673e-09,7.004816282574211e-09,7.183261541143793e-09,0.0,0.0
2021-07-30_02h22m33s_C8H11NO2_+Cl_-CH2O2_177,2021-07-30_02h22m33s,Dopamine,C8H11NO2,+Cl,-CH2O2,177,0.3993801211776905,1.0956741927999591,0.005649717514124294,0.005649717514124294,0.004594504394259651,0.005349200625075129,0.004146216134805181,0.004146216134805181,0.4020588393222092,118,0.2763708829879761,0.030541449785232544,48.91764831542969,3.6664745807647705,0.3046170175075531,0.2512381970882416,0.24582943320274353,1.1196836592861577,0.904304626888605,1.0538065708942668e-07,-7.603148333146237e-09,1.8652375729288906e-05,1.3980321682538488e-06,1.420544748498287e-07,1.1514659803424365e-07,1.1298380542257291e-07,0.00010536875212683875,0.00010536568942174867
2021-07-30_02h22m33s_C8H11NO2_[M]-_-CO2_177,2021-07-30_02h22m33s,Dopamine,C8H11NO2,[M]-,-CO2,177,0.0,0.0,0.0,0.0,0.00031149182333963736,0.0003606202668589975,0.000283501957935397,0.000283501957935397,0.0,11,0.0,-0.015841471031308174,0.0,0.0,0.020312819629907608,0.015447938814759254,0.015841471031308174,0.0,0.0,0.0,-6.8767778138578706e-09,0.0,0.0,7.823623526803658e-09,6.705946020701958e-09,6.8767778138578706e-09,0.0,0.0
2021-07-30_02h22m33s_C8H11NO2_-H_-CO2_177,2021-07-30_02h22m33s,Dopamine,C8H11NO2,-H,-CO2,177,0.0,0.0,0.0,0.0,0.00026699299143397487,0.00024041351123933166,0.000283501957935397,0.000283501957935397,0.0,8,0.0,-0.016096707433462143,0.0,0.0,0.012798484414815903,0.01569683663547039,0.016096707433462143,0.0,0.0,0.0,-6.54789689136237e-09,0.0,0.0,5.7645954676388556e-09,6.38523500740007e-09,6.54789689136237e-09,0.0,0.0
2021-07-30_02h22m33s_C8H11NO2_+Cl_-CO2_177,2021-07-30_02h22m33s,Dopamine,C8H11NO2,+Cl,-CO2,177,0.0,0.0,0.0,0.0,0.0010012237178774056,0.002103618223344152,0.00035437744741924625,0.00035437744741924625,0.0,3,0.0,-1.2704335451126099,0.0,0.0,15.620391845703125,1.3490937948226929,1.2704335451126099,0.0,0.0,0.0,-4.0226109376817476e-07,0.0,0.0,5.097606390336296e-06,4.283448902242526e-07,4.0226109376817476e-07,0.0,0.0
2021-07-30_02h22m33s_C8H11NO2_-H__177,2021-07-30_02h22m33s,Dopamine,C8H11NO2,-H,,177,73.92305385122366,5178.438919730046,0.8361581920903954,0.480225988700565,0.003771276004004895,0.0035160476018752254,0.001311196555451211,0.001311196555451211,77.16603689392959,3,2152.3251953125,2152.058837890625,380961.5625,7524.609375,2.2409508228302,0.41463205218315125,0.2664553225040436,8047.419565860237,960.0233749085726,0.0009231974254362285,0.0009231016738340259,0.16340593993663788,0.002804376417770982,9.631935427023564e-07,1.697219005336592e-07,9.575975923326041e-08,0.9231090287378905,0.9223090633020801
2021-07-30_02h22m33s_C8H11NO2_+Cl_-H2O_177,2021-07-30_02h22m33s,Dopamine,C8H11NO2,+Cl,-H2O,177,0.7685540847212233,1.1274583395338535,0.02824858757062147,0.02824858757062147,0.026254310824340862,0.025393677124654405,0.02675549728015309,0.02675549728015309,0.7783618379098068,188,1.8705881834030151,0.24160552024841309,331.0941162109375,11.196881294250488,1.5961498022079468,1.658119559288025,1.628982663154602,1.1476123186382579,1.171203966476444,8.163507914105139e-07,1.4887518773321062e-08,0.0001444940862711519,4.915069894195767e-06,7.6732169418392e-07,8.138617886288557e-07,8.014632726371929e-07,0.0008156970401912018,0.0008157248680227947
2021-07-30_02h22m33s_C8H11NO2_-H_-CH2O2_177,2021-07-30_02h22m33s,Dopamine,C8H11NO2,-H,-CH2O2,177,0.0,0.0,0.0,0.0,0.00021136945155189677,0.00018031013342949875,0.00023034534082251004,0.00023034534082251004,0.0,6,0.0,-0.013092701323330402,0.0,0.0,0.010386571288108826,0.012767454609274864,0.013092701323330402,0.0,0.0,0.0,-5.546722192661946e-09,0.0,0.0,4.402862074925906e-09,5.408931080808088e-09,5.546722192661946e-09,0.0,0.0
2021-07-30_02h22m33s_C8H11NO2_[M]-_+H2_177,2021-07-30_02h22m33s,Dopamine,C8H11NO2,[M]-,+H2,177,0.0,0.0,0.0,0.0,0.0019023250639670709,0.0023440317345834838,0.001647855130499495,0.001647855130499495,0.0,55,0.0,-0.09228479862213135,0.0,0.0,0.13747376203536987,0.09629352390766144,0.09228479862213135,0.0,0.0,0.0,-4.3485496092898757e-08,0.0,0.0,6.074603930983358e-08,4.51886030816695e-08,4.3485496092898757e-08,0.0,0.0
2021-07-30_02h22m33s_C8H11NO2_[M]-_-H2_177,2021-07-30_02h22m33s,Dopamine,C8H11NO2,[M]-,-H2,177,4.05107376639063,15.428615766092284,0.7288135593220338,0.6666666666666666,0.19777505840471687,0.24221661257362664,0.1699062671651576,0.1699062671651576,4.05549391450132,189,388.0773620605469,363.05511474609375,68689.6953125,962.880859375,30.162044525146484,25.152090072631836,25.022233963012695,15.508681357260663,12.865987773117945,0.00017723215569276363,0.00016536010662093759,0.03137009218335152,0.0003681674716062844,1.4451519746216945e-05,1.191040973935742e-05,1.1872047252836637e-05,0.17515273415639537,0.17470736870412634
2021-07-30_02h22m33s_C5H11NO2S_[M]-_+C12H14N2_184,2021-07-30_02h22m33s,Methionine,C5H11NO2S,[M]-,+C12H14N2,184,0.6737477768619546,0.6247326060548972,0.23163841807909605,0.23163841807909605,0.3203137167649349,0.2979023921144368,0.333805836596559,0.333805836596559,0.6734560214349595,189,18.233123779296875,-10.96890640258789,3227.262939453125,34.925601959228516,26.890783309936523,29.184484481811523,29.202030181884766,0.6243572555908,0.6780183957736908,9.415104614163283e-06,-4.906946742266882e-06,0.0016664735740050673,1.8366885342402384e-05,1.3089062122162431e-05,1.4323314644570928e-05,1.4322051356430165e-05,0.009282164970753298,0.00929346191384304
2021-07-30_02h22m33s_C5H11NO2S_+Cl_+C12H14N2_184,2021-07-30_02h22m33s,Methionine,C5H11NO2S,+Cl,+C12H14N2,184,0.8178018584571506,0.8902568781306184,0.13559322033898305,0.13559322033898305,0.16689286906218712,0.18586969587690827,0.1558020447578716,0.1558020447578716,0.8227071287769696,189,9.2927885055542,-1.0287714004516602,1644.8236083984375,25.08365249633789,14.44756031036377,10.437322616577148,10.32155990600586,0.9002406951542592,0.6431636305583055,4.513346084422665e-06,-3.3934202292584814e-07,0.0007988622528500855,1.2099899322493002e-05,6.770600975869456e-06,4.909964900434716e-06,4.852688107348513e-06,0.004491549993187164,0.00448299352409362
2021-07-30_02h22m33s_C5H11NO2S_+Cl_+HCl_184,2021-07-30_02h22m33s,Methionine,C5H11NO2S,+Cl,+HCl,184,0.38725373446279654,1.3465644643355947,0.005649717514124294,0.005649717514124294,0.007142062520858828,0.011479745161678087,0.004589187944079239,0.004589187944079239,0.3882650574860939,118,0.3610723316669464,0.0957699716091156,63.90980529785156,4.790165901184082,0.8176385760307312,0.2671433687210083,0.2653023600578308,1.3558735701348466,0.441064399160921,1.5270266828792955e-07,3.327558317778312e-08,2.70283726422349e-05,2.025829871854512e-06,3.4510134128140635e-07,1.1984170100731717e-07,1.1942708511014644e-07,0.0001526844336310793,0.00015264998857212673
2021-07-30_02h22m33s_C5H11NO2S_-H_+C12H14N2_184,2021-07-30_02h22m33s,Methionine,C5H11NO2S,-H,+C12H14N2,184,0.8046854115198722,0.645315819094602,0.1694915254237288,0.1694915254237288,0.1940927800645233,0.18313499218656087,0.20063079185640625,0.20063079185640625,0.8039676097642233,189,13.709982872009277,-7.551579475402832,2426.6669921875,31.764019012451172,16.918420791625977,21.244384765625,21.26156234741211,0.6447944818691118,0.8103104143372825,6.82879135638359e-06,-3.5148809729435015e-06,0.00120869604870677,1.5985853679012507e-05,8.215381967602298e-06,1.0338056199543644e-05,1.0343672329327092e-05,0.0067588797192542896,0.006773147363668197
2021-07-30_02h22m33s_C5H11NO2S_+Cl__184,2021-07-30_02h22m33s,Methionine,C5H11NO2S,+Cl,,184,0.6936576300701994,0.7880934769676872,0.07909604519774012,0.07909604519774012,0.10308154410946713,0.10160476018752254,0.10402749968991973,0.10402749968991973,0.6889584370936921,189,5.6334333419799805,-1.57769775390625,997.11767578125,19.77022361755371,6.943398475646973,7.147179126739502,7.2111310958862305,0.7811052332636143,0.8112197711199375,2.9326340609259205e-06,-3.850846042041667e-07,0.0005190762458369136,1.0667674359865487e-05,3.1949314234225312e-06,3.2963580451905727e-06,3.317718665130087e-06,0.0029229365796785297,0.002923294335991947
2021-07-30_02h22m33s_C5H11NO2S_-H_+HCl_184,2021-07-30_02h22m33s,Methionine,C5H11NO2S,-H,+HCl,184,0.6936576300701994,0.7880934769676872,0.07909604519774012,0.07909604519774012,0.10308154410946713,0.10160476018752254,0.10402749968991973,0.10402749968991973,0.6889584370936921,189,5.6334333419799805,-1.57769775390625,997.11767578125,19.77022361755371,6.943398475646973,7.147179126739502,7.2111310958862305,0.7811052332636143,0.8112197711199375,2.9326340609259205e-06,-3.850846042041667e-07,0.0005190762458369136,1.0667674359865487e-05,3.1949314234225312e-06,3.2963580451905727e-06,3.317718665130087e-06,0.0029229365796785297,0.002923294335991947
2021-07-30_02h22m33s_C5H11NO2S_-H_-NH3_184,2021-07-30_02h22m33s,Methionine,C5H11NO2S,-H,-NH3,184,0.0,0.0,0.0,0.0,0.0017688285682500833,0.0030051688904916456,0.0010454134698867764,0.0010454134698867764,0.0,77,0.0,-0.05951099470257759,0.0,0.0,0.1709408462047577,0.0585966631770134,0.05951099470257759,0.0,0.0,0.0,-2.5402608017088824e-08,0.0,0.0,7.043760774649854e-08,2.5212138154984132e-08,2.5402608017088824e-08,0.0,0.0
2021-07-30_02h22m33s_C5H11NO2S_-H_+H2_184,2021-07-30_02h22m33s,Methionine,C5H11NO2S,-H,+H2,184,0.0,0.0,0.0,0.0,0.00728668372455223,0.012200985695396082,0.004411999220369616,0.004411999220369616,0.0,137,0.0,-5.199190616607666,0.0,0.0,8.15360164642334,5.055421829223633,5.199190616607666,0.0,0.0,0.0,-2.2911422092875e-06,0.0,0.0,3.4236250030517112e-06,2.227047616543132e-06,2.2911422092875e-06,0.0,0.0
2021-07-30_02h22m33s_C5H11NO2S_[M]-_-NH3_184,2021-07-30_02h22m33s,Methionine,C5H11NO2S,[M]-,-NH3,184,0.3723310103630823,1.0935020945954532,0.005649717514124294,0.005649717514124294,0.005951718767382356,0.007272508714989782,0.005173910732320995,0.005173910732320995,0.37598581079813437,123,0.3898526728153229,0.04430219531059265,69.00392150878906,5.1719794273376465,0.4946611821651459,0.35551753640174866,0.3455504775047302,1.1249520578427181,0.7865305713721003,1.884994418333008e-07,2.4288652866744087e-08,3.336440204293467e-05,2.5007277599797817e-06,2.2696467283367383e-07,1.70522923781391e-07,1.6421078896655672e-07,0.00018846849327332506,0.00018845666882711713
2021-07-30_02h22m33s_C5H11NO2S_-H_-H2_184,2021-07-30_02h22m33s,Methionine,C5H11NO2S,-H,-H2,184,1.107907102339578,1.303500791470791,0.07344632768361582,0.07344632768361582,0.058593836911781064,0.06241735785551148,0.056292857522547264,0.056292857522547264,1.1066373736676403,189,6.7646403312683105,1.5661368370056152,1197.34130859375,26.816926956176758,5.560466289520264,5.188594341278076,5.198503494262695,1.3010165948984627,1.2163411552121146,3.361085191500024e-06,8.76906369740027e-07,0.0005949120968580246,1.426249582436867e-05,2.6555783279036405e-06,2.479074510119972e-06,2.484178821759997e-06,0.0033527563451927747,0.0033521832064258767
2021-07-30_02h22m33s_C5H11NO2S_-H_-H2O_184,2021-07-30_02h22m33s,Methionine,C5H11NO2S,-H,-H2O,184,0.43124972252679006,1.5566961293725277,0.005649717514124294,0.005649717514124294,0.003426410056736011,0.003966822935448972,0.0031008026649184048,0.0031008026649184048,0.42864707869153695,73,0.2866068482398987,0.09917490184307098,50.72941207885742,3.8022687435150146,0.2908899486064911,0.1831122636795044,0.1874319463968277,1.521009859104888,0.9819003689855906,1.4777943135868554e-07,5.8666429936238274e-08,2.6156960302614607e-05,1.960515419341391e-06,1.4317438967736962e-07,8.69904184241932e-08,8.911300142244727e-08,0.00014776626346343932,0.0001477582761576769
2021-07-30_02h22m33s_C5H11NO2S_[M]-_-CO2_184,2021-07-30_02h22m33s,Methionine,C5H11NO2S,[M]-,-CO2,184,0.0,0.0,0.0,0.0,0.00020024474357548114,0.00018031013342949875,0.00021262646845154776,0.00021262646845154776,0.0,6,0.0,-0.011890357360243797,0.0,0.0,0.010823322460055351,0.012501046061515808,0.011890357360243797,0.0,0.0,0.0,-5.409882319895587e-09,0.0,0.0,4.830809086087129e-09,5.746344289292438e-09,5.409882319895587e-09,0.0,0.0
2021-07-30_02h22m33s_C5H11NO2S_-H_-CH2O2_184,2021-07-30_02h22m33s,Methionine,C5H11NO2S,-H,-CH2O2,184,0.0,0.0,0.0,0.0,0.000233618867504728,0.0003906719557639139,0.0001417509789676985,0.0001417509789676985,0.0,13,0.0,-0.008042258210480213,0.0,0.0,0.022542772814631462,0.0077963038347661495,0.008042258210480213,0.0,0.0,0.0,-3.1104006037452336e-09,0.0,0.0,8.702554232797866e-09,3.0152758068169305e-09,3.1104006037452336e-09,0.0,0.0
2021-07-30_02h22m33s_C5H11NO2S_+Cl_-H2O_184,2021-07-30_02h22m33s,Methionine,C5H11NO2S,+Cl,-H2O,184,1.0786914666124232,1.9777497975214966,0.022598870056497175,0.022598870056497175,0.014184002669929915,0.019623752854910446,0.01095026312525471,0.01095026312525471,1.0806712463495791,178,2.6874046325683594,1.329468846321106,475.6706237792969,21.410884857177734,2.1385092735290527,1.3578193187713623,1.3579357862472534,1.977580294643441,1.2560845918351973,1.072469217433536e-06,4.916305442748126e-07,0.00018982705660164356,9.114564818446524e-06,9.255822988052387e-07,5.796725304207939e-07,5.808386731587234e-07,0.001071846647449002,0.0010714774768473974
2021-07-30_02h22m33s_C5H11NO2S_[M]-_-H2_184,2021-07-30_02h22m33s,Methionine,C5H11NO2S,[M]-,-H2,184,0.44824132867730065,0.5744242495484928,0.022598870056497175,0.022598870056497175,0.03495383246189788,0.025754297391513404,0.04041674787816504,0.04041674787816504,0.4473073718705178,186,3.405118227005005,-2.543576955795288,602.7059326171875,22.90131950378418,3.8696799278259277,5.926880359649658,5.948695182800293,0.5723180973789562,0.8797209509693512,1.4617907027059118e-06,-1.1820012559837778e-06,0.00025873695267364383,1.0440867299621459e-05,1.6632809547445504e-06,2.6338643692724872e-06,2.6437919586896896e-06,0.0014579362226442027,0.0014593633714042034
2021-07-30_02h22m33s_C5H11NO2S_[M]-_+H2_184,2021-07-30_02h22m33s,Methionine,C5H11NO2S,[M]-,+H2,184,0.5020333699144514,0.7237692794025371,0.01694915254237288,0.01694915254237288,0.02597619312493047,0.02978122370477221,0.02376100784946046,0.02376100784946046,0.5006749516744484,187,1.492057204246521,-0.575741171836853,264.0941162109375,11.414607048034668,2.461169958114624,2.060509443283081,2.067798376083374,0.7212192456721023,0.6059927745154706,5.941703875578241e-07,-3.561072503543983e-07,0.00010516815382288769,4.562254162010504e-06,1.1288178711765795e-06,9.472739748161985e-07,9.502776379122224e-07,0.0005936062967682814,0.0005935004336617557
2021-07-30_02h22m33s_C5H11NO2S_[M]-__184,2021-07-30_02h22m33s,Methionine,C5H11NO2S,[M]-,,184,0.5355545414525972,5.384968442909332,0.005649717514124294,0.005649717514124294,0.0014239626209811992,0.00288496213487198,0.0005492850434998317,0.0005492850434998317,0.5346762638862055,69,0.35034894943237305,0.28426745533943176,62.01176452636719,4.647903919219971,0.3125157952308655,0.06406053900718689,0.06608149409294128,5.222736228071564,1.1174842057778445,1.1373953867632736e-07,9.137956880067577e-08,2.013189805438742e-05,1.5089254929989693e-06,1.0617407042445848e-07,2.1676138217685548e-08,2.2359968099294747e-08,0.0001137369955207358,0.00011372746376858
2021-07-30_02h22m33s_C5H11NO2S_[M]-_-CH2O2_184,2021-07-30_02h22m33s,Methionine,C5H11NO2S,[M]-,-CH2O2,184,0.0,0.0,0.0,0.0,0.00015574591166981868,0.00018031013342949875,0.0001417509789676985,0.0001417509789676985,0.0,5,0.0,-0.00839921459555626,0.0,0.0,0.009785537607967854,0.008142342790961266,0.00839921459555626,0.0,0.0,0.0,-3.35967942355353e-09,0.0,0.0,3.896365008415614e-09,3.2569311692043357e-09,3.35967942355353e-09,0.0,0.0
2021-07-30_02h22m33s_C5H11NO2S_+Cl_+H2_184,2021-07-30_02h22m33s,Methionine,C5H11NO2S,+Cl,+H2,184,0.9388414632645575,0.9194569281132751,0.7457627118644068,0.655367231638418,0.7586939592835688,0.7152602476259166,0.7843436043730178,0.7843436043730178,0.9389326992570852,189,95.24205780029297,-7.57763671875,16857.84375,71.16307067871094,92.76090240478516,103.58412170410156,102.81969451904297,0.9262926908420522,1.0267367888239847,4.905602690996602e-05,-1.9401632016524673e-06,0.00868291687220335,4.008886025985703e-05,4.5407534344121814e-05,5.140524444868788e-05,5.099619011161849e-05,0.046675741902314744,0.046925266270195075
2021-07-30_02h22m33s_C4H6O3_+Cl_+C12H14N2_84,2021-07-30_02h22m33s,Acetoacetic acid,C4H6O3,+Cl,+C12H14N2,84,1.0407387971932,1.2123553626732364,0.6892655367231638,0.6892655367231638,0.6515073979308044,0.6499879793244381,0.6522848485922356,0.6522848485922356,1.0409590990901745,189,177.08995056152344,31.383865356445312,31344.921875,132.10092163085938,161.99180603027344,146.0699920654297,145.70608520507812,1.2153832486064415,1.093196388785491,8.773196896072477e-05,1.764679473126307e-05,0.015528558753430843,7.139007357181981e-05,7.772341632517055e-05,7.024383376119658e-05,7.00851742294617e-05,0.08198596810192992,0.08140490188092404
2021-07-30_02h22m33s_C4H6O3_+Cl_-H2_84,2021-07-30_02h22m33s,Acetoacetic acid,C4H6O3,+Cl,-H2,84,0.6042489503105694,1.012010548592078,0.011299435028248588,0.011299435028248588,0.018422516408944264,0.03495011419641784,0.008699966334142495,0.008699966334142495,0.5983614117928933,174,0.5604519844055176,-0.0038704276084899902,99.20000457763672,5.242548942565918,4.296550273895264,0.5528005361557007,0.5643224120140076,0.9913846903908538,0.1304119669779985,2.941033869774401e-07,1.8901005205407273e-08,5.2056297136005014e-05,2.795273530864506e-06,1.8640645293999114e-06,2.6981140877069265e-07,2.752023817720328e-07,0.0002940224712930457,0.00029355617931619063
2021-07-30_02h22m33s_C4H6O3_[M]-_+C12H14N2_84,2021-07-30_02h22m33s,Acetoacetic acid,C4H6O3,[M]-,+C12H14N2,84,0.0,0.0,0.0,0.0,0.006797196573589943,0.010277677605481428,0.004766376667788862,0.004766376667788862,0.0,124,0.0,-0.2701774537563324,0.0,0.0,0.7356724739074707,0.2688843011856079,0.2701774537563324,0.0,0.0,0.0,-1.3624025996250566e-07,0.0,0.0,3.373052379629371e-07,1.3560186573613464e-07,1.3624025996250566e-07,0.0,0.0
2021-07-30_02h22m33s_C4H6O3_+Cl_+HCl_84,2021-07-30_02h22m33s,Acetoacetic acid,C4H6O3,+Cl,+HCl,84,1.6685799146729086,6.332311308103567,0.022598870056497175,0.022598870056497175,0.004650127934141729,0.006431061425652121,0.003543774474192462,0.003543774474192462,1.6687141710419142,122,1.2903512716293335,1.0877467393875122,228.3921661376953,8.539040565490723,0.40132585167884827,0.20277255773544312,0.2026045322418213,6.337537074551868,3.207229329770588,6.265844376684981e-07,5.407244998423266e-07,0.00011090545012848452,4.35779975305195e-06,1.6283738091260602e-07,8.584339639128302e-08,8.585994493159887e-08,0.000626530643781925,0.0006264824229115634
2021-07-30_02h22m33s_C4H6O3_+Cl_+H2_84,2021-07-30_02h22m33s,Acetoacetic acid,C4H6O3,+Cl,+H2,84,0.6049736815262307,0.6452622217346242,0.03954802259887006,0.01694915254237288,0.07028590499499388,0.09574468085106383,0.05537147615925723,0.05537147615925723,0.6024308781156975,187,2.1986706256866455,-1.2366998195648193,389.1647033691406,11.413487434387207,9.439142227172852,3.4064064025878906,3.435370445251465,0.6398235174920882,0.23290651483596417,8.225097758440825e-07,-6.899480808897351e-07,0.00014558422844856977,4.2235183173033874e-06,3.9834030758356676e-06,1.5007525462351623e-06,1.5124578567338176e-06,0.0008212676431447269,0.0008192463872651831
2021-07-30_02h22m33s_C4H6O3_-H_+HCl_84,2021-07-30_02h22m33s,Acetoacetic acid,C4H6O3,-H,+HCl,84,0.0,0.0,0.0,0.0,0.005484481032372901,0.009165765115999518,0.0033311480057409146,0.0033311480057409146,0.0,70,0.0,-0.20602217316627502,0.0,0.0,0.9213607907295227,0.20184123516082764,0.20602217316627502,0.0,0.0,0.0,-1.0646745352005382e-07,0.0,0.0,4.203854473416868e-07,1.0415287476917001e-07,1.0646745352005382e-07,0.0,0.0
2021-07-30_02h22m33s_C4H6O3_+Cl__84,2021-07-30_02h22m33s,Acetoacetic acid,C4H6O3,+Cl,,84,0.0,0.0,0.0,0.0,0.005484481032372901,0.009165765115999518,0.0033311480057409146,0.0033311480057409146,0.0,70,0.0,-0.20602217316627502,0.0,0.0,0.9213607907295227,0.20184123516082764,0.20602217316627502,0.0,0.0,0.0,-1.0646745352005382e-07,0.0,0.0,4.203854473416868e-07,1.0415287476917001e-07,1.0646745352005382e-07,0.0,0.0
2021-07-30_02h22m33s_C4H6O3_-H_+C12H14N2_84,2021-07-30_02h22m33s,Acetoacetic acid,C4H6O3,-H,+C12H14N2,84,1.0638070275125788,1.8571391842167635,0.03389830508474576,0.02824858757062147,0.0348314606741573,0.05682774371919702,0.02186508850576749,0.02186508850576749,1.0629101740198474,177,1.9796611070632935,0.9128056764602661,350.4000244140625,10.662708282470703,4.387340545654297,1.0649734735488892,1.0668554306030273,1.853866216651969,0.4511183866584192,9.371481723974284e-07,4.220328264636919e-07,0.00016587522986810654,5.2601308198063634e-06,1.9876422356901458e-06,5.139866630088363e-07,5.151153459337365e-07,0.0009366656815308624,0.0009352891521759806
2021-07-30_02h22m33s_C4H6O3_+Cl_-CO2_84,2021-07-30_02h22m33s,Acetoacetic acid,C4H6O3,+Cl,-CO2,84,0.0,0.0,0.0,0.0,0.00014462120369340304,0.00012020675561966583,0.0001594698513386608,0.0001594698513386608,0.0,4,0.0,-0.00884520635008812,0.0,0.0,0.006703647784888744,0.008626728318631649,0.00884520635008812,0.0,0.0,0.0,-3.807905546437951e-09,0.0,0.0,2.556952205523544e-09,3.7138501163269666e-09,3.807905546437951e-09,0.0,0.0
2021-07-30_02h22m33s_C4H6O3_[M]-_+HCl_84,2021-07-30_02h22m33s,Acetoacetic acid,C4H6O3,[M]-,+HCl,84,0.0,0.0,0.0,0.0,0.0009900990099009901,0.0010818608005769925,0.0009391002356610025,0.0009391002356610025,0.0,33,0.0,-0.05308891087770462,0.0,0.0,0.06352443993091583,0.05400858446955681,0.05308891087770462,0.0,0.0,0.0,-2.340181737281455e-08,0.0,0.0,2.9495978992599703e-08,2.383468533651012e-08,2.340181737281455e-08,0.0,0.0
2021-07-30_02h22m33s_C4H6O3_[M]-_-CO2_84,2021-07-30_02h22m33s,Acetoacetic acid,C4H6O3,[M]-,-CO2,84,0.0,0.0,0.0,0.0,5.5623539882078096e-05,3.0051688904916458e-05,7.087548948384925e-05,7.087548948384925e-05,0.0,1,0.0,-0.004147345665842295,0.0,0.0,0.0015368787571787834,0.00404490577057004,0.004147345665842295,0.0,0.0,0.0,-2.151965272645384e-09,0.0,0.0,1.1147319733950667e-09,2.0988115689846154e-09,2.151965272645384e-09,0.0,0.0
2021-07-30_02h22m33s_C4H6O3_+Cl_-CH2O3_84,2021-07-30_02h22m33s,Acetoacetic acid,C4H6O3,+Cl,-CH2O3,84,0.0,0.0,0.0,0.0,8.899766381132495e-05,0.0,0.0001417509789676985,0.0001417509789676985,0.0,0,0.0,-0.008155548945069313,0.0,0.0,0.0,0.007954105734825134,0.008155548945069313,0.0,0.0,0.0,-3.5395710806795933e-09,0.0,0.0,0.0,3.4521432379364114e-09,3.5395710806795933e-09,0.0,0.0
2021-07-30_02h22m33s_C4H6O3_-H_+H2_84,2021-07-30_02h22m33s,Acetoacetic acid,C4H6O3,-H,+H2,84,0.0,0.0,0.0,0.0,0.0001668706196462343,0.00018031013342949875,0.0001594698513386608,0.0001594698513386608,0.0,6,0.0,-0.008234204724431038,0.0,0.0,0.00995677337050438,0.008920028805732727,0.008234204724431038,0.0,0.0,0.0,-3.388725744457588e-09,0.0,0.0,4.0873877615865695e-09,3.66305985544102e-09,3.388725744457588e-09,0.0,0.0
2021-07-30_02h22m33s_C4H6O3_[M]-_+H2_84,2021-07-30_02h22m33s,Acetoacetic acid,C4H6O3,[M]-,+H2,84,0.0,0.0,0.0,0.0,0.0001223717877405718,6.0103377809832915e-05,0.0001594698513386608,0.0001594698513386608,0.0,2,0.0,-0.008293195627629757,0.0,0.0,0.0031306787859648466,0.009080817922949791,0.008293195627629757,0.0,0.0,0.0,-3.4119898018047934e-09,0.0,0.0,1.2840787322332403e-09,3.656813074570664e-09,3.4119898018047934e-09,0.0,0.0
2021-07-30_02h22m33s_C4H6O3_-H_-H2O_84,2021-07-30_02h22m33s,Acetoacetic acid,C4H6O3,-H,-H2O,84,0.0,0.0,0.0,0.0,0.00011124707976415619,9.015506671474937e-05,0.00012403210659673618,0.00012403210659673618,0.0,3,0.0,-0.00630572997033596,0.0,0.0,0.004698080476373434,0.00707177584990859,0.00630572997033596,0.0,0.0,0.0,-2.5304334183573474e-09,0.0,0.0,1.6374059885748693e-09,2.855406355806167e-09,2.5304334183573474e-09,0.0,0.0
2021-07-30_02h22m33s_C4H6O3_[M]-__84,2021-07-30_02h22m33s,Acetoacetic acid,C4H6O3,[M]-,,84,0.0,0.0,0.0,0.0,0.0001223717877405718,6.0103377809832915e-05,0.0001594698513386608,0.0001594698513386608,0.0,2,0.0,-0.008768901228904724,0.0,0.0,0.004030933137983084,0.008552308194339275,0.008768901228904724,0.0,0.0,0.0,-3.4020237738019432e-09,0.0,0.0,1.5492401805872191e-09,3.3179934355587193e-09,3.4020237738019432e-09,0.0,0.0
2021-07-30_02h22m33s_C4H6O3_[M]-_-H2O_84,2021-07-30_02h22m33s,Acetoacetic acid,C4H6O3,[M]-,-H2O,84,0.0,0.0,0.0,0.0,6.674824785849372e-05,9.015506671474937e-05,5.315661711288694e-05,5.315661711288694e-05,0.0,3,0.0,-0.003074387786909938,0.0,0.0,0.005085453391075134,0.0029984500724822283,0.003074387786909938,0.0,0.0,0.0,-1.2758425427250586e-09,0.0,0.0,2.0617290097391106e-09,1.244329195237981e-09,1.2758425427250586e-09,0.0,0.0
2021-07-30_02h22m33s_C4H6O3_-H_-CO2_84,2021-07-30_02h22m33s,Acetoacetic acid,C4H6O3,-H,-CO2,84,0.0,0.0,0.0,0.0,8.899766381132495e-05,9.015506671474937e-05,8.859436185481156e-05,8.859436185481156e-05,0.0,3,0.0,-0.004838855005800724,0.0,0.0,0.004634323995560408,0.004719334654510021,0.004838855005800724,0.0,0.0,0.0,-1.9484813762460362e-09,0.0,0.0,1.928851300903034e-09,1.9003536522177455e-09,1.9484813762460362e-09,0.0,0.0
2021-07-30_02h22m33s_C4H6O3_-H_-CH2O2_84,2021-07-30_02h22m33s,Acetoacetic acid,C4H6O3,-H,-CH2O2,84,0.0,0.0,0.0,0.0,5.5623539882078096e-05,3.0051688904916458e-05,7.087548948384925e-05,7.087548948384925e-05,0.0,1,0.0,-0.003980702254921198,0.0,0.0,0.0015366431325674057,0.0038823785725980997,0.003980702254921198,0.0,0.0,0.0,-1.9934587314196506e-09,0.0,0.0,9.980275494925195e-10,1.94422011823292e-09,1.9934587314196506e-09,0.0,0.0
2021-07-30_02h22m33s_C4H6O3_[M]-_-CH2O2_84,2021-07-30_02h22m33s,Acetoacetic acid,C4H6O3,[M]-,-CH2O2,84,0.0,0.0,0.0,0.0,5.5623539882078096e-05,3.0051688904916458e-05,7.087548948384925e-05,7.087548948384925e-05,0.0,1,0.0,-0.0020736728329211473,0.0,0.0,0.0018932564416900277,0.003922333009541035,0.0020736728329211473,0.0,0.0,0.0,-1.0628340429974514e-09,0.0,0.0,7.633411680529889e-10,1.7841763622072904e-09,1.0628340429974514e-09,0.0,0.0
2021-07-30_02h22m33s_C4H6O3_+Cl_-H2O_84,2021-07-30_02h22m33s,Acetoacetic acid,C4H6O3,+Cl,-H2O,84,0.0,0.0,0.0,0.0,0.0008232283902547558,0.0009015506671474937,0.0007796303843223418,0.0007796303843223418,0.0,27,0.0,-0.046334680169820786,0.0,0.0,0.052522338926792145,0.046106867492198944,0.046334680169820786,0.0,0.0,0.0,-2.066063409245089e-08,0.0,0.0,2.306999391521458e-08,2.0616727880451435e-08,2.066063409245089e-08,0.0,0.0
2021-07-30_02h22m33s_C10H19NO4_+Cl_-H2_158,2021-07-30_02h22m33s,Propionylcarnitine,C10H19NO4,+Cl,-H2,158,1.074314803643764,1.076571888382784,0.7401129943502824,0.7401129943502824,0.6821670931138057,0.6873722803221541,0.678916313765792,0.678916313765792,1.0739227686959174,189,115.24520111083984,8.501449584960938,20398.400390625,85.5138931274414,105.48002624511719,107.04730987548828,106.7437515258789,1.0796334195681754,1.092568068526681,5.66152848477941e-05,4.792993422597647e-06,0.010020905174314976,4.63582509837579e-05,5.139443601365201e-05,5.19079840159975e-05,5.1822291425196454e-05,0.05382590320564666,0.05384780716783151
2021-07-30_02h22m33s_C10H19NO4_[M]-_-H2O_158,2021-07-30_02h22m33s,Propionylcarnitine,C10H19NO4,[M]-,-H2O,158,1.2047060783776904,1.3146348280300053,0.632768361581921,0.632768361581921,0.5397930804316386,0.58092919822094,0.515247089675213,0.515247089675213,1.2076565438989686,189,56.18646240234375,13.591453552246094,9945.00390625,50.27500534057617,52.45232391357422,42.738216400146484,42.595008850097656,1.319054623170756,1.071170675378371,2.8092197680962272e-05,6.785181540180929e-06,0.00497231911867857,2.7022200811188668e-05,2.617169411678333e-05,2.134050191671122e-05,2.1307016140781343e-05,0.027506124247647312,0.02737572848873109
2021-07-30_02h22m33s_C10H19NO4_+Cl__158,2021-07-30_02h22m33s,Propionylcarnitine,C10H19NO4,+Cl,,158,2.5345719741054955,12.869937427039325,0.615819209039548,0.615819209039548,0.24755812659917678,0.27034499338862844,0.23296773393341247,0.23296773393341247,2.546068593305076,189,197.18304443359375,181.95755004882812,34901.3984375,392.8429870605469,18.538806915283203,15.320212364196777,15.225497245788574,12.949993767485276,10.635657929697574,8.15514795249328e-05,7.413678395096213e-05,0.014434612356126308,0.00014657435531262308,8.95867015060503e-06,7.452243153238669e-06,7.4146955739706755e-06,0.08095125064506743,0.0808273737444169
2021-07-30_02h22m33s_C10H19NO4_-H_+HCl_158,2021-07-30_02h22m33s,Propionylcarnitine,C10H19NO4,-H,+HCl,158,2.5345719741054955,12.869937427039325,0.615819209039548,0.615819209039548,0.24755812659917678,0.27034499338862844,0.23296773393341247,0.23296773393341247,2.546068593305076,189,197.18304443359375,181.95755004882812,34901.3984375,392.8429870605469,18.538806915283203,15.320212364196777,15.225497245788574,12.949993767485276,10.635657929697574,8.15514795249328e-05,7.413678395096213e-05,0.014434612356126308,0.00014657435531262308,8.95867015060503e-06,7.452243153238669e-06,7.4146955739706755e-06,0.08095125064506743,0.0808273737444169
2021-07-30_02h22m33s_C10H19NO4_-H_-CO2_158,2021-07-30_02h22m33s,Propionylcarnitine,C10H19NO4,-H,-CO2,158,0.0,0.0,0.0,0.0,0.000934475470018912,0.0015025844452458228,0.0006024416606127186,0.0006024416606127186,0.0,15,0.0,-0.03341331705451012,0.0,0.0,0.09956137090921402,0.03347046673297882,0.03341331705451012,0.0,0.0,0.0,-1.338182098464813e-08,0.0,0.0,3.6847890072522205e-08,1.3353596450826899e-08,1.338182098464813e-08,0.0,0.0
2021-07-30_02h22m33s_C10H19NO4_[M]-_-CH2O2_158,2021-07-30_02h22m33s,Propionylcarnitine,C10H19NO4,[M]-,-CH2O2,158,0.0,0.0,0.0,0.0,0.0030259205695850485,0.004056978002163722,0.0024274855148218367,0.0024274855148218367,0.0,75,0.0,-0.13963991403579712,0.0,0.0,0.2931150197982788,0.13922114670276642,0.13963991403579712,0.0,0.0,0.0,-5.697049942909871e-08,0.0,0.0,1.1600376836895521e-07,5.6829826178272924e-08,5.697049942909871e-08,0.0,0.0
2021-07-30_02h22m33s_C10H19NO4_[M]-_+C12H14N2_158,2021-07-30_02h22m33s,Propionylcarnitine,C10H19NO4,[M]-,+C12H14N2,158,0.0,0.0,0.0,0.0,0.004505506730448325,0.006491164803461955,0.003348866878111877,0.003348866878111877,0.0,85,0.0,-0.1909381002187729,0.0,0.0,0.6718048453330994,0.19097048044204712,0.1909381002187729,0.0,0.0,0.0,-8.764610726075261e-08,0.0,0.0,2.748359122506372e-07,8.778765447914338e-08,8.764610726075261e-08,0.0,0.0
2021-07-30_02h22m33s_C10H19NO4_+Cl_+HCl_158,2021-07-30_02h22m33s,Propionylcarnitine,C10H19NO4,+Cl,+HCl,158,3.7333194470810818,10.481581503300106,0.2824858757062147,0.2824858757062147,0.07544776949605073,0.09093641062627719,0.06566614100678633,0.06566614100678633,3.763082326477187,188,45.127685546875,40.862701416015625,7987.60009765625,97.78330993652344,6.132347583770752,4.304427146911621,4.26498556137085,10.578489987287599,7.357757722110169,1.8425453163217753e-05,1.6373689504689537e-05,0.003261305158957839,3.7777437682962045e-05,2.8730078156513628e-06,2.0676845906564267e-06,2.051763658528216e-06,0.018387725895462465,0.018372668343472585
2021-07-30_02h22m33s_C10H19NO4_+Cl_-CO2_158,2021-07-30_02h22m33s,Propionylcarnitine,C10H19NO4,+Cl,-CO2,158,12.002375507812646,63.68128835263202,0.2033898305084746,0.2033898305084746,0.008988764044943821,0.011419641783868253,0.006945797969417226,0.006945797969417226,12.044503493876258,151,25.75139045715332,25.351282119750977,4557.99609375,60.36171340942383,0.7258792519569397,0.4033792316913605,0.40010902285575867,64.2004766529864,35.42732907539206,1.021252592181554e-05,1.0014302461058833e-05,0.0018076170235872269,2.2886451915837824e-05,3.4229216794301465e-07,1.9945279916555592e-07,1.9822367391952866e-07,0.010210501958604743,0.010209031450307816
2021-07-30_02h22m33s_C10H19NO4_-H_+C12H14N2_158,2021-07-30_02h22m33s,Propionylcarnitine,C10H19NO4,-H,+C12H14N2,158,0.3514036251414889,0.825592360308448,0.005649717514124294,0.005649717514124294,0.005851596395594616,0.005469407380694795,0.006077573223240073,0.006077573223240073,0.3531915753845976,111,0.29351943731307983,-0.0561794638633728,51.95294189453125,3.8939754962921143,0.3324645757675171,0.3545258641242981,0.34969890117645264,0.8369556800105193,0.8802117485418122,1.463684071723037e-07,7.782574584780377e-10,2.590720760053955e-05,1.9417961993895005e-06,1.4015172666859144e-07,1.4714350982103497e-07,1.4559014971382567e-07,0.00014634710047603522,0.00014634789626194827
2021-07-30_02h22m33s_C10H19NO4_+Cl_+C12H14N2_158,2021-07-30_02h22m33s,Propionylcarnitine,C10H19NO4,+Cl,+C12H14N2,158,0.986878702986398,1.5795807338394126,0.022598870056497175,0.022598870056497175,0.01564133941484036,0.02025483832191369,0.012899339086060562,0.012899339086060562,0.9875958340090698,182,1.1944611072540283,0.4387826919555664,211.41961669921875,7.879044055938721,1.2693910598754883,0.7551887035369873,0.7556784152984619,1.578558451126016,0.9402310398587803,5.986162250337657e-07,2.48788609269468e-07,0.00010595507046673447,4.089942649443401e-06,5.752508513978682e-07,3.494101861178933e-07,3.4982761576429766e-07,0.0005984068857796564,0.0005982720685169837
2021-07-30_02h22m33s_C10H19NO4_[M]-_+HCl_158,2021-07-30_02h22m33s,Propionylcarnitine,C10H19NO4,[M]-,+HCl,158,1.4650839168868388,1.931963181948888,0.288135593220339,0.288135593220339,0.21377238847480254,0.25934607524942904,0.18666832042808795,0.18666832042808795,1.467292386466743,189,24.964794158935547,12.067771911621094,4418.7685546875,44.8927116394043,19.76385498046875,12.920982360839844,12.897022247314453,1.93555210870671,1.2630901761538487,1.1989416634605732e-05,5.8632472246245015e-06,0.002122126752510667,2.1008991097914986e-05,9.154999133897945e-06,6.1276305132196285e-06,6.12616940998123e-06,0.011916414659641186,0.01188064930054906
2021-07-30_02h22m33s_C10H19NO4_-H_-H2O_158,2021-07-30_02h22m33s,Propionylcarnitine,C10H19NO4,-H,-H2O,158,0.8650558742910742,1.5727780453793008,0.022598870056497175,0.022598870056497175,0.017910779842029146,0.020915975477821855,0.016124173857575703,0.016124173857575703,0.8695276076200386,184,1.5134596824645996,0.5627626180648804,267.8823547363281,10.199291229248047,1.2647165060043335,0.961284339427948,0.9506970643997192,1.590274614768525,1.1957335432421217,6.375757379828428e-07,1.6324898410857713e-07,0.0001128509029513225,4.311923930799821e-06,6.24647952918167e-07,4.784062070939399e-07,4.743267538742657e-07,0.0006372734621302204,0.0006371777262205141
2021-07-30_02h22m33s_C10H19NO4_[M]-__158,2021-07-30_02h22m33s,Propionylcarnitine,C10H19NO4,[M]-,,158,0.0,0.0,0.0,0.0,0.0026699299143397486,0.0032756340906358937,0.0023211722805960627,0.0023211722805960627,0.0,82,0.0,-0.135695680975914,0.0,0.0,0.19378390908241272,0.13321028649806976,0.135695680975914,0.0,0.0,0.0,-6.40215631619867e-08,0.0,0.0,8.59895834537383e-08,6.278627751044041e-08,6.40215631619867e-08,0.0,0.0
2021-07-30_02h22m33s_C10H19NO4_-H_-CH2O3_158,2021-07-30_02h22m33s,Propionylcarnitine,C10H19NO4,-H,-CH2O3,158,0.0,0.0,0.0,0.0,0.005117365669151185,0.004267339824498137,0.0056346014139660155,0.0056346014139660155,0.0,100,0.0,-0.33009734749794006,0.0,0.0,0.2549670338630676,0.33090370893478394,0.33009734749794006,0.0,0.0,0.0,-1.4618777299801877e-07,0.0,0.0,1.1108377862001362e-07,1.4680358617624734e-07,1.4618777299801877e-07,0.0,0.0
2021-07-30_02h22m33s_C10H19NO4_-H_-NH3_158,2021-07-30_02h22m33s,Propionylcarnitine,C10H19NO4,-H,-NH3,158,1.062424033655482,1.1150094388657,0.11299435028248588,0.11299435028248588,0.10208032039158972,0.11173217934847939,0.09635522795329306,0.09635522795329306,1.0569903316642069,189,7.13995885848999,0.6989707946777344,1263.772705078125,20.221845626831055,7.699110984802246,6.402496337890625,6.440988063812256,1.1083471108241525,0.9272540191410447,3.1784372822585283e-06,3.366926648595836e-08,0.0005625833873637021,9.122914889303502e-06,3.6170449675410055e-06,3.120251221844228e-06,3.14476801577257e-06,0.003168473169177266,0.0031669821653550387
2021-07-30_02h22m33s_C10H19NO4_+Cl_-CH2O2_158,2021-07-30_02h22m33s,Propionylcarnitine,C10H19NO4,+Cl,-CH2O2,158,1.407510063895226,1.8794209208526331,0.05649717514124294,0.05649717514124294,0.03242852375125153,0.03618223344151941,0.030139801903006892,0.030139801903006892,1.4143889889682286,189,3.4507811069488525,1.6286994218826294,610.7882690429688,14.34215259552002,2.2222325801849365,1.8350874185562134,1.8220816850662231,1.8928285743946265,1.5521457978372215,1.6520402823516633e-06,7.720148005319061e-07,0.00029241113224998116,6.9530306063825265e-06,1.0718187013480929e-06,8.851191068970365e-07,8.800254818197573e-07,0.0016505877230953605,0.0016502714905058376
2021-07-30_02h22m33s_C10H19NO4_-H_-CH2O2_158,2021-07-30_02h22m33s,Propionylcarnitine,C10H19NO4,-H,-CH2O2,158,0.0,0.0,0.0,0.0,0.0019690733118255645,0.002644548623632648,0.0015769796410156458,0.0015769796410156458,0.0,44,0.0,-0.0883801206946373,0.0,0.0,0.16654646396636963,0.08829668909311295,0.0883801206946373,0.0,0.0,0.0,-4.495445793395447e-08,0.0,0.0,6.821412767976653e-08,4.4717946678929366e-08,4.495445793395447e-08,0.0,0.0
2021-07-30_02h22m33s_C10H19NO4_[M]-_-H2_158,2021-07-30_02h22m33s,Propionylcarnitine,C10H19NO4,[M]-,-H2,158,1.5684160792175594,2.8228728241414247,0.04519774011299435,0.04519774011299435,0.025575703637779508,0.036933525664142326,0.018817442457961974,0.018817442457961974,1.5710093328187982,187,3.175473690032959,2.054741859436035,562.058837890625,14.913026809692383,2.3787758350372314,1.123908519744873,1.1207317113876343,2.83086736141635,1.3343583220237545,1.4979041225160472e-06,9.502313673692697e-07,0.00026512902695685625,7.024430942692561e-06,1.0863610668820911e-06,5.479077458403481e-07,5.476727551467775e-07,0.0014970842102819154,0.0014962786236740798
2021-07-30_02h22m33s_C10H19NO4_[M]-_-CH2O3_158,2021-07-30_02h22m33s,Propionylcarnitine,C10H19NO4,[M]-,-CH2O3,158,0.0,0.0,0.0,0.0,0.000556235398820781,0.000721240533717995,0.0004606906816450201,0.0004606906816450201,0.0,23,0.0,-0.024559058248996735,0.0,0.0,0.041657064110040665,0.024836160242557526,0.024559058248996735,0.0,0.0,0.0,-1.1590704396269302e-08,0.0,0.0,1.6793144652638148e-08,1.1621886564228134e-08,1.1590704396269302e-08,0.0,0.0
2021-07-30_02h22m33s_C10H19NO4_[M]-_-CO2_158,2021-07-30_02h22m33s,Propionylcarnitine,C10H19NO4,[M]-,-CO2,158,0.0,0.0,0.0,0.0,0.00116809433752364,0.001712946267580238,0.000850505873806191,0.000850505873806191,0.0,42,0.0,-0.046515852212905884,0.0,0.0,0.09770405292510986,0.048046357929706573,0.046515852212905884,0.0,0.0,0.0,-1.8069675533638474e-08,0.0,0.0,4.0980260962442117e-08,1.873607402558264e-08,1.8069675533638474e-08,0.0,0.0
2021-07-30_02h22m33s_C10H19NO4_+Cl_-NH3_158,2021-07-30_02h22m33s,Propionylcarnitine,C10H19NO4,+Cl,-NH3,158,0.9179551288898333,0.8644097216309863,0.632768361581921,0.632768361581921,0.6702747802870175,0.6551268181271788,0.6793238478303241,0.6793238478303241,0.9174131480033514,189,97.77202606201172,-15.15191650390625,17305.6484375,87.31461334228516,104.3137435913086,113.10742950439453,112.92394256591797,0.8658142642396209,0.9372790719312853,4.785112105309963e-05,-7.432012353092432e-06,0.008469648659229279,4.633086791727692e-05,5.094350490253419e-05,5.528308611246757e-05,5.5283133406192064e-05,0.04534434365367718,0.04553158264919046
2021-07-30_02h22m33s_C10H19NO4_[M]-_+H2_158,2021-07-30_02h22m33s,Propionylcarnitine,C10H19NO4,[M]-,+H2,158,0.0,0.0,0.0,0.0,0.0010123484258538213,0.0012321192451015747,0.0008859436185481155,0.0008859436185481155,0.0,31,0.0,-0.05000084266066551,0.0,0.0,0.07060473412275314,0.04969872906804085,0.05000084266066551,0.0,0.0,0.0,-2.3224144385380896e-08,0.0,0.0,3.168239004480711e-08,2.2966196056017907e-08,2.3224144385380896e-08,0.0,0.0
2021-07-30_02h22m33s_C10H19NO4_+Cl_-CH2O3_158,2021-07-30_02h22m33s,Propionylcarnitine,C10H19NO4,+Cl,-CH2O3,158,0.0,0.0,0.0,0.0,0.004149516075203026,0.005860079336458709,0.0031539592820312916,0.0031539592820312916,0.0,125,0.0,-0.18026773631572723,0.0,0.0,0.35277748107910156,0.18085777759552002,0.18026773631572723,0.0,0.0,0.0,-8.860283173817152e-08,0.0,0.0,1.6981607586785685e-07,8.857896460767734e-08,8.860283173817152e-08,0.0,0.0
2021-07-30_02h22m33s_C10H19NO4_[M]-_-NH3_158,2021-07-30_02h22m33s,Propionylcarnitine,C10H19NO4,[M]-,-NH3,158,0.25644265773231845,0.4583395932584075,0.005649717514124294,0.005649717514124294,0.013894760262543108,0.017099410986897462,0.01203111433988341,0.01203111433988341,0.2575327812066348,173,0.33069682121276855,-0.3840818405151367,58.5333366394043,4.3871893882751465,1.0975801944732666,0.7205104827880859,0.7147786617279053,0.4620098906196215,0.3010220126636517,2.098825433449747e-07,-1.4137286541426874e-07,3.7149209674680606e-05,2.784406888167723e-06,5.350792662284221e-07,3.5332485026629e-07,3.5125540875924344e-07,0.00020980884685271214,0.00020977029960698448
2021-07-30_02h22m33s_C10H19NO4_+Cl_+H2_158,2021-07-30_02h22m33s,Propionylcarnitine,C10H19NO4,+Cl,+H2,158,2.094194683204411,2.7620964234846848,0.11864406779661017,0.11864406779661017,0.053465346534653464,0.06467123452338021,0.046653790952743766,0.046653790952743766,2.0993059530877365,189,7.936723232269287,5.076361656188965,1404.800048828125,22.030275344848633,4.122226238250732,2.8724417686462402,2.8603615760803223,2.7737575350898234,1.9248818215797006,3.6845794966211542e-06,2.3712909751338884e-06,0.0006521705654449761,1.0598486369417515e-05,1.8832074601959903e-06,1.3172274293538067e-06,1.3132885214872658e-06,0.0036797469272196585,0.0036776537117152344
2021-07-30_02h22m33s_C10H19NO4_-H__158,2021-07-30_02h22m33s,Propionylcarnitine,C10H19NO4,-H,,158,0.7170313982811041,1.8219128465094228,0.011299435028248588,0.011299435028248588,0.0059072199354766935,0.006130544536602957,0.005758633520562752,0.005758633520562752,0.716144880266783,123,0.614689290523529,0.2768336832523346,108.80000305175781,5.7502055168151855,0.3612764775753021,0.3363867700099945,0.33785560727119446,1.8140154016444476,1.6967408279930647,3.983049623457191e-07,2.3081240385636193e-07,7.04999765730463e-05,3.7633683405147167e-06,1.737565895609805e-07,1.6677901726325217e-07,1.6749255848935718e-07,0.00039823826040059625,0.00039823576625713303
2021-07-30_02h22m33s_C7H7NO3_+Cl_+HCl_98,2021-07-30_02h22m33s,3-Hydroxyanthranilic acid,C7H7NO3,+Cl,+HCl,98,0.0,0.0,0.0,0.0,0.0029035487818444765,0.004868373602596466,0.0017541683647252688,0.0017541683647252688,0.0,74,0.0,-0.09916621446609497,0.0,0.0,0.3243890404701233,0.09867536276578903,0.09916621446609497,0.0,0.0,0.0,-4.38672635993953e-08,0.0,0.0,1.3923131803039723e-07,4.380438056728053e-08,4.38672635993953e-08,0.0,0.0
2021-07-30_02h22m33s_C7H7NO3_[M]-_+C12H14N2_98,2021-07-30_02h22m33s,3-Hydroxyanthranilic acid,C7H7NO3,[M]-,+C12H14N2,98,1.0362164124297102,1.1070289984707677,0.672316384180791,0.672316384180791,0.6533763488708422,0.6779661016949152,0.6388185055903043,0.6388185055903043,1.0359171213168545,189,254.1416778564453,24.388900756835938,44983.078125,190.2918243408203,252.7838134765625,229.56993103027344,229.75277709960938,1.1061479861820187,1.005367665728102,0.00011369604908395559,7.906928658485413e-06,0.020124200731515884,8.857667853590101e-05,0.00011592016380745918,0.00010548889986239374,0.00010578912042547017,0.10281892540252992,0.10188546884575579
2021-07-30_02h22m33s_C7H7NO3_+Cl_-NH3_98,2021-07-30_02h22m33s,3-Hydroxyanthranilic acid,C7H7NO3,+Cl,-NH3,98,1.1439565670681706,1.891328311780437,0.03389830508474576,0.03389830508474576,0.02379575036155301,0.030802981127539368,0.019632510587026242,0.019632510587026242,1.1486961355665104,187,2.1960785388946533,1.0423640012741089,388.7059020996094,12.181371688842773,2.0021209716796875,1.160130262374878,1.1537145376205444,1.901836746093099,1.0963284644028084,8.904012815946771e-07,3.877673862007214e-07,0.00015760102542117238,4.867561983701307e-06,8.233373023358581e-07,5.039352117819362e-07,5.026338953939558e-07,0.0008899539605687551,0.0008896687840980054
2021-07-30_02h22m33s_C7H7NO3_-H_-CO2_98,2021-07-30_02h22m33s,3-Hydroxyanthranilic acid,C7H7NO3,-H,-CO2,98,1.58069207532817,2.2214955910211054,0.15254237288135594,0.15254237288135594,0.08238958727333408,0.07503906719557639,0.08650353491503801,0.08650353491503801,1.5890215389920828,189,13.712995529174805,7.57991886138916,2427.2001953125,34.0733642578125,5.208703517913818,6.171866416931152,6.1330766677856445,2.235543549886065,2.632202673726442,6.100317477830686e-06,3.1641716304875445e-06,0.0010797561844810843,1.5405885278596543e-05,2.459851430103299e-06,2.9450864076352445e-06,2.9361458473431412e-06,0.006082458492586042,0.006085348424805252
2021-07-30_02h22m33s_C7H7NO3_-H_+HCl_98,2021-07-30_02h22m33s,3-Hydroxyanthranilic acid,C7H7NO3,-H,+HCl,98,0.5849192060719582,0.9387037243940286,0.01694915254237288,0.01694915254237288,0.022026921793302925,0.02722683014785431,0.018976912309300636,0.018976912309300636,0.5804221198102261,186,0.9935969710350037,-0.07628101110458374,175.86666870117188,7.593598365783691,1.7872930765151978,1.0574777126312256,1.0698779821395874,0.9278339713828292,0.5556119318938489,4.501539194734505e-07,-8.730452805139066e-08,7.967724377522245e-05,3.5031964671361493e-06,8.262338724307483e-07,5.303556918079266e-07,5.374584475248412e-07,0.0004499121104090674,0.0004497822941068398
2021-07-30_02h22m33s_C7H7NO3_+Cl__98,2021-07-30_02h22m33s,3-Hydroxyanthranilic acid,C7H7NO3,+Cl,,98,0.5849192060719582,0.9387037243940286,0.01694915254237288,0.01694915254237288,0.022026921793302925,0.02722683014785431,0.018976912309300636,0.018976912309300636,0.5804221198102261,186,0.9935969710350037,-0.07628101110458374,175.86666870117188,7.593598365783691,1.7872930765151978,1.0574777126312256,1.0698779821395874,0.9278339713828292,0.5556119318938489,4.501539194734505e-07,-8.730452805139066e-08,7.967724377522245e-05,3.5031964671361493e-06,8.262338724307483e-07,5.303556918079266e-07,5.374584475248412e-07,0.0004499121104090674,0.0004497822941068398
2021-07-30_02h22m33s_C7H7NO3_+Cl_+C12H14N2_98,2021-07-30_02h22m33s,3-Hydroxyanthranilic acid,C7H7NO3,+Cl,+C12H14N2,98,1.154310922173926,1.1677262948715739,0.3559322033898305,0.3559322033898305,0.3064968294582267,0.32005048683736026,0.2983503729822634,0.2983503729822634,1.1544871709599511,189,31.843137741088867,4.590667724609375,5636.2353515625,45.40293884277344,29.131553649902344,27.26835060119629,27.252470016479492,1.1684067284582154,1.0930431339374058,1.3925477105658501e-05,7.439657565555535e-07,0.0024648094549775124,2.027669870585669e-05,1.3882716302759945e-05,1.3157038665667642e-05,1.3181511349102948e-05,0.013744306375188408,0.013734800763188228
2021-07-30_02h22m33s_C7H7NO3_[M]-_+HCl_98,2021-07-30_02h22m33s,3-Hydroxyanthranilic acid,C7H7NO3,[M]-,+HCl,98,1.1346792717357985,1.2290184735225687,0.288135593220339,0.288135593220339,0.2619201245967293,0.2922827262892175,0.24393571593103816,0.24393571593103816,1.1312942306963258,189,21.06340980529785,3.8667545318603516,3728.2236328125,34.30318069458008,22.179149627685547,17.137399673461914,17.1966552734375,1.224783813281289,0.9496513846329617,9.100041097553913e-06,9.86481609288603e-07,0.0016107072588056326,1.5195058040262666e-05,9.961246178136207e-06,8.066148438956589e-06,8.11355948826531e-06,0.009026801605736996,0.009010287406561394
2021-07-30_02h22m33s_C7H7NO3_-H_-H2O_98,2021-07-30_02h22m33s,3-Hydroxyanthranilic acid,C7H7NO3,-H,-H2O,98,0.9966265485108288,0.8459663839015169,0.9717514124293786,0.9717514124293786,0.9604294137278896,0.9525483832191369,0.9650406648120914,0.9650406648120914,0.9972686489766945,189,684.800048828125,-122.41650390625,121209.609375,361.6073303222656,647.5658569335938,809.4874877929688,807.216552734375,0.8483463305628427,1.0574970622660347,0.00033086532494053245,-7.900010677985847e-05,0.05856316164135933,0.0001999235391849652,0.00032790511613711715,0.0004099748039152473,0.0004098654317203909,0.23467865620110526,0.2491633784069011
2021-07-30_02h22m33s_C7H7NO3_[M]-__98,2021-07-30_02h22m33s,3-Hydroxyanthranilic acid,C7H7NO3,[M]-,,98,0.5701573882712209,0.623953157982014,0.05649717514124294,0.05649717514124294,0.09407053064857047,0.10271667267700445,0.0890904902811985,0.0890904902811985,0.566445282957982,189,4.042893409729004,-2.4922966957092285,715.5921630859375,17.036649703979492,7.587204933166504,6.478482246398926,6.535190105438232,0.6185397524416006,0.5327865345410397,1.738678975016228e-06,-1.5403275028802454e-06,0.0003077461733482778,7.4305762609583326e-06,3.6512326460069744e-06,3.2446100703964476e-06,3.2790064778964734e-06,0.00173299646837027,0.0017323537484554348
2021-07-30_02h22m33s_C7H7NO3_[M]-_+H2_98,2021-07-30_02h22m33s,3-Hydroxyanthranilic acid,C7H7NO3,[M]-,+H2,98,0.7621919824080414,0.7647318368558783,0.05649717514124294,0.05649717514124294,0.06809433752364001,0.0748888087510518,0.0641245991105126,0.0641245991105126,0.7695340561316997,189,3.249629020690918,-0.9525928497314453,575.184326171875,13.341280937194824,5.005110740661621,4.24837064743042,4.202221870422363,0.7731281195404459,0.6491324681046584,1.7082036265492206e-06,-2.1907499103690498e-07,0.0003023520403075963,7.258098321472062e-06,2.316907739441376e-06,1.9432761746429605e-06,1.9272786175861256e-06,0.0017049177749767653,0.0017042550248920663
2021-07-30_02h22m33s_C7H7NO3_-H_-H2_98,2021-07-30_02h22m33s,3-Hydroxyanthranilic acid,C7H7NO3,-H,-H2,98,1.1747790160712541,1.1704404485972126,0.576271186440678,0.576271186440678,0.4619201245967293,0.4297391513403053,0.4805358187004979,0.4805358187004979,1.1798709340600346,189,80.09930419921875,12.210433959960938,14177.576171875,80.03269958496094,54.3682746887207,68.4341812133789,67.88887023925781,1.1798417630926732,1.4732457745263232,3.873989044222981e-05,5.272289854474366e-06,0.0068569607101380825,4.097728378837928e-05,2.6907870051218197e-05,3.366578312125057e-05,3.346760058775544e-05,0.03748534585912281,0.03772479651976726
2021-07-30_02h22m33s_C7H7NO3_+Cl_-CH2O2_98,2021-07-30_02h22m33s,3-Hydroxyanthranilic acid,C7H7NO3,+Cl,-CH2O2,98,1.0132453321404986,9.110161316630453,0.011299435028248588,0.011299435028248588,0.0012793414172877961,0.00144248106743599,0.0011517267041125502,0.0011517267041125502,1.0139064018957884,35,0.6085521578788757,0.5430234670639038,107.71372985839844,5.708606719970703,0.08620062470436096,0.0657992735505104,0.06552869826555252,9.147212762976517,6.978759153871539,2.819831195211009e-07,2.5074277232306486e-07,4.991101013729349e-05,2.6392217478132807e-06,3.8186044548638165e-08,3.1451140358740304e-08,3.124035430346339e-08,0.00028197431054373504,0.0002819723521123016
2021-07-30_02h22m33s_C7H7NO3_+Cl_-CH2O3_98,2021-07-30_02h22m33s,3-Hydroxyanthranilic acid,C7H7NO3,+Cl,-CH2O3,98,0.0,0.0,0.0,0.0,0.001401713205028368,0.0015927395119605722,0.0012934776830802487,0.0012934776830802487,0.0,26,0.0,-0.08833146840333939,0.0,0.0,0.11769183725118637,0.08718032389879227,0.08833146840333939,0.0,0.0,0.0,-4.185452340266238e-08,0.0,0.0,5.021938775939816e-08,4.122614782886558e-08,4.185452340266238e-08,0.0,0.0
2021-07-30_02h22m33s_C7H7NO3_+Cl_-H2_98,2021-07-30_02h22m33s,3-Hydroxyanthranilic acid,C7H7NO3,+Cl,-H2,98,5.434753524994655,25.728744448413376,0.07909604519774012,0.07909604519774012,0.008132161530759817,0.01382377689626157,0.0045537501993373145,0.0045537501993373145,5.43933526889516,92,7.249983310699463,6.969873905181885,1283.2470703125,25.833093643188477,1.3198845386505127,0.28078535199165344,0.28010934591293335,25.790616413532426,5.488733570995115,3.2616355838399613e-06,3.1296833640226396e-06,0.0005773095181211829,1.1620840268733446e-05,6.31220018476597e-07,1.321649421015536e-07,1.319522766607406e-07,0.003261205260381196,0.003259578072908554
2021-07-30_02h22m33s_C7H7NO3_-H_-CH2O2_98,2021-07-30_02h22m33s,3-Hydroxyanthranilic acid,C7H7NO3,-H,-CH2O2,98,0.0,0.0,0.0,0.0,0.00020024474357548114,0.00027046520014424813,0.0001594698513386608,0.0001594698513386608,0.0,9,0.0,-0.00930667296051979,0.0,0.0,0.015153239481151104,0.00907762162387371,0.00930667296051979,0.0,0.0,0.0,-3.963426919995072e-09,0.0,0.0,6.32383612142462e-09,3.865880504605457e-09,3.963426919995072e-09,0.0,0.0
2021-07-30_02h22m33s_C7H7NO3_[M]-_-CH2O3_98,2021-07-30_02h22m33s,3-Hydroxyanthranilic acid,C7H7NO3,[M]-,-CH2O3,98,0.0,0.0,0.0,0.0,8.899766381132495e-05,3.0051688904916458e-05,0.00012403210659673618,0.00012403210659673618,0.0,1,0.0,-0.0070200408808887005,0.0,0.0,0.0015379394171759486,0.006847267039120197,0.0070200408808887005,0.0,0.0,0.0,-3.159432271360174e-09,0.0,0.0,5.431162186653182e-10,3.0816740270722676e-09,3.159432271360174e-09,0.0,0.0
2021-07-30_02h22m33s_C7H7NO3_[M]-_-CH2O2_98,2021-07-30_02h22m33s,3-Hydroxyanthranilic acid,C7H7NO3,[M]-,-CH2O2,98,0.5512960688566709,24.10644150824905,0.005649717514124294,0.005649717514124294,0.0005117365669151185,0.0009316023560524101,0.00024806421319347236,0.00024806421319347236,0.5519373353402324,19,0.3791292607784271,0.3651036322116852,67.10588073730469,5.029717922210693,0.05817582830786705,0.014727300964295864,0.014025621116161346,25.23218560134203,6.406826429297725,1.252420673836241e-07,1.1863811266721314e-07,2.2167845600051805e-05,1.661523810980725e-06,2.17533440149964e-08,7.078968966567345e-09,6.6039520518756945e-09,0.00012524124029647825,0.0001252393430091114
2021-07-30_02h22m33s_C7H7NO3_-H_-NH3_98,2021-07-30_02h22m33s,3-Hydroxyanthranilic acid,C7H7NO3,-H,-NH3,98,1.0663372786579792,1.0905310019718473,0.4519774011299435,0.4519774011299435,0.41591945711425077,0.4192210602235846,0.4138597019685667,0.4138597019685667,1.071072274428921,189,80.74644470214844,7.216156005859375,14292.12109375,100.84187316894531,64.96466064453125,74.042236328125,73.53028869628906,1.0981236169497939,1.2429096218071876,4.0223072574008256e-05,4.5501037675421685e-06,0.007119483780115843,5.292375135468319e-05,3.1242205295711756e-05,3.5841741919284686e-05,3.567296880646609e-05,0.03883761938902612,0.039004486402371565
2021-07-30_02h22m33s_C7H7NO3_[M]-_-H2O_98,2021-07-30_02h22m33s,3-Hydroxyanthranilic acid,C7H7NO3,[M]-,-H2O,98,1.1546603174223407,1.2375620754547707,0.288135593220339,0.288135593220339,0.24115029480476138,0.2436290419521577,0.2395414355830395,0.2395414355830395,1.1622136933406915,188,69.69039916992188,14.01064682006836,12335.201171875,126.91749572753906,46.63064956665039,56.311649322509766,55.679752349853516,1.2516066365634375,1.494487109453714,3.5007069527637213e-05,7.938955604913644e-06,0.006196251604706049,6.486063648480922e-05,2.2805697881267406e-05,2.7308493372402154e-05,2.706811392272357e-05,0.03408446728419332,0.034226510079239915
2021-07-30_02h22m33s_C7H7NO3_+Cl_+H2_98,2021-07-30_02h22m33s,3-Hydroxyanthranilic acid,C7H7NO3,+Cl,+H2,98,0.6113912557194817,0.67556053312821,0.1016949152542373,0.1016949152542373,0.1444432083657804,0.12450414713306888,0.15633361092900047,0.15633361092900047,0.6097831153616429,189,7.774897575378418,-3.784820556640625,1376.1568603515625,24.21148109436035,10.018651962280273,11.50780963897705,11.559718132019043,0.6725272155753664,0.7759648343722516,3.2827758786879713e-06,-2.3429236080119153e-06,0.0005810513393953443,1.028310816764133e-05,4.430566150404047e-06,5.588767635344993e-06,5.625699486699887e-06,0.0032644112818154846,0.0032682954793675665
2021-07-30_02h22m33s_C7H7NO3_-H_-CH2O3_98,2021-07-30_02h22m33s,3-Hydroxyanthranilic acid,C7H7NO3,-H,-CH2O3,98,0.0,0.0,0.0,0.0,0.00014462120369340304,0.0002103618223344152,0.00010631323422577388,0.00010631323422577388,0.0,7,0.0,-0.006256714463233948,0.0,0.0,0.011496716178953648,0.006102727260440588,0.006256714463233948,0.0,0.0,0.0,-3.022083472359327e-09,0.0,0.0,4.374755224745286e-09,2.9477054130921942e-09,3.022083472359327e-09,0.0,0.0
2021-07-30_02h22m33s_C7H7NO3_-H__98,2021-07-30_02h22m33s,3-Hydroxyanthranilic acid,C7H7NO3,-H,,98,1.134179919708455,3.7987244249702483,0.23163841807909605,0.23163841807909605,0.19882078095449995,0.20642505108787113,0.19423427893048886,0.19423427893048886,1.1369314232131018,189,70.3290786743164,51.853309631347656,12448.2470703125,226.43035888671875,20.027700424194336,18.512866973876953,18.475770950317383,3.806351167280576,3.5114149787452034,3.4089756809407845e-05,2.50659286393784e-05,0.006033886689692736,0.0001034374872688204,9.609949302102905e-06,9.020226571010426e-06,9.023828170029446e-06,0.033784887787271775,0.033765274235829916
2021-07-30_02h22m33s_C7H7NO3_-H_+C12H14N2_98,2021-07-30_02h22m33s,3-Hydroxyanthranilic acid,C7H7NO3,-H,+C12H14N2,98,1.8316879054192103,2.684977677353003,0.1016949152542373,0.1016949152542373,0.045822672154855935,0.04603918740233201,0.04551978312100218,0.04551978312100218,1.8327511376454437,189,23.70408821105957,14.884522438049316,4195.62353515625,73.13716888427734,8.72622013092041,8.827411651611328,8.819565773010254,2.6873659605363294,2.716109809935508,1.0954272511298768e-05,6.532645784318447e-06,0.0019389062654227018,3.387274409760721e-05,4.304001322452677e-06,4.41327483713394e-06,4.421626726980321e-06,0.010906050029004737,0.01090732735991726
2021-07-30_02h22m33s_C7H7NO3_+Cl_-CO2_98,2021-07-30_02h22m33s,3-Hydroxyanthranilic acid,C7H7NO3,+Cl,-CO2,98,0.47634806959474246,2.7587329170917707,0.005649717514124294,0.005649717514124294,0.0020246968517076427,0.0022839283567736507,0.0018604815989510428,0.0018604815989510428,0.4773832653611993,55,0.31292790174484253,0.20157724618911743,55.38823699951172,4.151457786560059,0.1474856734275818,0.11243174970149994,0.1113506555557251,2.7852788236703487,2.1074619154922116,1.3541865939714626e-07,8.41072562707268e-08,2.3969103494891897e-05,1.7965315919354907e-06,6.506368066538926e-08,5.170866046455558e-08,5.1311399573705785e-08,0.00013541171123272424,0.00013540984913396325
2021-07-30_02h22m33s_C7H7NO3_[M]-_-NH3_98,2021-07-30_02h22m33s,3-Hydroxyanthranilic acid,C7H7NO3,[M]-,-NH3,98,1.013321992840701,1.0061001464872101,0.9943502824858758,0.9943502824858758,0.9741016798309045,0.9787835076331289,0.9712777078866701,0.9712777078866701,1.0140145910203555,189,360.1171875,3.7318115234375,63740.7421875,119.63704681396484,311.9628601074219,357.9327392578125,356.3853759765625,1.0104684459758442,1.15435546725187,0.00017024671251419932,-4.368543159216642e-06,0.030133668333292007,7.404173084069043e-05,0.00015065466868691146,0.00017491904145572335,0.00017461525567341596,0.14493827803776954,0.14795639138932895
2021-07-30_02h22m33s_C7H7NO3_+Cl_-H2O_98,2021-07-30_02h22m33s,3-Hydroxyanthranilic acid,C7H7NO3,+Cl,-H2O,98,0.0,0.0,0.0,0.0,0.0027033040382689953,0.0035761509796850585,0.002197140173999327,0.002197140173999327,0.0,70,0.0,-0.1359267234802246,0.0,0.0,0.22019922733306885,0.13463786244392395,0.1359267234802246,0.0,0.0,0.0,-6.076822955947137e-08,0.0,0.0,9.512419296697772e-08,5.99374558873933e-08,6.076822955947137e-08,0.0,0.0
2021-07-30_02h22m33s_C27H44O_+Cl_-H2_27,2021-07-30_02h22m33s,Cholecalciferol,C27H44O,+Cl,-H2,27,5.767878089355252,39.224960652341274,0.06779661016949153,0.06779661016949153,0.0024696851707642674,0.0033357374684457267,0.0017541683647252688,0.0017541683647252688,5.772484622855717,36,3.9133267402648926,3.8151395320892334,692.6588134765625,14.799322128295898,0.2423071265220642,0.09876623749732971,0.09818710386753082,39.45398733983936,16.08389690924246,1.587614974596363e-06,1.5436799003509805e-06,0.0002810078440234065,6.0073189160902984e-06,1.0217614487828541e-07,4.407397113936895e-08,4.393512398337407e-08,0.001587545225600047,0.0015874527747916584
2021-07-30_02h22m33s_C27H44O_+Cl_+H2_27,2021-07-30_02h22m33s,Cholecalciferol,C27H44O,+Cl,+H2,27,0.0,0.0,0.0,0.0,0.001223717877405718,0.0019233080899146533,0.0008150681290642664,0.0008150681290642664,0.0,16,0.0,-0.052179012447595596,0.0,0.0,0.17501986026763916,0.051844723522663116,0.052179012447595596,0.0,0.0,0.0,-2.3477973343233316e-08,0.0,0.0,7.661338941034046e-08,2.34241142038627e-08,2.3477973343233316e-08,0.0,0.0
2021-07-30_02h22m33s_C27H44O_[M]-__27,2021-07-30_02h22m33s,Cholecalciferol,C27H44O,[M]-,,27,0.0,0.0,0.0,0.0,0.00011124707976415619,0.00024041351123933166,3.5437744741924624e-05,3.5437744741924624e-05,0.0,2,0.0,-0.0018756474601104856,0.0,0.0,0.025724245235323906,0.0018285876139998436,0.0018756474601104856,0.0,0.0,0.0,-1.2303941199220958e-09,0.0,0.0,8.710703269798614e-09,1.1995237025885785e-09,1.2303941199220958e-09,0.0,0.0
2021-07-30_02h22m33s_C27H44O_[M]-_-H2_27,2021-07-30_02h22m33s,Cholecalciferol,C27H44O,[M]-,-H2,27,0.0,0.0,0.0,0.0,5.5623539882078096e-05,9.015506671474937e-05,3.5437744741924624e-05,3.5437744741924624e-05,0.0,3,0.0,-0.0018736517522484064,0.0,0.0,0.004697019699960947,0.00182664196472615,0.0018736517522484064,0.0,0.0,0.0,-8.074091395471328e-10,0.0,0.0,2.1626538337926604e-09,7.871512885948562e-10,8.074091395471328e-10,0.0,0.0
2021-07-30_02h22m33s_C27H44O_+Cl_+C12H14N2_27,2021-07-30_02h22m33s,Cholecalciferol,C27H44O,+Cl,+C12H14N2,27,0.0,0.0,0.0,0.0,0.0009011013460896651,0.0005409304002884963,0.0011162889593706257,0.0011162889593706257,0.0,14,0.0,-0.06944086402654648,0.0,0.0,0.0337950699031353,0.0687086433172226,0.06944086402654648,0.0,0.0,0.0,-3.2008788508619546e-08,0.0,0.0,1.4226067435174627e-08,3.150011096408889e-08,3.2008788508619546e-08,0.0,0.0
2021-07-30_02h22m33s_C27H44O_-H_+C12H14N2_27,2021-07-30_02h22m33s,Cholecalciferol,C27H44O,-H,+C12H14N2,27,0.0,0.0,0.0,0.0,8.899766381132495e-05,9.015506671474937e-05,8.859436185481156e-05,8.859436185481156e-05,0.0,3,0.0,-0.004823826253414154,0.0,0.0,0.004907263908535242,0.004702796693891287,0.004823826253414154,0.0,0.0,0.0,-1.7264212281986602e-09,0.0,0.0,1.710713459779356e-09,1.6831054328036998e-09,1.7264212281986602e-09,0.0,0.0
2021-07-30_02h22m33s_C27H44O_+Cl_+HCl_27,2021-07-30_02h22m33s,Cholecalciferol,C27H44O,+Cl,+HCl,27,0.0,0.0,0.0,0.0,0.0008899766381132495,0.0012020675561966582,0.0007087548948384925,0.0007087548948384925,0.0,29,0.0,-0.038949836045503616,0.0,0.0,0.08239324390888214,0.039128273725509644,0.038949836045503616,0.0,0.0,0.0,-1.7605200852699454e-08,0.0,0.0,3.2884223344353813e-08,1.7785311001716764e-08,1.7605200852699454e-08,0.0,0.0
2021-07-30_02h22m33s_C27H44O_+Cl_-H2O_27,2021-07-30_02h22m33s,Cholecalciferol,C27H44O,+Cl,-H2O,27,0.5456356543707459,14.632325829675121,0.005649717514124294,0.005649717514124294,0.00038936477917454667,0.0004207236446688304,0.00035437744741924625,0.00035437744741924625,0.5451554819182982,14,0.30049851536750793,0.28045910596847534,53.188236236572266,3.986563205718994,0.025329332798719406,0.019536620005965233,0.020039407536387444,14.282651013237837,11.41306988918927,1.6639174305055349e-07,1.5697983712925634e-07,2.9451339287334122e-05,2.2074361822888022e-06,1.0947377226955268e-08,9.175765924851476e-09,9.411909474010827e-09,0.00016639017700127018,0.00016638992151731587
2021-07-30_02h22m33s_C27H44O_-H__27,2021-07-30_02h22m33s,Cholecalciferol,C27H44O,-H,,27,0.0,0.0,0.0,0.0,0.0001223717877405718,0.00015025844452458227,0.00010631323422577388,0.00010631323422577388,0.0,3,0.0,-0.0055595883168280125,0.0,0.0,0.011613740585744381,0.0054200985468924046,0.0055595883168280125,0.0,0.0,0.0,-2.7463000762395495e-09,0.0,0.0,4.498684980092094e-09,2.6773956385284237e-09,2.7463000762395495e-09,0.0,0.0
2021-07-30_02h22m33s_C27H44O_-H_-H2O_27,2021-07-30_02h22m33s,Cholecalciferol,C27H44O,-H,-H2O,27,0.0,0.0,0.0,0.0,0.0003559906552452998,0.0003906719557639139,0.00033665857504828393,0.00033665857504828393,0.0,13,0.0,-0.019203362986445427,0.0,0.0,0.02141565829515457,0.018721552565693855,0.019203362986445427,0.0,0.0,0.0,-7.960401227080638e-09,0.0,0.0,9.852133331378354e-09,7.760675657664251e-09,7.960401227080638e-09,0.0,0.0
2021-07-30_02h22m33s_C27H44O_-H_+H2_27,2021-07-30_02h22m33s,Cholecalciferol,C27H44O,-H,+H2,27,0.0,0.0,0.0,0.0,0.00011124707976415619,0.00018031013342949875,7.087548948384925e-05,7.087548948384925e-05,0.0,2,0.0,-0.004095335025340319,0.0,0.0,0.012874732725322247,0.003992583602666855,0.004095335025340319,0.0,0.0,0.0,-1.8053791794869767e-09,0.0,0.0,4.883843551795053e-09,1.7600823021268752e-09,1.8053791794869767e-09,0.0,0.0
2021-07-30_02h22m33s_C27H44O_-H_-H2_27,2021-07-30_02h22m33s,Cholecalciferol,C27H44O,-H,-H2,27,0.0,0.0,0.0,0.0,0.00020024474357548114,0.00024041351123933166,0.00017718872370962313,0.00017718872370962313,0.0,5,0.0,-0.010525606572628021,0.0,0.0,0.01669200323522091,0.010261519812047482,0.010525606572628021,0.0,0.0,0.0,-5.127565927409705e-09,0.0,0.0,6.751144976391288e-09,4.998915503762191e-09,5.127565927409705e-09,0.0,0.0
2021-07-30_02h22m33s_CH4NO5P_+Cl_+H2_94,2021-07-30_02h22m33s,Carbamoyl phosphate,CH4NO5P,+Cl,+H2,94,0.0,0.0,0.0,0.0,0.0005784848147736122,0.0011720158672917419,0.00023034534082251004,0.00023034534082251004,0.0,20,0.0,-0.013096309266984463,0.0,0.0,0.08125128597021103,0.012772596441209316,0.013096309266984463,0.0,0.0,0.0,-7.793344636297661e-09,0.0,0.0,3.3333854787542805e-08,7.60071117156258e-09,7.793344636297661e-09,0.0,0.0
2021-07-30_02h22m33s_CH4NO5P_[M]-_+C12H14N2_94,2021-07-30_02h22m33s,Carbamoyl phosphate,CH4NO5P,[M]-,+C12H14N2,94,1.7307817326010406,2.136753854930579,0.3107344632768362,0.3107344632768362,0.19900990099009902,0.24840726048803943,0.1695341708453674,0.1695341708453674,1.73878772233024,189,24.44993782043457,13.06480884552002,4327.63916015625,38.7131462097168,21.029869079589844,11.441561698913574,11.38512897491455,2.147344182935365,1.162573820791975,1.1237724720558617e-05,5.785188477602787e-06,0.0019890773110091686,1.819634053390473e-05,9.712318387755658e-06,5.478982075146632e-06,5.45253624295583e-06,0.011176782906680293,0.011129630208436301
2021-07-30_02h22m33s_CH4NO5P_[M]-_+HCl_94,2021-07-30_02h22m33s,Carbamoyl phosphate,CH4NO5P,[M]-,+HCl,94,0.4625282610856764,2.4385926270513893,0.005649717514124294,0.005649717514124294,0.005317610412726666,0.010578194494530593,0.002214859046370289,0.002214859046370289,0.46315532961846445,135,0.3056386411190033,0.18202143907546997,54.09803771972656,4.054755210876465,0.7117583751678467,0.12433402985334396,0.12361719459295273,2.4526201389570326,0.42881101333538,1.5942069353513943e-07,1.0558360941104183e-07,2.8217462386237457e-05,2.1149544409126975e-06,2.870996524961811e-07,5.424318416658025e-08,5.383708767681128e-08,0.00015941211125132925,0.0001593749370460969
2021-07-30_02h22m33s_CH4NO5P_+Cl_+HCl_94,2021-07-30_02h22m33s,Carbamoyl phosphate,CH4NO5P,+Cl,+HCl,94,0.0,0.0,0.0,0.0,0.0009900990099009901,0.0018031013342949874,0.0005138472987579071,0.0005138472987579071,0.0,35,0.0,-0.02714654430747032,0.0,0.0,0.1087234765291214,0.0285175871104002,0.02714654430747032,0.0,0.0,0.0,-1.2134333537971997e-08,0.0,0.0,4.5813145277406875e-08,1.2649636005335196e-08,1.2134333537971997e-08,0.0,0.0
2021-07-30_02h22m33s_CH4NO5P_-H_+C12H14N2_94,2021-07-30_02h22m33s,Carbamoyl phosphate,CH4NO5P,-H,+C12H14N2,94,0.9790099142249755,1.0125177474712395,0.1751412429378531,0.1751412429378531,0.177650461675381,0.19251111912489483,0.16889629144001275,0.16889629144001275,0.9827415172135877,189,11.696687698364258,0.1974201202392578,2070.313720703125,25.871463775634766,13.644046783447266,11.551081657409668,11.499267578125,1.0170796130529063,0.8572112565090981,5.096238055557478e-06,-3.6532537706079893e-07,0.0009020341094583273,1.152907861978747e-05,6.340113031910732e-06,5.484088887897087e-06,5.461563432618277e-06,0.005068555816454147,0.005064130893285656
2021-07-30_02h22m33s_CH4NO5P_[M]-_-H2_94,2021-07-30_02h22m33s,Carbamoyl phosphate,CH4NO5P,[M]-,-H2,94,2.5524890816382904,3.7835724346100563,0.11299435028248588,0.11299435028248588,0.054477694960507285,0.08844212044716913,0.034268299165441114,0.034268299165441114,2.564271354342171,189,7.987769603729248,5.892151832580566,1413.835205078125,23.50698471069336,7.257721424102783,2.110171318054199,2.0956175327301025,3.8098363096906875,1.100437547748511,3.24974894283514e-06,2.3830045847716974e-06,0.0005752055440098047,9.461129593546502e-06,2.7978735488431994e-06,8.708322525308176e-07,8.667444149068615e-07,0.0032469346803353917,0.0032406819245980926
2021-07-30_02h22m33s_CH4NO5P_[M]-__94,2021-07-30_02h22m33s,Carbamoyl phosphate,CH4NO5P,[M]-,,94,1.5763425222452356,2.920045461607915,0.02824858757062147,0.02824858757062147,0.01411725442207142,0.024552229835316745,0.007920335949820154,0.007920335949820154,1.5762644279943099,169,1.6387726068496704,1.0757492780685425,290.062744140625,9.78505802154541,2.18231201171875,0.5602147579193115,0.5630233287811279,2.905505008793004,0.7505902033487158,6.732960287081369e-07,4.3243852587693254e-07,0.00011917339725187048,4.118324795854278e-06,9.126525810643216e-07,2.4021352373893023e-07,2.4085750283120433e-07,0.0006731338993580664,0.0006726821036500049
2021-07-30_02h22m33s_CH4NO5P_-H_-CH2O2_94,2021-07-30_02h22m33s,Carbamoyl phosphate,CH4NO5P,-H,-CH2O2,94,0.0,0.0,0.0,0.0,0.0001223717877405718,0.00015025844452458227,0.00010631323422577388,0.00010631323422577388,0.0,5,0.0,-0.006307482719421387,0.0,0.0,0.00884297490119934,0.00615157512947917,0.006307482719421387,0.0,0.0,0.0,-2.6607720471361063e-09,0.0,0.0,4.035390688272855e-09,2.5950035453803366e-09,2.6607720471361063e-09,0.0,0.0
2021-07-30_02h22m33s_CH4NO5P_+Cl_-H2O_94,2021-07-30_02h22m33s,Carbamoyl phosphate,CH4NO5P,+Cl,-H2O,94,0.0,0.0,0.0,0.0,0.0009011013460896651,0.00144248106743599,0.0005847227882417563,0.0005847227882417563,0.0,34,0.0,-0.03294767811894417,0.0,0.0,0.08372023701667786,0.03314131125807762,0.03294767811894417,0.0,0.0,0.0,-1.4243338064545696e-08,0.0,0.0,3.716852958746131e-08,1.4355614474936829e-08,1.4243338064545696e-08,0.0,0.0
2021-07-30_02h22m33s_CH4NO5P_+Cl_-H2_94,2021-07-30_02h22m33s,Carbamoyl phosphate,CH4NO5P,+Cl,-H2,94,0.0,0.0,0.0,0.0,0.0007453554344198465,0.0008113956004327443,0.0007087548948384925,0.0007087548948384925,0.0,23,0.0,-0.03957904502749443,0.0,0.0,0.048667240887880325,0.03860073536634445,0.03957904502749443,0.0,0.0,0.0,-1.80784862635619e-08,0.0,0.0,1.8837376103419956e-08,1.7631625937042372e-08,1.80784862635619e-08,0.0,0.0
2021-07-30_02h22m33s_CH4NO5P_-H__94,2021-07-30_02h22m33s,Carbamoyl phosphate,CH4NO5P,-H,,94,1.4397990909190637,9.184836275623157,0.01694915254237288,0.01694915254237288,0.002046946267660474,0.002434186801298233,0.001771887237096231,0.001771887237096231,1.4343274410954279,66,0.9340866804122925,0.83083575963974,165.33334350585938,7.136373043060303,0.1377616673707962,0.10069878399372101,0.10325092822313309,8.959984302614778,6.731590201465686,4.462593210519117e-07,3.986793331023364e-07,7.898789772298187e-05,3.501198762023705e-06,6.196979995820584e-08,4.640392603505461e-08,4.7579995055002655e-08,0.0004462380890458415,0.0004462316681647005
2021-07-30_02h22m33s_CH4NO5P_[M]-_-CH2O2_94,2021-07-30_02h22m33s,Carbamoyl phosphate,CH4NO5P,[M]-,-CH2O2,94,0.0,0.0,0.0,0.0,0.00018912003559906553,0.00018031013342949875,0.00019490759608058544,0.00019490759608058544,0.0,6,0.0,-0.008811951614916325,0.0,0.0,0.010517382994294167,0.010544813238084316,0.008811951614916325,0.0,0.0,0.0,-3.775342261036485e-09,0.0,0.0,4.086842420036874e-09,4.381116358587178e-09,3.775342261036485e-09,0.0,0.0
2021-07-30_02h22m33s_CH4NO5P_[M]-_-CH2O3_94,2021-07-30_02h22m33s,Carbamoyl phosphate,CH4NO5P,[M]-,-CH2O3,94,0.0,0.0,0.0,0.0,1.1124707976415618e-05,0.0,1.7718872370962312e-05,1.7718872370962312e-05,0.0,0,0.0,-0.0010355728445574641,0.0,0.0,0.0,0.0010099756764248013,0.0010355728445574641,0.0,0.0,0.0,-4.720581703310245e-10,0.0,0.0,0.0,4.603898928756678e-10,4.720581703310245e-10,0.0,0.0
2021-07-30_02h22m33s_CH4NO5P_+Cl_-CH2O2_94,2021-07-30_02h22m33s,Carbamoyl phosphate,CH4NO5P,+Cl,-CH2O2,94,0.0,0.0,0.0,0.0,0.00036711536322171545,0.00027046520014424813,0.0004252529369030955,0.0004252529369030955,0.0,9,0.0,-0.02267124317586422,0.0,0.0,0.015872593969106674,0.02400796115398407,0.02267124317586422,0.0,0.0,0.0,-9.638713827087031e-09,0.0,0.0,6.907391991717304e-09,1.020134643425763e-08,9.638713827087031e-09,0.0,0.0
2021-07-30_02h22m33s_CH4NO5P_-H_-CO2_94,2021-07-30_02h22m33s,Carbamoyl phosphate,CH4NO5P,-H,-CO2,94,0.0,0.0,0.0,0.0,0.0001668706196462343,0.00018031013342949875,0.0001594698513386608,0.0001594698513386608,0.0,6,0.0,-0.008967697620391846,0.0,0.0,0.010193533264100552,0.008746035397052765,0.008967697620391846,0.0,0.0,0.0,-3.736416065436288e-09,0.0,0.0,4.530233077559842e-09,3.64405972064219e-09,3.736416065436288e-09,0.0,0.0
2021-07-30_02h22m33s_CH4NO5P_+Cl_-CO2_94,2021-07-30_02h22m33s,Carbamoyl phosphate,CH4NO5P,+Cl,-CO2,94,0.0,0.0,0.0,0.0,0.000467237735009456,0.0006310854670032456,0.00037209631979020857,0.00037209631979020857,0.0,13,0.0,-0.022413402795791626,0.0,0.0,0.04436101019382477,0.021859390661120415,0.022413402795791626,0.0,0.0,0.0,-9.995249072858314e-09,0.0,0.0,1.7108259697806716e-08,9.74818803456401e-09,9.995249072858314e-09,0.0,0.0
2021-07-30_02h22m33s_CH4NO5P_-H_+H2_94,2021-07-30_02h22m33s,Carbamoyl phosphate,CH4NO5P,-H,+H2,94,0.32556960836520704,1.1093307545130813,0.005649717514124294,0.005649717514124294,0.007242184892646568,0.007062146892655367,0.00735333203394936,0.00735333203394936,0.32514141424523685,119,0.48188769817352295,0.04764315485954285,85.29412078857422,6.39296293258667,0.425223171710968,0.4333949685096741,0.4342445433139801,1.1071653983399743,1.1305994843947675,2.319003016282295e-07,1.0761652902147034e-08,4.1046354454010725e-05,3.0765052088099765e-06,2.024310532533491e-07,2.2028008572760882e-07,2.2113864872608247e-07,0.00023184903084683958,0.00023185336730688523
2021-07-30_02h22m33s_CH4NO5P_-H_-CH2O3_94,2021-07-30_02h22m33s,Carbamoyl phosphate,CH4NO5P,-H,-CH2O3,94,0.0,0.0,0.0,0.0,7.787295583490934e-05,0.00018031013342949875,1.7718872370962312e-05,1.7718872370962312e-05,0.0,6,0.0,-0.000911175855435431,0.0,0.0,0.010052819736301899,0.0008886535651981831,0.000911175855435431,0.0,0.0,0.0,-3.9959471842543337e-10,0.0,0.0,4.223839500383519e-09,3.8971759153128005e-10,3.9959471842543337e-10,0.0,0.0
2021-07-30_02h22m33s_CH4NO5P_-H_-HPO3_94,2021-07-30_02h22m33s,Carbamoyl phosphate,CH4NO5P,-H,-HPO3,94,0.0,0.0,0.0,0.0,3.337412392924686e-05,9.015506671474937e-05,0.0,0.0,0.0,3,0.0,0.0,0.0,0.0,0.004665789660066366,0.0,0.0,0.0,0.0,0.0,0.0,0.0,0.0,2.15788653612492e-09,0.0,0.0,0.0,0.0
2021-07-30_02h22m33s_CH4NO5P_[M]-_-HPO3_94,2021-07-30_02h22m33s,Carbamoyl phosphate,CH4NO5P,[M]-,-HPO3,94,0.0,0.0,0.0,0.0,1.1124707976415618e-05,0.0,1.7718872370962312e-05,1.7718872370962312e-05,0.0,0,0.0,-0.0009629010455682874,0.0,0.0,0.0,0.0009391002240590751,0.0009629010455682874,0.0,0.0,0.0,-4.305716061470122e-10,0.0,0.0,0.0,4.199288139439261e-10,4.305716061470122e-10,0.0,0.0
2021-07-30_02h22m33s_CH4NO5P_+Cl_-HPO3_94,2021-07-30_02h22m33s,Carbamoyl phosphate,CH4NO5P,+Cl,-HPO3,94,0.0,0.0,0.0,0.0,0.0001668706196462343,0.00018031013342949875,0.0001594698513386608,0.0001594698513386608,0.0,6,0.0,-0.008967697620391846,0.0,0.0,0.010193533264100552,0.008746035397052765,0.008967697620391846,0.0,0.0,0.0,-3.736416065436288e-09,0.0,0.0,4.530233077559842e-09,3.64405972064219e-09,3.736416065436288e-09,0.0,0.0
2021-07-30_02h22m33s_CH4NO5P_-H_-NH3_94,2021-07-30_02h22m33s,Carbamoyl phosphate,CH4NO5P,-H,-NH3,94,0.5456356543707459,13.359480692988372,0.005649717514124294,0.005649717514124294,0.0005006118589387028,0.000721240533717995,0.00035437744741924625,0.00035437744741924625,0.5461201773952958,18,0.2819984555244446,0.2623055577278137,49.913726806640625,3.7411324977874756,0.043378137052059174,0.02010848931968212,0.019692912697792053,13.627779696501305,6.354445550376245,1.380220311375524e-07,1.2966800966296432e-07,2.442989898554515e-05,1.8310691984879668e-06,1.5386342866463565e-08,8.531218398388773e-09,8.35402147458808e-09,0.00013802087810817275,0.00013801990751593297
2021-07-30_02h22m33s_CH4NO5P_+Cl_-H3PO4_94,2021-07-30_02h22m33s,Carbamoyl phosphate,CH4NO5P,+Cl,-H3PO4,94,0.0,0.0,0.0,0.0,7.787295583490934e-05,0.00018031013342949875,1.7718872370962312e-05,1.7718872370962312e-05,0.0,6,0.0,-0.000911175855435431,0.0,0.0,0.010052819736301899,0.0008886535651981831,0.000911175855435431,0.0,0.0,0.0,-3.9959471842543337e-10,0.0,0.0,4.223839500383519e-09,3.8971759153128005e-10,3.9959471842543337e-10,0.0,0.0
2021-07-30_02h22m33s_CH4NO5P_[M]-_-NH3_94,2021-07-30_02h22m33s,Carbamoyl phosphate,CH4NO5P,[M]-,-NH3,94,0.0,0.0,0.0,0.0,0.00031149182333963736,0.0003606202668589975,0.000283501957935397,0.000283501957935397,0.0,8,0.0,-0.01606801524758339,0.0,0.0,0.026535524055361748,0.01663927175104618,0.01606801524758339,0.0,0.0,0.0,-6.5882481692369765e-09,0.0,0.0,1.072532374024604e-08,6.86457690690645e-09,6.5882481692369765e-09,0.0,0.0
2021-07-30_02h22m33s_CH4NO5P_+Cl_-CH2O3_94,2021-07-30_02h22m33s,Carbamoyl phosphate,CH4NO5P,+Cl,-CH2O3,94,0.0,0.0,0.0,0.0,0.00015574591166981868,0.00027046520014424813,8.859436185481156e-05,8.859436185481156e-05,0.0,9,0.0,-0.005111248232424259,0.0,0.0,0.01538646500557661,0.004984909202903509,0.005111248232424259,0.0,0.0,0.0,-2.0321349047947024e-09,0.0,0.0,6.09491435099585e-09,1.9819048624469815e-09,2.0321349047947024e-09,0.0,0.0
2021-07-30_02h22m33s_CH4NO5P_[M]-_-CO2_94,2021-07-30_02h22m33s,Carbamoyl phosphate,CH4NO5P,[M]-,-CO2,94,0.0,0.0,0.0,0.0,0.00018912003559906553,0.00024041351123933166,0.0001594698513386608,0.0001594698513386608,0.0,8,0.0,-0.008972542360424995,0.0,0.0,0.013366990722715855,0.008750760927796364,0.008972542360424995,0.0,0.0,0.0,-4.213793758367501e-09,0.0,0.0,5.7370148631719076e-09,4.109637963267687e-09,4.213793758367501e-09,0.0,0.0
2021-07-30_02h22m33s_C4H4O4_+Cl_+HCl_38,2021-07-30_02h22m33s,Fumaric acid,C4H4O4,+Cl,+HCl,38,0.0,0.0,0.0,0.0,0.002369562798976527,0.004026926313258805,0.0013997909173060227,0.0013997909173060227,0.0,69,0.0,-0.10032697767019272,0.0,0.0,0.3106372654438019,0.09871914237737656,0.10032697767019272,0.0,0.0,0.0,-4.24007957633421e-08,0.0,0.0,1.328278926848725e-07,4.1896512925632123e-08,4.24007957633421e-08,0.0,0.0
2021-07-30_02h22m33s_C4H4O4_+Cl_+C12H14N2_38,2021-07-30_02h22m33s,Fumaric acid,C4H4O4,+Cl,+C12H14N2,38,0.0,0.0,0.0,0.0,0.005350984536655913,0.01144969347277317,0.001771887237096231,0.001771887237096231,0.0,126,0.0,-0.2592286467552185,0.0,0.0,3.90051007270813,0.2527797222137451,0.2592286467552185,0.0,0.0,0.0,-1.1610305961085032e-07,0.0,0.0,1.6826887758725206e-06,1.1321473181169495e-07,1.1610305961085032e-07,0.0,0.0
2021-07-30_02h22m33s_C4H4O4_-H_-H2_38,2021-07-30_02h22m33s,Fumaric acid,C4H4O4,-H,-H2,38,1.1372402644486124,1.2282195690318223,0.05084745762711865,0.05084745762711865,0.036077427967515854,0.038315903353768485,0.03471127097471517,0.03471127097471517,1.1291023130871274,187,2.7619807720184326,0.49263739585876465,488.87060546875,11.949103355407715,2.8035969734191895,2.247767925262451,2.269343376159668,1.216547594087014,0.9848048750659523,1.397914502376807e-06,3.8466691876237746e-07,0.00024743087124079466,6.132558610261185e-06,1.1955123682128033e-06,1.005754825200711e-06,1.0132475836144295e-06,0.001396499502630248,0.0013962452738828213
2021-07-30_02h22m33s_C4H4O4_[M]-_+C12H14N2_38,2021-07-30_02h22m33s,Fumaric acid,C4H4O4,[M]-,+C12H14N2,38,0.7264506686536214,0.6247784384568161,0.4632768361581921,0.4632768361581921,0.5660473912559796,0.4619846135352807,0.6277264914860818,0.6277264914860818,0.7244210679474162,189,42.02324295043945,-25.63943099975586,7438.11376953125,50.00318908691406,44.65587615966797,67.2600326538086,67.66267395019531,0.6210606149079516,0.9410251357526193,2.3547843738924712e-05,-9.866158507065848e-06,0.0041679684072732925,2.8314478186075576e-05,2.2005484424880706e-05,3.329231549287215e-05,3.341400224599056e-05,0.02278645701311047,0.023040819347633863
2021-07-30_02h22m33s_C4H4O4_-H_+HCl_38,2021-07-30_02h22m33s,Fumaric acid,C4H4O4,-H,+HCl,38,0.0,0.0,0.0,0.0,0.03783513182778952,0.07804423608606803,0.0142459733862537,0.0142459733862537,0.0,34,0.0,-1.3658537864685059,0.0,0.0,35.93421936035156,1.3331531286239624,1.3658537864685059,0.0,0.0,0.0,-6.510829848593858e-07,0.0,0.0,1.474769214837579e-05,6.356059998324781e-07,6.510829848593858e-07,0.0,0.0
2021-07-30_02h22m33s_C4H4O4_+Cl__38,2021-07-30_02h22m33s,Fumaric acid,C4H4O4,+Cl,,38,0.0,0.0,0.0,0.0,0.03783513182778952,0.07804423608606803,0.0142459733862537,0.0142459733862537,0.0,34,0.0,-1.3658537864685059,0.0,0.0,35.93421936035156,1.3331531286239624,1.3658537864685059,0.0,0.0,0.0,-6.510829848593858e-07,0.0,0.0,1.474769214837579e-05,6.356059998324781e-07,6.510829848593858e-07,0.0,0.0
2021-07-30_02h22m33s_C4H4O4_[M]-_+H2_38,2021-07-30_02h22m33s,Fumaric acid,C4H4O4,[M]-,+H2,38,0.2923583414757773,0.267749516549991,0.03954802259887006,0.03954802259887006,0.11803315162976973,0.10617261690106984,0.12527242766270355,0.12527242766270355,0.28867901095768667,189,2.2832834720611572,-6.359088897705078,404.14117431640625,11.49693489074707,7.126311779022217,8.526684761047363,8.642372131347656,0.2641658183129913,0.3203568951173898,1.3959287343823235e-06,-2.8075751288270112e-06,0.0002470793842803687,7.272182756423717e-06,3.5318398659001105e-06,4.151725988776889e-06,4.203503976896172e-06,0.0013900855044362002,0.0013910158890114124
2021-07-30_02h22m33s_C4H4O4_-H_+H2_38,2021-07-30_02h22m33s,Fumaric acid,C4H4O4,-H,+H2,38,0.9237161176853951,1.1034138800203543,0.1638418079096045,0.1638418079096045,0.1728668372455223,0.1822334415194134,0.16737246841611,0.16737246841611,0.919853362893237,189,15.280447006225586,1.362661361694336,2704.63916015625,38.49055099487305,15.305807113647461,13.847336769104004,13.91778564453125,1.097829034548667,0.998277883347836,8.242615876952186e-06,1.8538516997068655e-06,0.0014589430065825582,2.19728044612566e-05,6.947211204533232e-06,6.374008989951108e-06,6.388764177245321e-06,0.008190290045309464,0.008185747758407495
2021-07-30_02h22m33s_C4H4O4_[M]-_+HCl_38,2021-07-30_02h22m33s,Fumaric acid,C4H4O4,[M]-,+HCl,38,0.3497001583090764,0.4556034895046457,0.01694915254237288,0.01694915254237288,0.038346868394704636,0.03825579997595865,0.03846767191735918,0.03846767191735918,0.34748436737078026,188,1.1261770725250244,-1.3667867183685303,199.33334350585938,8.826946258544922,2.604548692703247,2.4708359241485596,2.4929637908935547,0.4515611159380666,0.4322226161724961,6.535240117955254e-07,-5.989749070067774e-07,0.00011567374895093963,5.1966944738524035e-06,1.2084135505574523e-06,1.242660118805361e-06,1.2524989188023028e-06,0.0006527064976129699,0.0006527352376893752
2021-07-30_02h22m33s_C4H4O4_-H_-CH2O3_38,2021-07-30_02h22m33s,Fumaric acid,C4H4O4,-H,-CH2O3,38,0.0,0.0,0.0,0.0,4.4498831905662474e-05,3.0051688904916458e-05,5.315661711288694e-05,5.315661711288694e-05,0.0,1,0.0,-0.002857109298929572,0.0,0.0,0.001652842853218317,0.0027860321570187807,0.002857109298929572,0.0,0.0,0.0,-1.0535553540691467e-09,0.0,0.0,6.09113259830707e-10,1.0273456529930058e-09,1.0535553540691467e-09,0.0,0.0
2021-07-30_02h22m33s_C4H4O4_[M]-_-H2O_38,2021-07-30_02h22m33s,Fumaric acid,C4H4O4,[M]-,-H2O,38,0.0,0.0,0.0,0.0,0.00018912003559906553,0.00012020675561966583,0.00023034534082251004,0.00023034534082251004,0.0,4,0.0,-0.01269740890711546,0.0,0.0,0.006678310222923756,0.012381531298160553,0.01269740890711546,0.0,0.0,0.0,-5.287734250458698e-09,0.0,0.0,2.946710431217525e-09,5.156190585609011e-09,5.287734250458698e-09,0.0,0.0
2021-07-30_02h22m33s_C4H4O4_+Cl_-CO2_38,2021-07-30_02h22m33s,Fumaric acid,C4H4O4,+Cl,-CO2,38,0.0,0.0,0.0,0.0,0.00020024474357548114,0.00015025844452458227,0.00023034534082251004,0.00023034534082251004,0.0,5,0.0,-0.013009591028094292,0.0,0.0,0.009179789572954178,0.012685948051512241,0.013009591028094292,0.0,0.0,0.0,-5.560265137205533e-09,0.0,0.0,3.8908791744063365e-09,5.421941118299856e-09,5.560265137205533e-09,0.0,0.0
2021-07-30_02h22m33s_C4H4O4_-H__38,2021-07-30_02h22m33s,Fumaric acid,C4H4O4,-H,,38,0.5998258775740686,0.620361161029316,0.1016949152542373,0.1016949152542373,0.15887195461119147,0.15804183195095564,0.15954072682814466,0.15954072682814466,0.5951063256166512,189,12.632147789001465,-7.905295372009277,2235.89013671875,41.0823860168457,21.928955078125,20.361570358276367,20.537443161010742,0.6150489445559226,0.5760225109444914,7.2682887548580766e-06,-2.4584232960478403e-06,0.0012864870950579643,2.3214677639771253e-05,1.0276519788021687e-05,9.664896424510516e-06,9.726712050905917e-06,0.007198273223945017,0.0071943558149635345
2021-07-30_02h22m33s_C4H4O4_-H_-CO2_38,2021-07-30_02h22m33s,Fumaric acid,C4H4O4,-H,-CO2,38,0.0,0.0,0.0,0.0,5.5623539882078096e-05,3.0051688904916458e-05,7.087548948384925e-05,7.087548948384925e-05,0.0,1,0.0,-0.00396767258644104,0.0,0.0,0.001803101389668882,0.0038689677603542805,0.00396767258644104,0.0,0.0,0.0,-1.430576102023906e-09,0.0,0.0,9.879969065096361e-10,1.3949872368357319e-09,1.430576102023906e-09,0.0,0.0
2021-07-30_02h22m33s_C4H4O4_[M]-_-CH2O2_38,2021-07-30_02h22m33s,Fumaric acid,C4H4O4,[M]-,-CH2O2,38,0.0,0.0,0.0,0.0,4.4498831905662474e-05,0.0,7.087548948384925e-05,7.087548948384925e-05,0.0,0,0.0,-0.004421019461005926,0.0,0.0,0.0,0.004311036318540573,0.004421019461005926,0.0,0.0,0.0,-2.188943915015784e-09,0.0,0.0,0.0,2.1344888079255497e-09,2.188943915015784e-09,0.0,0.0
2021-07-30_02h22m33s_C4H4O4_[M]-_-CH2O3_38,2021-07-30_02h22m33s,Fumaric acid,C4H4O4,[M]-,-CH2O3,38,0.0,0.0,0.0,0.0,2.2249415952831237e-05,6.0103377809832915e-05,0.0,0.0,0.0,2,0.0,0.0,0.0,0.0,0.0030352205503731966,0.0,0.0,0.0,0.0,0.0,0.0,0.0,0.0,1.345225042470588e-09,0.0,0.0,0.0,0.0
2021-07-30_02h22m33s_C4H4O4_+Cl_-H2O_38,2021-07-30_02h22m33s,Fumaric acid,C4H4O4,+Cl,-H2O,38,0.0,0.0,0.0,0.0,0.0011903437534764713,0.0023440317345834838,0.0005138472987579071,0.0005138472987579071,0.0,61,0.0,-0.02761523425579071,0.0,0.0,0.14148524403572083,0.029049500823020935,0.02761523425579071,0.0,0.0,0.0,-1.2003158467166486e-08,0.0,0.0,5.7825268129363394e-08,1.2591347520185536e-08,1.2003158467166486e-08,0.0,0.0
2021-07-30_02h22m33s_C4H4O4_-H_-CH2O2_38,2021-07-30_02h22m33s,Fumaric acid,C4H4O4,-H,-CH2O2,38,0.0,0.0,0.0,0.0,6.674824785849372e-05,9.015506671474937e-05,5.315661711288694e-05,5.315661711288694e-05,0.0,3,0.0,-0.0031463473569601774,0.0,0.0,0.004931305535137653,0.003068074816837907,0.0031463473569601774,0.0,0.0,0.0,-1.399366289511761e-09,0.0,0.0,2.601172166549759e-09,1.364553803284707e-09,1.399366289511761e-09,0.0,0.0
2021-07-30_02h22m33s_C4H4O4_-H_-H2O_38,2021-07-30_02h22m33s,Fumaric acid,C4H4O4,-H,-H2O,38,0.0,0.0,0.0,0.0,0.00018912003559906553,0.00024041351123933166,0.0001594698513386608,0.0001594698513386608,0.0,8,0.0,-0.00897401012480259,0.0,0.0,0.013366990722715855,0.008750760927796364,0.00897401012480259,0.0,0.0,0.0,-4.2144829848211884e-09,0.0,0.0,5.7370148631719076e-09,4.109637963267687e-09,4.2144829848211884e-09,0.0,0.0
2021-07-30_02h22m33s_C4H4O4_[M]-_-CO2_38,2021-07-30_02h22m33s,Fumaric acid,C4H4O4,[M]-,-CO2,38,0.0,0.0,0.0,0.0,7.787295583490934e-05,6.0103377809832915e-05,8.859436185481156e-05,8.859436185481156e-05,0.0,2,0.0,-0.0050949822179973125,0.0,0.0,0.0036692521534860134,0.004968232940882444,0.0050949822179973125,0.0,0.0,0.0,-3.2412781347801456e-09,0.0,0.0,1.2240650715256152e-09,3.16064396876925e-09,3.2412781347801456e-09,0.0,0.0
2021-07-30_02h22m33s_C4H4O4_+Cl_-CH2O2_38,2021-07-30_02h22m33s,Fumaric acid,C4H4O4,+Cl,-CH2O2,38,0.0,0.0,0.0,0.0,0.000233618867504728,0.00027046520014424813,0.00021262646845154776,0.00021262646845154776,0.0,9,0.0,-0.011067441664636135,0.0,0.0,0.015259304083883762,0.011873520910739899,0.011067441664636135,0.0,0.0,0.0,-4.626325100787199e-09,0.0,0.0,6.157403475981482e-09,5.296807437105144e-09,4.626325100787199e-09,0.0,0.0
2021-07-30_02h22m33s_C4H4O4_[M]-__38,2021-07-30_02h22m33s,Fumaric acid,C4H4O4,[M]-,,38,0.0,0.0,0.0,0.0,0.0009233507620424964,0.0013523260007212406,0.0006733171500965679,0.0006733171500965679,0.0,34,0.0,-0.039145924150943756,0.0,0.0,0.08066580444574356,0.038172077387571335,0.039145924150943756,0.0,0.0,0.0,-1.786840364559339e-08,0.0,0.0,3.513414981171081e-08,1.742388811010187e-08,1.786840364559339e-08,0.0,0.0
2021-07-30_02h22m33s_C3H7NO3_+Cl_+H2_180,2021-07-30_02h22m33s,Serine,C3H7NO3,+Cl,+H2,180,0.0,0.0,0.0,0.0,0.001957948603849149,0.0012621709340064912,0.00237432889770895,0.00237432889770895,0.0,6,0.0,-4.625763893127441,0.0,0.0,1.5553596019744873,5.033363342285156,4.625763893127441,0.0,0.0,0.0,-1.5088645568539505e-06,0.0,0.0,6.174017244120478e-07,1.6845277741595055e-06,1.5088645568539505e-06,0.0,0.0
2021-07-30_02h22m33s_C3H7NO3_[M]-_+HCl_180,2021-07-30_02h22m33s,Serine,C3H7NO3,[M]-,+HCl,180,1.6886396675852806,2.654575389682042,0.847457627118644,0.847457627118644,0.5326176437868506,0.6000721240533718,0.49185817814554283,0.49185817814554283,1.7149770386651622,189,126.9156494140625,80.61905670166016,22464.0703125,74.75787353515625,65.65621948242188,47.80915069580078,46.296592712402344,2.7413012638141754,1.9330037186244395,5.629235238302499e-05,3.4260618122061715e-05,0.009963746182620525,3.6727331462316215e-05,3.027941784239374e-05,2.2660720787825994e-05,2.2031734260963276e-05,0.05507886936967794,0.05463794715118367
2021-07-30_02h22m33s_C3H7NO3_-H_+C12H14N2_180,2021-07-30_02h22m33s,Serine,C3H7NO3,-H,+C12H14N2,180,19.012891685500186,135.82701762123668,0.3107344632768362,0.3107344632768362,0.007308933140505062,0.007332612092799616,0.006343356308804508,0.006343356308804508,19.269469054054408,126,49.48381805419922,49.13429641723633,8758.6357421875,100.24735260009766,0.4380966126918793,0.36331498622894287,0.3495218753814697,141.17183984693233,112.69460210781166,2.1425044906209223e-05,2.1250138161121868e-05,0.0037922328338027,4.085315595148131e-05,2.0849584814186528e-07,1.8111100530404656e-07,1.749065745570988e-07,0.021421298180321936,0.021420578804463696
2021-07-30_02h22m33s_C3H7NO3_-H_+HCl_180,2021-07-30_02h22m33s,Serine,C3H7NO3,-H,+HCl,180,1.6156111020245674,1.8658924120871176,0.1638418079096045,0.02824858757062147,0.09468238958727333,0.09986176223103739,0.09141166256179457,0.09141166256179457,1.6422665134107781,163,9.099369049072266,4.316671371459961,1610.58837890625,22.254732131958008,8.997727394104004,4.87568473815918,4.782697677612305,1.9021622314590017,1.0111839875307482,4.006956260127481e-06,1.5888529105723137e-06,0.0007092312444001436,9.565927939547691e-06,3.992662641394418e-06,2.4529483653168427e-06,2.4181033495551674e-06,0.003997290398824938,0.003991021457851713
2021-07-30_02h22m33s_C3H7NO3_+Cl__180,2021-07-30_02h22m33s,Serine,C3H7NO3,+Cl,,180,1.6156111020245674,1.8658924120871176,0.1638418079096045,0.02824858757062147,0.09468238958727333,0.09986176223103739,0.09141166256179457,0.09141166256179457,1.6422665134107781,163,9.099369049072266,4.316671371459961,1610.58837890625,22.254732131958008,8.997727394104004,4.87568473815918,4.782697677612305,1.9021622314590017,1.0111839875307482,4.006956260127481e-06,1.5888529105723137e-06,0.0007092312444001436,9.565927939547691e-06,3.992662641394418e-06,2.4529483653168427e-06,2.4181033495551674e-06,0.003997290398824938,0.003991021457851713
2021-07-30_02h22m33s_C3H7NO3_+Cl_+C12H14N2_180,2021-07-30_02h22m33s,Serine,C3H7NO3,+Cl,+C12H14N2,180,1.1756242090179225,1.211310175197955,0.21468926553672316,0.21468926553672316,0.1786294359773056,0.1886344512561606,0.17261725463791483,0.17261725463791483,1.1746335914968584,189,16.444223403930664,2.8384647369384766,2910.62744140625,33.27437210083008,16.07576560974121,13.574567794799805,13.605758666992188,1.208533480043393,1.0228564503028397,7.2385732892144006e-06,6.627597031183541e-07,0.0012812274508178234,1.5134480236156378e-05,7.567688044218812e-06,6.546698386955541e-06,6.5758135860960465e-06,0.007191284741311002,0.0071842054634216525
2021-07-30_02h22m33s_C3H7NO3_[M]-_+C12H14N2_180,2021-07-30_02h22m33s,Serine,C3H7NO3,[M]-,+C12H14N2,180,1.2396716894329707,1.442663371823156,0.4180790960451977,0.4180790960451977,0.3544999443764601,0.40037865128020195,0.32724985381930294,0.32724985381930294,1.235665246424155,189,34.80828857421875,10.582967758178711,6161.06689453125,44.31852722167969,31.40074348449707,24.12679672241211,24.22532081604004,1.4367963191163753,1.1084826736261786,1.5503421309404075e-05,3.857473529933486e-06,0.0027441056445240974,2.050805233011488e-05,1.5007197362137958e-05,1.1574656127777416e-05,1.1645947779470589e-05,0.015324947767975123,0.015274198399474706
2021-07-30_02h22m33s_C3H7NO3_[M]-_-CH2O2_180,2021-07-30_02h22m33s,Serine,C3H7NO3,[M]-,-CH2O2,180,0.0,0.0,0.0,0.0,4.4498831905662474e-05,0.0,7.087548948384925e-05,7.087548948384925e-05,0.0,0,0.0,-0.00430081132799387,0.0,0.0,0.0,0.004204792436212301,0.00430081132799387,0.0,0.0,0.0,-2.000550836100956e-09,0.0,0.0,0.0,1.955887007909496e-09,2.000550836100956e-09,0.0,0.0
2021-07-30_02h22m33s_C3H7NO3_+Cl_-CO2_180,2021-07-30_02h22m33s,Serine,C3H7NO3,+Cl,-CO2,180,0.0,0.0,0.0,0.0,0.0001668706196462343,0.00018031013342949875,0.0001594698513386608,0.0001594698513386608,0.0,6,0.0,-0.008909367024898529,0.0,0.0,0.01073505263775587,0.008710458874702454,0.008909367024898529,0.0,0.0,0.0,-3.755171285035885e-09,0.0,0.0,4.1029903918854416e-09,3.6713341255989462e-09,3.755171285035885e-09,0.0,0.0
2021-07-30_02h22m33s_C3H7NO3_[M]-_-CO2_180,2021-07-30_02h22m33s,Serine,C3H7NO3,[M]-,-CO2,180,0.0,0.0,0.0,0.0,3.337412392924686e-05,0.0,5.315661711288694e-05,5.315661711288694e-05,0.0,0,0.0,-0.003192506730556488,0.0,0.0,0.0,0.003121231449767947,0.003192506730556488,0.0,0.0,0.0,-1.7431062149242393e-09,0.0,0.0,0.0,1.7041900113312636e-09,1.7431062149242393e-09,0.0,0.0
2021-07-30_02h22m33s_C3H7NO3_-H__180,2021-07-30_02h22m33s,Serine,C3H7NO3,-H,,180,0.0,0.0,0.0,0.0,0.00014462120369340304,9.015506671474937e-05,0.00017718872370962313,0.00017718872370962313,0.0,3,0.0,-0.009598628617823124,0.0,0.0,0.0049027856439352036,0.009384332224726677,0.009598628617823124,0.0,0.0,0.0,-4.0793994848797865e-09,0.0,0.0,2.870411686117791e-09,3.988323893366896e-09,4.0793994848797865e-09,0.0,0.0
2021-07-30_02h22m33s_C3H7NO3_-H_-H2_180,2021-07-30_02h22m33s,Serine,C3H7NO3,-H,-H2,180,0.0,0.0,0.0,0.0,0.0001779953276226499,0.00027046520014424813,0.00012403210659673618,0.00012403210659673618,0.0,9,0.0,-0.0072808824479579926,0.0,0.0,0.015199672430753708,0.007118330802768469,0.0072808824479579926,0.0,0.0,0.0,-2.9221380870581015e-09,0.0,0.0,5.5676991905784234e-09,2.856899161685078e-09,2.9221380870581015e-09,0.0,0.0
2021-07-30_02h22m33s_C3H7NO3_+Cl_-NH3_180,2021-07-30_02h22m33s,Serine,C3H7NO3,+Cl,-NH3,180,0.0,0.0,0.0,0.0,0.006218711758816331,0.011720158672917418,0.002994489430692631,0.002994489430692631,0.0,90,0.0,-0.17961178719997406,0.0,0.0,1.2086021900177002,0.17748890817165375,0.17961178719997406,0.0,0.0,0.0,-8.229873316167868e-08,0.0,0.0,5.276623369354638e-07,8.129661921429943e-08,8.229873316167868e-08,0.0,0.0
2021-07-30_02h22m33s_C3H7NO3_[M]-_-NH3_180,2021-07-30_02h22m33s,Serine,C3H7NO3,[M]-,-NH3,180,0.0,0.0,0.0,0.0,0.00010012237178774057,0.00012020675561966583,8.859436185481156e-05,8.859436185481156e-05,0.0,4,0.0,-0.005005069077014923,0.0,0.0,0.006346916779875755,0.004893327131867409,0.005005069077014923,0.0,0.0,0.0,-1.8945836011141637e-09,0.0,0.0,2.5647248769189446e-09,1.8522855471658772e-09,1.8945836011141637e-09,0.0,0.0
2021-07-30_02h22m33s_C3H7NO3_[M]-_+H2_180,2021-07-30_02h22m33s,Serine,C3H7NO3,[M]-,+H2,180,0.0,0.0,0.0,0.0,0.0001668706196462343,0.00018031013342949875,0.0001594698513386608,0.0001594698513386608,0.0,6,0.0,-0.008843198418617249,0.0,0.0,0.009904329665005207,0.008645767346024513,0.008843198418617249,0.0,0.0,0.0,-3.8011620517863776e-09,0.0,0.0,4.200792158570721e-09,3.716298158096265e-09,3.8011620517863776e-09,0.0,0.0
2021-07-30_02h22m33s_C3H7NO3_-H_+H2_180,2021-07-30_02h22m33s,Serine,C3H7NO3,-H,+H2,180,0.0,0.0,0.0,0.0,0.0001779953276226499,0.0002103618223344152,0.0001594698513386608,0.0001594698513386608,0.0,7,0.0,-0.008653221651911736,0.0,0.0,0.011410685256123543,0.009542620740830898,0.008653221651911736,0.0,0.0,0.0,-3.5153893129802327e-09,0.0,0.0,4.7940065250884345e-09,3.896827749372278e-09,3.5153893129802327e-09,0.0,0.0
2021-07-30_02h22m33s_C3H7NO3_+Cl_-CH2O2_180,2021-07-30_02h22m33s,Serine,C3H7NO3,+Cl,-CH2O2,180,0.0,0.0,0.0,0.0,7.787295583490934e-05,0.00015025844452458227,3.5437744741924624e-05,3.5437744741924624e-05,0.0,5,0.0,-0.001981288893148303,0.0,0.0,0.008303104899823666,0.001937054912559688,0.001981288893148303,0.0,0.0,0.0,-8.300914400294346e-10,0.0,0.0,3.862143049815359e-09,8.115590421908792e-10,8.300914400294346e-10,0.0,0.0
2021-07-30_02h22m33s_C3H7NO3_[M]-_-H2O_180,2021-07-30_02h22m33s,Serine,C3H7NO3,[M]-,-H2O,180,0.0,0.0,0.0,0.0,0.0001223717877405718,9.015506671474937e-05,0.0001417509789676985,0.0001417509789676985,0.0,3,0.0,-0.008021103218197823,0.0,0.0,0.005179025232791901,0.007842025719583035,0.008021103218197823,0.0,0.0,0.0,-3.11701664479358e-09,0.0,0.0,2.116048225531131e-09,3.0474274215208652e-09,3.11701664479358e-09,0.0,0.0
2021-07-30_02h22m33s_C3H7NO3_[M]-_-H2_180,2021-07-30_02h22m33s,Serine,C3H7NO3,[M]-,-H2,180,0.0,0.0,0.0,0.0,0.0001668706196462343,0.00012020675561966583,0.00019490759608058544,0.00019490759608058544,0.0,4,0.0,-0.011085039004683495,0.0,0.0,0.006788146216422319,0.010837557725608349,0.011085039004683495,0.0,0.0,0.0,-4.624235216965644e-09,0.0,0.0,2.6619322301968396e-09,4.520995577905751e-09,4.624235216965644e-09,0.0,0.0
2021-07-30_02h22m33s_C3H7NO3_-H_-CH2O2_180,2021-07-30_02h22m33s,Serine,C3H7NO3,-H,-CH2O2,180,0.0,0.0,0.0,0.0,4.4498831905662474e-05,6.0103377809832915e-05,3.5437744741924624e-05,3.5437744741924624e-05,0.0,2,0.0,-0.001975034363567829,0.0,0.0,0.0034000833984464407,0.0019309401977807283,0.001975034363567829,0.0,0.0,0.0,-7.431167348137535e-10,0.0,0.0,1.3803888032626332e-09,7.265261170452675e-10,7.431167348137535e-10,0.0,0.0
2021-07-30_02h22m33s_C3H7NO3_-H_-CO2_180,2021-07-30_02h22m33s,Serine,C3H7NO3,-H,-CO2,180,0.0,0.0,0.0,0.0,1.1124707976415618e-05,3.0051688904916458e-05,0.0,0.0,0.0,1,0.0,0.0,0.0,0.0,0.0017129462212324142,0.0,0.0,0.0,0.0,0.0,0.0,0.0,0.0,9.978622372841528e-10,0.0,0.0,0.0,0.0
2021-07-30_02h22m33s_C3H7NO3_+Cl_-CH2O3_180,2021-07-30_02h22m33s,Serine,C3H7NO3,+Cl,-CH2O3,180,0.0,0.0,0.0,0.0,6.674824785849372e-05,3.0051688904916458e-05,8.859436185481156e-05,8.859436185481156e-05,0.0,1,0.0,-0.005080122500658035,0.0,0.0,0.0015011702198535204,0.0049667046405375,0.005080122500658035,0.0,0.0,0.0,-2.084459937989891e-09,0.0,0.0,4.532404174195648e-10,2.0379227194666782e-09,2.084459937989891e-09,0.0,0.0
2021-07-30_02h22m33s_C3H7NO3_+Cl_-H2_180,2021-07-30_02h22m33s,Serine,C3H7NO3,+Cl,-H2,180,0.0,0.0,0.0,0.0,0.002425186338858605,0.004357494891212886,0.0012934776830802487,0.0012934776830802487,0.0,71,0.0,-0.07546772062778473,0.0,0.0,0.314081609249115,0.07474973797798157,0.07546772062778473,0.0,0.0,0.0,-3.446330865131131e-08,0.0,0.0,1.2381693181851006e-07,3.414774951693289e-08,3.446330865131131e-08,0.0,0.0
2021-07-30_02h22m33s_C3H7NO3_[M]-__180,2021-07-30_02h22m33s,Serine,C3H7NO3,[M]-,,180,0.0,0.0,0.0,0.0,0.00021136945155189677,0.00027046520014424813,0.00017718872370962313,0.00017718872370962313,0.0,9,0.0,-0.009638004004955292,0.0,0.0,0.015594469383358955,0.009422828443348408,0.009638004004955292,0.0,0.0,0.0,-4.124163233143463e-09,0.0,0.0,6.2534279976489415e-09,4.0320879968192e-09,4.124163233143463e-09,0.0,0.0
2021-07-30_02h22m33s_C3H7NO3_+Cl_+HCl_180,2021-07-30_02h22m33s,Serine,C3H7NO3,+Cl,+HCl,180,0.0,0.0,0.0,0.0,0.000611858938702859,0.000991705733862243,0.0003898151921611709,0.0003898151921611709,0.0,24,0.0,-0.02188820391893387,0.0,0.0,0.06354930251836777,0.02228478342294693,0.02188820391893387,0.0,0.0,0.0,-9.541291312586964e-09,0.0,0.0,2.4182094549018984e-08,9.713911452990942e-09,9.541291312586964e-09,0.0,0.0
2021-07-30_02h22m33s_C9H17NO4_+Cl_-H2O_109,2021-07-30_02h22m33s,Acetylcarnitine,C9H17NO4,+Cl,-H2O,109,0.6971373128856917,0.6142388455953125,0.2768361581920904,0.2768361581920904,0.38663922572032483,0.38643466762832074,0.3871042046884136,0.3871042046884136,0.6923698419976513,189,22.16659164428711,-14.273860931396484,3923.48681640625,37.40377426147461,36.63414764404297,36.0869026184082,36.440452575683594,0.6082795848560187,0.6050635269622421,1.148386400018353e-05,-5.8794248616322875e-06,0.0020326438825577497,2.0218207282596268e-05,1.758102916937787e-05,1.7224841940333135e-05,1.7363288861815818e-05,0.011287869462078983,0.011285454102419223
2021-07-30_02h22m33s_C9H17NO4_-H_+HCl_109,2021-07-30_02h22m33s,Acetylcarnitine,C9H17NO4,-H,+HCl,109,3.4450910378244175,18.11134044698161,0.6271186440677966,0.6271186440677966,0.18629435977305595,0.20813799735545138,0.1720325318496731,0.1720325318496731,3.452299938328052,189,195.87725830078125,185.07699584960938,34670.2734375,423.2138977050781,13.919126510620117,10.81417179107666,10.80026626586914,18.134656944781806,14.071514231665935,8.826950215734541e-05,8.308234828291461e-05,0.015623701736330986,0.0001713129604468122,6.668518835795112e-06,5.204918579693185e-06,5.187152964936104e-06,0.08781399751974796,0.08768477458640353
2021-07-30_02h22m33s_C9H17NO4_+Cl__109,2021-07-30_02h22m33s,Acetylcarnitine,C9H17NO4,+Cl,,109,3.4450910378244175,18.11134044698161,0.6271186440677966,0.6271186440677966,0.18629435977305595,0.20813799735545138,0.1720325318496731,0.1720325318496731,3.452299938328052,189,195.87725830078125,185.07699584960938,34670.2734375,423.2138977050781,13.919126510620117,10.81417179107666,10.80026626586914,18.134656944781806,14.071514231665935,8.826950215734541e-05,8.308234828291461e-05,0.015623701736330986,0.0001713129604468122,6.668518835795112e-06,5.204918579693185e-06,5.187152964936104e-06,0.08781399751974796,0.08768477458640353
2021-07-30_02h22m33s_C9H17NO4_+Cl_-H2_109,2021-07-30_02h22m33s,Acetylcarnitine,C9H17NO4,+Cl,-H2,109,0.6727305872534414,0.6332679850134636,0.11299435028248588,0.11299435028248588,0.16919568361330514,0.18854429618944585,0.15796374718712902,0.15796374718712902,0.6691989067258011,189,7.1540045738220215,-4.2226128578186035,1266.2587890625,20.40777015686035,14.924226760864258,11.2959623336792,11.376617431640625,0.6287787945767158,0.47932300717739734,3.4671231787797296e-06,-2.01617172024271e-06,0.0006136808078736067,1.0138079233001918e-05,6.986805146880215e-06,5.4550014283449855e-06,5.4832948990224395e-06,0.0034482155957925903,0.003443067139567942
2021-07-30_02h22m33s_C9H17NO4_[M]-_+HCl_109,2021-07-30_02h22m33s,Acetylcarnitine,C9H17NO4,[M]-,+HCl,109,1.3531696149631594,1.7020422527380512,0.22598870056497175,0.22598870056497175,0.19628434753587717,0.2627419160956846,0.15700692807909705,0.15700692807909705,1.3546615587544004,189,22.09243392944336,9.086069107055664,3910.36083984375,44.72868347167969,25.750614166259766,12.97895622253418,13.006364822387695,1.6984557772546558,0.857904820521475,1.154776236944599e-05,5.338069513527444e-06,0.00204395386390388,2.3647509806323797e-05,1.1752345926652197e-05,6.207827482285211e-06,6.209692855918547e-06,0.011476496848952081,0.011413625494359026
2021-07-30_02h22m33s_C9H17NO4_-H_-NH3_109,2021-07-30_02h22m33s,Acetylcarnitine,C9H17NO4,-H,-NH3,109,1.9398680871495282,2.364241306375783,0.327683615819209,0.327683615819209,0.2074090555122928,0.28900709219858156,0.15892056629516096,0.15892056629516096,1.9463608272654955,189,25.505617141723633,14.761879920959473,4514.494140625,39.146324157714844,22.5560359954834,10.787076950073242,10.74373722076416,2.3737776566963533,1.1307166928682753,1.3238297469797544e-05,7.933375854918268e-06,0.002343178726732731,2.1416242816485465e-05,1.0474672308191657e-05,5.335360128810862e-06,5.304921614879277e-06,0.01316843992818826,0.013101068074826425
2021-07-30_02h22m33s_C9H17NO4_+Cl_+HCl_109,2021-07-30_02h22m33s,Acetylcarnitine,C9H17NO4,+Cl,+HCl,109,7.35589595462008,25.252849978274188,0.2994350282485876,0.2994350282485876,0.038246746022916896,0.04964539007092199,0.030706805818877688,0.030706805818877688,7.330840400784982,186,47.62833786010742,45.733219146728516,8430.2158203125,117.72099304199219,3.180227279663086,1.8850579261779785,1.8951197862625122,25.118844392204142,14.971686608053856,2.1479921997524798e-05,2.05619780899724e-05,0.003801946062594652,4.823299605050124e-05,1.4862597481624107e-06,9.141814416580019e-07,9.179446465168439e-07,0.02146022270098337,0.0214480446321113
2021-07-30_02h22m33s_C9H17NO4_[M]-_+C12H14N2_109,2021-07-30_02h22m33s,Acetylcarnitine,C9H17NO4,[M]-,+C12H14N2,109,0.32260500353575355,1.1287614981203136,0.005649717514124294,0.005649717514124294,0.008821893425297586,0.011059021517009255,0.00751280188528802,0.00751280188528802,0.3268212603568605,160,0.48598647117614746,0.06874656677246094,86.01960754394531,6.44734001159668,0.6479988098144531,0.4295484125614166,0.4172399044036865,1.1619801603317883,0.7488249035696839,2.992756265030039e-07,9.236246967248007e-08,5.297178358887322e-05,3.970339093939401e-06,3.231295124805911e-07,2.1347757694911706e-07,2.069131568305238e-07,0.0002992137152486148,0.00029917895295379144
2021-07-30_02h22m33s_C9H17NO4_-H__109,2021-07-30_02h22m33s,Acetylcarnitine,C9H17NO4,-H,,109,1.022079744024595,1.1165295040335492,0.1016949152542373,0.1016949152542373,0.0993658916453443,0.11608967423969227,0.08949802434573063,0.08949802434573063,1.0246288162539412,189,6.0983052253723145,0.6527752876281738,1079.4000244140625,18.54267692565918,7.885140419006348,5.460839748382568,5.445529937744141,1.1196679895416362,0.7732940198065481,3.2506827665201854e-06,5.138072083354928e-07,0.000575370853766799,9.991229489969555e-06,4.009442818642128e-06,2.748161023191642e-06,2.7368755581846926e-06,0.0032418103350499165,0.003237701387941396
2021-07-30_02h22m33s_C9H17NO4_+Cl_-CH2O3_109,2021-07-30_02h22m33s,Acetylcarnitine,C9H17NO4,+Cl,-CH2O3,109,0.0,0.0,0.0,0.0,0.0063188341306040716,0.007753335737468446,0.0054928504349983165,0.0054928504349983165,0.0,113,0.0,-0.3135715126991272,0.0,0.0,0.5169470310211182,0.30998411774635315,0.3135715126991272,0.0,0.0,0.0,-1.5483223592127615e-07,0.0,0.0,2.382330137606914e-07,1.5368034667062602e-07,1.5483223592127615e-07,0.0,0.0
2021-07-30_02h22m33s_C9H17NO4_+Cl_-CO2_109,2021-07-30_02h22m33s,Acetylcarnitine,C9H17NO4,+Cl,-CO2,109,2.2091299005234912,3.682495318138645,0.22598870056497175,0.22598870056497175,0.09787518077650462,0.1066534439235485,0.09229760618034269,0.09229760618034269,2.204347559861406,189,22.084016799926758,16.072227478027344,3908.870849609375,50.46958923339844,7.042314052581787,5.996025085449219,6.011789321899414,3.6728406098470305,3.135458199798953,1.0136272976524197e-05,7.168287083914038e-06,0.0017941202968358994,2.1975298295728862e-05,3.496314548101509e-06,2.964879286082578e-06,2.9679861199838342e-06,0.010106277684631508,0.010100956854125372
2021-07-30_02h22m33s_C9H17NO4_[M]-_-H2_109,2021-07-30_02h22m33s,Acetylcarnitine,C9H17NO4,[M]-,-H2,109,1.2942469582382938,1.668322260164802,0.2711864406779661,0.2711864406779661,0.20065635777060853,0.20218776295227792,0.1995322217694066,0.1995322217694066,1.306038645801835,189,42.25709533691406,17.25337028503418,7479.505859375,76.43074035644531,27.641733169555664,25.328096389770508,25.003725051879883,1.6899644066966906,1.52868730735548,2.1688598280888982e-05,9.128417332249228e-06,0.0038388818502426147,4.116012860322371e-05,1.3583205145550892e-05,1.2741701539198402e-05,1.2560180948639754e-05,0.02141956467275805,0.021397945596162964
2021-07-30_02h22m33s_C9H17NO4_[M]-__109,2021-07-30_02h22m33s,Acetylcarnitine,C9H17NO4,[M]-,,109,0.5886319675542664,1.0711477489972023,0.011299435028248588,0.011299435028248588,0.011625319835354322,0.015747084986176222,0.00919609476052944,0.00919609476052944,0.5951670556839236,171,0.5804808139801025,0.050918400287628174,102.74510192871094,5.432371139526367,0.9655742049217224,0.5409241318702698,0.5295624136924744,1.094085821006842,0.6005548368912995,3.1781317488821514e-07,4.8683546083339024e-08,5.6252931244671345e-05,2.9750035537290387e-06,4.874750061389932e-07,2.759889241588098e-07,2.691296288048761e-07,0.0003177276649596835,0.00031765832439458076
2021-07-30_02h22m33s_C9H17NO4_-H_+H2_109,2021-07-30_02h22m33s,Acetylcarnitine,C9H17NO4,-H,+H2,109,0.5173079600639758,5.25414417359523,0.005649717514124294,0.005649717514124294,0.0010679719657358995,0.0012922226229114076,0.0009213813632900402,0.0009213813632900402,0.5168336210294537,42,0.278630793094635,0.22599728405475616,49.317649841308594,3.696455240249634,0.08132906258106232,0.05203067138791084,0.05263350531458855,5.195088246802437,3.384355224745713,1.510483826905329e-07,1.2662439985433593e-07,2.673556264198851e-05,2.003883082579705e-06,4.0843723070338456e-08,2.4157591482776297e-08,2.4423977507126438e-08,0.00015104469357833436,0.00015104221356419014
2021-07-30_02h22m33s_C9H17NO4_[M]-_-CH2O3_109,2021-07-30_02h22m33s,Acetylcarnitine,C9H17NO4,[M]-,-CH2O3,109,0.0,0.0,0.0,0.0,0.0005339859828679497,0.000661137155908162,0.0004606906816450201,0.0004606906816450201,0.0,20,0.0,-0.024886878207325935,0.0,0.0,0.03814513981342316,0.02535008080303669,0.024886878207325935,0.0,0.0,0.0,-1.0955567120163323e-08,0.0,0.0,1.6909082134475284e-08,1.1162228474859148e-08,1.0955567120163323e-08,0.0,0.0
2021-07-30_02h22m33s_C9H17NO4_[M]-_-CH2O2_109,2021-07-30_02h22m33s,Acetylcarnitine,C9H17NO4,[M]-,-CH2O2,109,0.0,0.0,0.0,0.0,0.0006341083546556903,0.0008414472893376608,0.0005138472987579071,0.0005138472987579071,0.0,21,0.0,-0.026795238256454468,0.0,0.0,0.05073031410574913,0.028336508199572563,0.026795238256454468,0.0,0.0,0.0,-1.2538274418716355e-08,0.0,0.0,2.054201253542942e-08,1.3236089557722153e-08,1.2538274418716355e-08,0.0,0.0
2021-07-30_02h22m33s_C9H17NO4_-H_-CO2_109,2021-07-30_02h22m33s,Acetylcarnitine,C9H17NO4,-H,-CO2,109,0.0,0.0,0.0,0.0,0.0003003671153632217,0.000330568577954081,0.000283501957935397,0.000283501957935397,0.0,9,0.0,-0.015144262462854385,0.0,0.0,0.020414406433701515,0.015701700001955032,0.015144262462854385,0.0,0.0,0.0,-6.184223799721167e-09,0.0,0.0,9.334608641609066e-09,6.467374191743147e-09,6.184223799721167e-09,0.0,0.0
2021-07-30_02h22m33s_C9H17NO4_-H_-CH2O2_109,2021-07-30_02h22m33s,Acetylcarnitine,C9H17NO4,-H,-CH2O2,109,0.4463416819640141,2.1770105724797006,0.005649717514124294,0.005649717514124294,0.0027255534542218267,0.002824858757062147,0.002657830855644347,0.002657830855644347,0.44668466588221933,77,0.3401351571083069,0.1853451281785965,60.203922271728516,4.5124030113220215,0.16187843680381775,0.1552395522594452,0.1547900289297104,2.183292213532932,2.088276163394112,2.1903012736856908e-07,1.421543203150577e-07,3.876833216054365e-05,2.9057625852146884e-06,7.619092912136693e-08,7.736820606396577e-08,7.687580705351138e-08,0.00021901329054510298,0.00021901344053104496
2021-07-30_02h22m33s_C9H17NO4_-H_-H2_109,2021-07-30_02h22m33s,Acetylcarnitine,C9H17NO4,-H,-H2,109,1.0925320184205034,1.3108193785364846,0.20903954802259886,0.20903954802259886,0.18108799644009343,0.18052049525183314,0.1813349398444283,0.1813349398444283,1.1038240283604535,189,22.217615127563477,5.540596008300781,3932.517822265625,49.70730209350586,18.1494197845459,16.948410034179688,16.677019119262695,1.3321495177987106,1.224082714961809,1.1699992683134042e-05,3.285130333097186e-06,0.0020708986558020115,2.926640081568621e-05,8.927625458454713e-06,8.56351380207343e-06,8.414862350036856e-06,0.011602360417287055,0.011596463797705597
2021-07-30_02h22m33s_C9H17NO4_+Cl_-NH3_109,2021-07-30_02h22m33s,Acetylcarnitine,C9H17NO4,+Cl,-NH3,109,0.6084393791599968,0.5014805087689121,0.15254237288135594,0.15254237288135594,0.22121481811102459,0.18851424450054094,0.24071088115952302,0.24071088115952302,0.6077029871812212,189,12.662368774414062,-12.661853790283203,2241.2392578125,31.50156593322754,18.998336791992188,25.248971939086914,25.324222564697266,0.4999904242525825,0.6664637251838695,6.529598522320157e-06,-6.125144409452332e-06,0.001155738951638341,1.6447185771539807e-05,9.460525689064525e-06,1.2643860827665776e-05,1.2654742931772489e-05,0.006448000730649901,0.006468404019922432
2021-07-30_02h22m33s_C9H17NO4_[M]-_-H2O_109,2021-07-30_02h22m33s,Acetylcarnitine,C9H17NO4,[M]-,-H2O,109,1.207353890567255,2.027764578448897,0.022598870056497175,0.022598870056497175,0.008232283902547557,0.007332612092799616,0.008717685206513457,0.008717685206513457,1.2318066903057652,73,82.28155517578125,43.80355453491211,14563.8359375,542.6822509765625,35.36280059814453,40.57646942138672,38.47800064086914,2.1383495882267987,2.326716975666309,2.88483079202706e-05,1.0900272172875702e-05,0.005106150638312101,0.0001905918470583856,1.5554664059891365e-05,1.8843331417883746e-05,1.7948035747394897e-05,0.028339666571574725,0.028406455054761384
2021-07-30_02h22m33s_C9H17NO4_[M]-_+H2_109,2021-07-30_02h22m33s,Acetylcarnitine,C9H17NO4,[M]-,+H2,109,0.0,0.0,0.0,0.0,0.0012348425853821337,0.0018632047121048202,0.0008682247461771533,0.0008682247461771533,0.0,52,0.0,-0.047505296766757965,0.0,0.0,0.11105702072381973,0.04912498593330383,0.047505296766757965,0.0,0.0,0.0,-2.2375964192633546e-08,0.0,0.0,5.194500474203778e-08,2.340759230889944e-08,2.2375964192633546e-08,0.0,0.0
2021-07-30_02h22m33s_C9H17NO4_-H_-H2O_109,2021-07-30_02h22m33s,Acetylcarnitine,C9H17NO4,-H,-H2O,109,0.40278338234271127,0.41531920523279986,0.03954802259887006,0.03954802259887006,0.09073311825564578,0.095323957206395,0.08818682779027942,0.08818682779027942,0.39810049441935175,189,2.4858758449554443,-3.5834028720855713,440.0000305175781,12.39977741241455,6.452491283416748,5.9844584465026855,6.069278717041016,0.40951593177704954,0.3851986058063315,1.2977030792171718e-06,-1.6001803260223824e-06,0.0002296934399055317,6.572076927113812e-06,3.1032864171720576e-06,2.8620738703466486e-06,2.897883405239554e-06,0.0012939533532675836,0.0012936883935972681
2021-07-30_02h22m33s_C9H17NO4_[M]-_-NH3_109,2021-07-30_02h22m33s,Acetylcarnitine,C9H17NO4,[M]-,-NH3,109,0.5067716289241364,0.9551911294667019,0.011299435028248588,0.011299435028248588,0.01613082656580265,0.02265897343430701,0.012296897425447845,0.012296897425447845,0.5089932742166406,182,0.6955799460411072,-0.026438415050506592,123.11764526367188,6.5068535804748535,1.4379898309707642,0.7272102236747742,0.7220183610916138,0.9620501822262438,0.48338072380390523,3.072221375077788e-07,-4.276841991668334e-08,5.437832078314386e-05,2.9151826765883015e-06,6.755353183507395e-07,3.521275573348248e-07,3.4999055742446217e-07,0.00030711465028013404,0.0003070147382088645
2021-07-30_02h22m33s_C9H17NO4_[M]-_-CO2_109,2021-07-30_02h22m33s,Acetylcarnitine,C9H17NO4,[M]-,-CO2,109,0.0,0.0,0.0,0.0,0.00045611302703304037,0.0003906719557639139,0.0004961284263869447,0.0004961284263869447,0.0,11,0.0,-0.028487160801887512,0.0,0.0,0.022250033915042877,0.027638660743832588,0.028487160801887512,0.0,0.0,0.0,-1.1941176047969293e-08,0.0,0.0,9.584764981696026e-09,1.1585504111621958e-08,1.1941176047969293e-08,0.0,0.0
2021-07-30_02h22m33s_C9H17NO4_-H_-CH2O3_109,2021-07-30_02h22m33s,Acetylcarnitine,C9H17NO4,-H,-CH2O3,109,0.0,0.0,0.0,0.0,0.0008454778062075871,0.0008714989782425773,0.0008327870014352287,0.0008327870014352287,0.0,27,0.0,-0.04757648706436157,0.0,0.0,0.0492093488574028,0.046159401535987854,0.04757648706436157,0.0,0.0,0.0,-1.9533315409603347e-08,0.0,0.0,2.0737845218832263e-08,1.895150880670826e-08,1.9533315409603347e-08,0.0,0.0
2021-07-30_02h22m33s_C5H14NO_-H_+C12H14N2_116,2021-07-30_02h22m33s,Choline,C5H14NO,-H,+C12H14N2,116,0.0,0.0,0.0,0.0,0.0019023250639670709,0.0026746003125375645,0.0014529475344189095,0.0014529475344189095,0.0,52,0.0,-0.08626453578472137,0.0,0.0,0.17778579890727997,0.0841292068362236,0.08626453578472137,0.0,0.0,0.0,-3.8746751584994854e-08,0.0,0.0,8.059391376491476e-08,3.778764323669748e-08,3.8746751584994854e-08,0.0,0.0
2021-07-30_02h22m33s_C5H14NO_+Cl_-H2_116,2021-07-30_02h22m33s,Choline,C5H14NO,+Cl,-H2,116,6.064045121491799,10.919339889556523,0.3050847457627119,0.3050847457627119,0.14006007342307264,0.30836037985334774,0.04031043464393926,0.04031043464393926,6.107465049385197,189,27.557065963745117,25.05608367919922,4877.6005859375,46.37438201904297,30.735687255859375,2.522693395614624,2.5009827613830566,11.014091059728967,0.8965528957090806,1.1863873623951804e-05,1.0649439900589641e-05,0.002099905628710985,1.9798995708697475e-05,1.352179970126599e-05,1.222871560457861e-06,1.2144340644226759e-06,0.011849483207898328,0.011705592940821463
2021-07-30_02h22m33s_C5H14NO_[M]-_+HCl_116,2021-07-30_02h22m33s,Choline,C5H14NO,[M]-,+HCl,116,1.6459417780072927,2.2455889178901427,0.07344632768361582,0.07344632768361582,0.03742351763266214,0.04198220940016829,0.03462267661286036,0.03462267661286036,1.6736299891141075,186,4.926132678985596,2.7831826210021973,871.9254760742188,18.020872116088867,2.6578516960144043,2.192692995071411,2.1429500579833984,2.2976900327702228,1.8527293892960732,2.084377911160118e-06,1.1283370895398548e-06,0.00036893488140776753,7.836129043425899e-06,1.199612597702071e-06,9.77302079263609e-07,9.560408216202632e-07,0.002082387064120405,0.002081880461132034
2021-07-30_02h22m33s_C5H14NO_+Cl_-H2O_116,2021-07-30_02h22m33s,Choline,C5H14NO,+Cl,-H2O,116,2.7711497371957017,17.025660536007422,0.03389830508474576,0.03389830508474576,0.007175436644788074,0.015416516408222142,0.0022325779187412514,0.0022325779187412514,2.7747809516127404,174,2.214689254760742,2.086606740951538,392.0,11.9841890335083,1.002136468887329,0.12907949090003967,0.12808246910572052,17.157165261123705,2.20776466956411,1.1746649306587642e-06,1.11468523300573e-06,0.00020791569841094315,6.316814506135415e-06,4.381017220111971e-07,6.052172807358147e-08,5.997968344217952e-08,0.0011745944788537496,0.0011741505332882303
2021-07-30_02h22m33s_C5H14NO_+Cl__116,2021-07-30_02h22m33s,Choline,C5H14NO,+Cl,,116,5.303743562208519,12.370073924863805,0.11299435028248588,0.11299435028248588,0.05141840026699299,0.11912489481908883,0.011304640572673955,0.011304640572673955,5.295648024138304,189,8.329124450683594,7.655369758605957,1474.2550048828125,24.49004554748535,8.710136413574219,0.6723285913467407,0.6737548112869263,12.343927470184124,0.9561467132697692,3.615140940382844e-06,3.2821194508869667e-06,0.0006398799596354365,1.1221007298445329e-05,3.825913609034615e-06,3.315448964258394e-07,3.3302146107416775e-07,0.0036139374216624513,0.003601362438817107
2021-07-30_02h22m33s_C5H14NO_-H_+HCl_116,2021-07-30_02h22m33s,Choline,C5H14NO,-H,+HCl,116,5.303743562208519,12.370073924863805,0.11299435028248588,0.11299435028248588,0.05141840026699299,0.11912489481908883,0.011304640572673955,0.011304640572673955,5.295648024138304,189,8.329124450683594,7.655369758605957,1474.2550048828125,24.49004554748535,8.710136413574219,0.6723285913467407,0.6737548112869263,12.343927470184124,0.9561467132697692,3.615140940382844e-06,3.2821194508869667e-06,0.0006398799596354365,1.1221007298445329e-05,3.825913609034615e-06,3.315448964258394e-07,3.3302146107416775e-07,0.0036139374216624513,0.003601362438817107
2021-07-30_02h22m33s_C5H14NO_+Cl_+HCl_116,2021-07-30_02h22m33s,Choline,C5H14NO,+Cl,+HCl,116,1.0115557092805256,1.236584755387781,0.0903954802259887,0.0903954802259887,0.07575926131939037,0.0695696598148816,0.0793628293495402,0.0793628293495402,1.020085953917747,189,6.822709560394287,1.3641777038574219,1207.61962890625,22.520784378051758,4.903775215148926,5.51638126373291,5.458531856536865,1.2496876544873068,1.3910340965925645,3.1928052521834616e-06,4.9319896788802e-07,0.0005651265382766724,1.0665966328815557e-05,2.39261930801149e-06,2.722357066886616e-06,2.6996062842954416e-06,0.0031842091411754332,0.003185184318683005
2021-07-30_02h22m33s_C5H14NO_+Cl_+H2_116,2021-07-30_02h22m33s,Choline,C5H14NO,+Cl,+H2,116,0.48852525696872584,0.8408996482653839,0.011299435028248588,0.011299435028248588,0.014217376793859161,0.016077653564130306,0.013129684426883073,0.013129684426883073,0.48686465003507307,171,0.6602414846420288,-0.12911665439605713,116.86274719238281,6.192994594573975,1.0196833610534668,0.784160852432251,0.7893581390380859,0.8353700076342391,0.6468622002033824,3.107787449607713e-07,-8.336576229339698e-08,5.500784027390182e-05,3.090373638769961e-06,4.6058147518124315e-07,3.9145757568803674e-07,3.941445072541683e-07,0.0003106563014858967,0.00031063567192475224
2021-07-30_02h22m33s_C5H14NO_[M]-_+H2_116,2021-07-30_02h22m33s,Choline,C5H14NO,[M]-,+H2,116,0.0,0.0,0.0,0.0,0.00013349649571698743,0.00012020675561966583,0.0001417509789676985,0.0001417509789676985,0.0,4,0.0,-0.00747563224285841,0.0,0.0,0.007548512890934944,0.0072905863635241985,0.00747563224285841,0.0,0.0,0.0,-3.005345972084683e-09,0.0,0.0,3.2905425051410475e-09,2.930953701962835e-09,3.005345972084683e-09,0.0,0.0
2021-07-30_02h22m33s_C5H14NO_[M]-_-H2_116,2021-07-30_02h22m33s,Choline,C5H14NO,[M]-,-H2,116,0.0,0.0,0.0,0.0,8.899766381132495e-05,0.00018031013342949875,3.5437744741924624e-05,3.5437744741924624e-05,0.0,6,0.0,-0.001873004948720336,0.0,0.0,0.010134372860193253,0.00182664196472615,0.001873004948720336,0.0,0.0,0.0,-8.587992539332845e-10,0.0,0.0,4.7390291690874164e-09,8.375411475469718e-10,8.587992539332845e-10,0.0,0.0
2021-07-30_02h22m33s_C5H14NO_-H_-NH3_116,2021-07-30_02h22m33s,Choline,C5H14NO,-H,-NH3,116,0.0,0.0,0.0,0.0,8.899766381132495e-05,0.00015025844452458227,5.315661711288694e-05,5.315661711288694e-05,0.0,5,0.0,-0.0028183425310999155,0.0,0.0,0.008446527644991875,0.002748579252511263,0.0028183425310999155,0.0,0.0,0.0,-1.4093749500787567e-09,0.0,0.0,3.174384310966616e-09,1.374488300953658e-09,1.4093749500787567e-09,0.0,0.0
2021-07-30_02h22m33s_C5H14NO_-H_-H2O_116,2021-07-30_02h22m33s,Choline,C5H14NO,-H,-H2O,116,0.0,0.0,0.0,0.0,0.00013349649571698743,0.00018031013342949875,0.00010631323422577388,0.00010631323422577388,0.0,6,0.0,-0.005916125141084194,0.0,0.0,0.010052819736301899,0.00576968165114522,0.005916125141084194,0.0,0.0,0.0,-2.6421380638907976e-09,0.0,0.0,4.363464256584848e-09,2.576736601866969e-09,2.6421380638907976e-09,0.0,0.0
2021-07-30_02h22m33s_C5H14NO_[M]-_-NH3_116,2021-07-30_02h22m33s,Choline,C5H14NO,[M]-,-NH3,116,0.0,0.0,0.0,0.0,0.00010012237178774057,0.00018031013342949875,5.315661711288694e-05,5.315661711288694e-05,0.0,6,0.0,-0.0033079686108976603,0.0,0.0,0.00965260248631239,0.003226085565984249,0.0033079686108976603,0.0,0.0,0.0,-1.516571423998414e-09,0.0,0.0,3.6926202096054794e-09,1.4790313418444612e-09,1.516571423998414e-09,0.0,0.0
2021-07-30_02h22m33s_C5H14NO_-H_-H2_116,2021-07-30_02h22m33s,Choline,C5H14NO,-H,-H2,116,0.0,0.0,0.0,0.0,0.00013349649571698743,3.0051688904916458e-05,0.00019490759608058544,0.00019490759608058544,0.0,1,0.0,-0.010663189925253391,0.0,0.0,0.0017158925766125321,0.011284489184617996,0.010663189925253391,0.0,0.0,0.0,-4.235472417235542e-09,0.0,0.0,5.961311444480089e-10,4.4249444108857006e-09,4.235472417235542e-09,0.0,0.0
2021-07-30_02h22m33s_C5H14NO_-H__116,2021-07-30_02h22m33s,Choline,C5H14NO,-H,,116,0.0,0.0,0.0,0.0,0.00013349649571698743,0.00012020675561966583,0.0001417509789676985,0.0001417509789676985,0.0,4,0.0,-0.0071477429009974,0.0,0.0,0.00664578378200531,0.007910816930234432,0.0071477429009974,0.0,0.0,0.0,-2.952599498229347e-09,0.0,0.0,2.8276463392984397e-09,3.227812683803677e-09,2.952599498229347e-09,0.0,0.0
2021-07-30_02h22m33s_C5H14NO_-H_+H2_116,2021-07-30_02h22m33s,Choline,C5H14NO,-H,+H2,116,0.0,0.0,0.0,0.0,0.00014462120369340304,0.00018031013342949875,0.00012403210659673618,0.00012403210659673618,0.0,5,0.0,-0.007567829918116331,0.0,0.0,0.010256699286401272,0.007380501367151737,0.007567829918116331,0.0,0.0,0.0,-3.4913278934567415e-09,0.0,0.0,3.925001657023586e-09,3.404906134818475e-09,3.4913278934567415e-09,0.0,0.0
2021-07-30_02h22m33s_C5H14NO_[M]-_+C12H14N2_116,2021-07-30_02h22m33s,Choline,C5H14NO,[M]-,+C12H14N2,116,0.0,0.0,0.0,0.0,0.00020024474357548114,0.0002103618223344152,0.00019490759608058544,0.00019490759608058544,0.0,6,0.0,-0.011839233338832855,0.0,0.0,0.012118491344153881,0.011546174064278603,0.011839233338832855,0.0,0.0,0.0,-5.8418279103023e-09,0.0,0.0,5.470978337029919e-09,5.697223581790922e-09,5.8418279103023e-09,0.0,0.0
2021-07-30_02h22m33s_C5H14NO_+Cl_+C12H14N2_116,2021-07-30_02h22m33s,Choline,C5H14NO,+Cl,+C12H14N2,116,0.17176161398031253,0.26059365889864344,0.005649717514124294,0.005649717514124294,0.020825453331850038,0.017399927875946627,0.022892783103283305,0.022892783103283305,0.17007244146652872,163,0.6325911283493042,-1.8291491270065308,111.9686279296875,8.3922700881958,1.874584436416626,2.426500082015991,2.461740255355835,0.25686473714537256,0.3372768061340353,4.4301702928351006e-07,-8.515299896316719e-07,7.841401384212077e-05,5.877284820599016e-06,9.309529218626267e-07,1.2750411997330957e-06,1.294547018915182e-06,0.00044244426438002076,0.0004426049848796054
2021-07-30_02h22m33s_C5H14NO_[M]-__116,2021-07-30_02h22m33s,Choline,C5H14NO,[M]-,,116,0.0,0.0,0.0,0.0,0.00020024474357548114,0.00024041351123933166,0.00017718872370962313,0.00017718872370962313,0.0,8,0.0,-0.010242748074233532,0.0,0.0,0.012813097797334194,0.009989206679165363,0.010242748074233532,0.0,0.0,0.0,-4.601503622581049e-09,0.0,0.0,5.513792977751564e-09,4.487601401592656e-09,4.601503622581049e-09,0.0,0.0
2021-07-30_02h22m33s_C5H14NO_[M]-_-H2O_116,2021-07-30_02h22m33s,Choline,C5H14NO,[M]-,-H2O,116,0.0,0.0,0.0,0.0,8.899766381132495e-05,6.0103377809832915e-05,0.00010631323422577388,0.00010631323422577388,0.0,2,0.0,-0.00515176123008132,0.0,0.0,0.0035482204984873533,0.0064063104800879955,0.00515176123008132,0.0,0.0,0.0,-2.3045998442938753e-09,0.0,0.0,1.2668883719868518e-09,2.665201170870546e-09,2.3045998442938753e-09,0.0,0.0
2021-07-30_02h22m33s_C5H10N2O3_-H_+C12H14N2_174,2021-07-30_02h22m33s,Glutamine,C5H10N2O3,-H,+C12H14N2,174,14.12395291322445,51.34143798031058,0.327683615819209,0.327683615819209,0.016509066637000778,0.020465200144248106,0.013200559916366922,0.013200559916366922,14.142383795603081,180,40.704444885253906,39.913883209228516,7204.6865234375,79.9093017578125,1.2379971742630005,0.7918185591697693,0.7905606031417847,51.42303030708428,32.85273423602952,1.8255695977131836e-05,1.786693792382721e-05,0.0032312581315636635,3.313813067506999e-05,5.915210294915596e-07,3.8986561889942095e-07,3.8875882069078216e-07,0.018248601672266468,0.01824490373289278
2021-07-30_02h22m33s_C5H10N2O3_-H_-NH3_174,2021-07-30_02h22m33s,Glutamine,C5H10N2O3,-H,-NH3,174,52.83186834150816,982.0752366985155,0.7005649717514124,0.4463276836158192,0.01158082100344866,0.02202788796730376,0.0032602725162570656,0.0032602725162570656,52.86601492154926,18,2615.87109375,2613.221923828125,463009.1875,4837.96484375,112.16351318359375,2.6626157760620117,2.6492156982421875,987.0408267089479,23.32173536444878,0.001157844322733581,0.0011565318563953042,0.20493844151496887,0.0019153719767928123,4.838172026211396e-05,1.3159767604520312e-06,1.3124525821694988e-06,1.1563266987719463,1.104411017815247
2021-07-30_02h22m33s_C5H10N2O3_+Cl_+HCl_174,2021-07-30_02h22m33s,Glutamine,C5H10N2O3,+Cl,+HCl,174,2.283442836387439,4.73672715721969,0.05649717514124294,0.05084745762711865,0.02704416509066637,0.047752133669912246,0.014742101812640643,0.014742101812640643,2.2961258174171206,185,3.6864964962005615,2.9153435230255127,652.5098876953125,15.609238624572754,5.009825229644775,0.777279257774353,0.771152913570404,4.774308859568178,0.7357064609619007,1.421122760802973e-06,1.0737394404713996e-06,0.00025153873139061034,6.070135896152351e-06,2.0852594388998114e-06,3.501679373130173e-07,3.4738329190986406e-07,0.0014206292579347682,0.0014181655177711186
2021-07-30_02h22m33s_C5H10N2O3_-H_-H2O_174,2021-07-30_02h22m33s,Glutamine,C5H10N2O3,-H,-H2O,174,0.40391926107581366,4.840263008244596,0.0903954802259887,0.0903954802259887,0.22191567471353876,0.23638658492607284,0.21379591402803125,0.21379591402803125,0.4150034356823269,189,81.28901672363281,65.59686279296875,14388.15625,427.4813537597656,19.312360763549805,16.793338775634766,15.692152976989746,5.17990341665717,4.2089524303325785,3.9593058318132535e-05,3.200989885954186e-05,0.007007971405982971,0.00021888347691856325,9.25221320358105e-06,8.136878022924066e-06,7.583159458590671e-06,0.03929507747966655,0.03923009313247454
2021-07-30_02h22m33s_C5H10N2O3_[M]-_-NH3_174,2021-07-30_02h22m33s,Glutamine,C5H10N2O3,[M]-,-NH3,174,2.3059512803898983,16.933267150889023,0.02824858757062147,0.02824858757062147,0.0034709088886416732,0.005409304002884962,0.0022502967911122137,0.0022502967911122137,2.326215067896677,100,2.178619623184204,2.0569779872894287,385.6156921386719,13.41728687286377,0.331218421459198,0.1276591420173645,0.12164158374071121,17.764118472167162,6.557792953247703,1.1451098771431134e-06,1.0875218094952288e-06,0.00020268444495741278,7.622926204930991e-06,1.5066696334997687e-07,6.057621249055956e-08,5.758808896416667e-08,0.0011450439362510447,0.0011449373729059118
2021-07-30_02h22m33s_C5H10N2O3_[M]-_-H2_174,2021-07-30_02h22m33s,Glutamine,C5H10N2O3,[M]-,-H2,174,0.5180513246274748,0.6555815382718996,0.05084745762711865,0.05084745762711865,0.08900878851930137,0.09066594542613295,0.0881513900455375,0.0881513900455375,0.5162890663541371,188,4.22873592376709,-2.244235038757324,748.4862670898438,20.743762969970703,6.7530107498168945,6.4493584632873535,6.472970962524414,0.653190437251848,0.6261073724056085,1.8509118717702222e-06,-1.127485916185833e-06,0.0003276114002801478,8.907549272407778e-06,3.089008032475249e-06,2.967047294077929e-06,2.9783977879560553e-06,0.0018454154903558863,0.0018452119970895928
2021-07-30_02h22m33s_C5H10N2O3_[M]-_+H2_174,2021-07-30_02h22m33s,Glutamine,C5H10N2O3,[M]-,+H2,174,0.0,0.0,0.0,0.0,0.0027033040382689953,0.00432744320230797,0.0017541683647252688,0.0017541683647252688,0.0,61,0.0,-0.09998754411935806,0.0,0.0,0.33826348185539246,0.09856515377759933,0.09998754411935806,0.0,0.0,0.0,-4.576905254793928e-08,0.0,0.0,1.506319478039586e-07,4.5047130470265984e-08,4.576905254793928e-08,0.0,0.0
2021-07-30_02h22m33s_C5H10N2O3_[M]-_+C12H14N2_174,2021-07-30_02h22m33s,Glutamine,C5H10N2O3,[M]-,+C12H14N2,174,1.8401670610976417,5.092857277710199,0.02824858757062147,0.02824858757062147,0.007420180220269218,0.010818608005769925,0.0053510994560306184,0.0053510994560306184,1.8414032879257893,119,1.5916694402694702,1.2800981998443604,281.7254943847656,9.345479011535645,0.7193361520767212,0.3115297555923462,0.31157124042510986,5.0921813475377125,2.2096203774872394,8.21564981379197e-07,6.715929998790671e-07,0.00014541699783876538,4.897362032352248e-06,3.399634351808345e-07,1.5032443911877635e-07,1.4997199571098463e-07,0.000821441788114873,0.0008212857742461191
2021-07-30_02h22m33s_C5H10N2O3_[M]-_-H2O_174,2021-07-30_02h22m33s,Glutamine,C5H10N2O3,[M]-,-H2O,174,0.9411526531026085,2.3046792555054973,0.01694915254237288,0.01694915254237288,0.008510401601957948,0.0093160235605241,0.008008930311674965,0.008008930311674965,0.9381957899128612,143,1.094317078590393,0.6166197657585144,193.69412231445312,8.460357666015625,0.5579026341438293,0.47382402420043945,0.47769731283187866,2.286031379864302,1.957974451608648,6.791054829591303e-07,4.4960785317016416e-07,0.00012020167196169496,5.375376531446818e-06,2.6371162675786763e-07,2.2803124011261389e-07,2.2949764399982087e-07,0.0006789496656104783,0.0006789264421626186
2021-07-30_02h22m33s_C5H10N2O3_+Cl_-NH3_174,2021-07-30_02h22m33s,Glutamine,C5H10N2O3,+Cl,-NH3,174,0.9666829087962673,1.7808677045338948,0.022598870056497175,0.022598870056497175,0.015151852263878073,0.01812116840966462,0.013377748640076546,0.013377748640076546,0.966997231880835,179,1.4315719604492188,0.6297550201416016,253.38824462890625,9.458853721618652,1.1103471517562866,0.8028620481491089,0.8018169403076172,1.783186039772255,1.2881411161101857,6.362936915138562e-07,2.577207283138705e-07,0.00011262398038525134,4.3047216422564816e-06,5.244159524409042e-07,3.801703485351027e-07,3.785729631999857e-07,0.0006360528990830984,0.0006359601838483289
2021-07-30_02h22m33s_C5H10N2O3_-H_-H2_174,2021-07-30_02h22m33s,Glutamine,C5H10N2O3,-H,-H2,174,1.8555000656020928,2.517992900253742,0.23728813559322035,0.1977401129943503,0.11596395594615641,0.11206274792643346,0.11788365788401226,0.11788365788401226,1.8621818421516054,186,78.07098388671875,47.19767379760742,13818.564453125,153.84486389160156,48.9102897644043,31.004243850708008,30.873310089111328,2.528671366627642,1.596175121587894,3.515868593240157e-05,1.9928460460505448e-05,0.006223087664693594,6.845306052127853e-05,2.2328327759169042e-05,1.5269666619133204e-05,1.523022547189612e-05,0.034631244273740196,0.03439079694628586
2021-07-30_02h22m33s_C5H10N2O3_-H_-CH2O2_174,2021-07-30_02h22m33s,Glutamine,C5H10N2O3,-H,-CH2O2,174,0.0,0.0,0.0,0.0,0.0002447435754811436,0.00030051688904916455,0.00021262646845154776,0.00021262646845154776,0.0,9,0.0,-0.011848483234643936,0.0,0.0,0.016758237034082413,0.01155687402933836,0.011848483234643936,0.0,0.0,0.0,-5.169795702641977e-09,0.0,0.0,7.746538521757884e-09,5.042559259038626e-09,5.169795702641977e-09,0.0,0.0
2021-07-30_02h22m33s_C5H10N2O3_[M]-_-CO2_174,2021-07-30_02h22m33s,Glutamine,C5H10N2O3,[M]-,-CO2,174,0.0,0.0,0.0,0.0,0.00021136945155189677,0.00018031013342949875,0.00023034534082251004,0.00023034534082251004,0.0,6,0.0,-0.013136555440723896,0.0,0.0,0.010023122653365135,0.012813245877623558,0.013136555440723896,0.0,0.0,0.0,-5.356084464835931e-09,0.0,0.0,3.7577683187350885e-09,5.2242628001408775e-09,5.356084464835931e-09,0.0,0.0
2021-07-30_02h22m33s_C5H10N2O3_[M]-_-CH2O3_174,2021-07-30_02h22m33s,Glutamine,C5H10N2O3,[M]-,-CH2O3,174,0.0,0.0,0.0,0.0,0.00018912003559906553,0.0002103618223344152,0.00017718872370962313,0.00017718872370962313,0.0,7,0.0,-0.010126064531505108,0.0,0.0,0.011069981381297112,0.009876847267150879,0.010126064531505108,0.0,0.0,0.0,-4.302714184944989e-09,0.0,0.0,5.3730624394177084e-09,4.196818004231773e-09,4.302714184944989e-09,0.0,0.0
2021-07-30_02h22m33s_C5H10N2O3_+Cl_-CH2O2_174,2021-07-30_02h22m33s,Glutamine,C5H10N2O3,+Cl,-CH2O2,174,0.860335138471548,0.7183426618803301,0.21468926553672316,0.21468926553672316,0.24115029480476138,0.24401971390792163,0.2395414355830395,0.2395414355830395,0.8572943915819787,188,40.451778411865234,-16.107173919677734,7159.96484375,89.44667053222656,46.78617477416992,56.311649322509766,56.55895233154297,0.7152017769524471,0.8645911749772438,2.0437872080947272e-05,-6.997117452556267e-06,0.0036175032146275043,4.736950359074399e-05,2.2883194105816074e-05,2.7308493372402154e-05,2.743498953350354e-05,0.019892131657134708,0.019980650966519835
2021-07-30_02h22m33s_C5H10N2O3_+Cl_-H2O_174,2021-07-30_02h22m33s,Glutamine,C5H10N2O3,+Cl,-H2O,174,0.6934228682282942,0.6760614195163092,0.3107344632768362,0.3107344632768362,0.39921014573367447,0.33369395360019233,0.4381168382444141,0.4381168382444141,0.69301426495487,189,39.7160530090332,-19.077449798583984,7029.7412109375,63.702396392822266,45.828407287597656,58.74522018432617,58.79350280761719,0.6755062312371106,0.8666062984362697,2.0068975572939962e-05,-8.439074008492753e-06,0.0035522086545825005,3.323136843391694e-05,2.232853148598224e-05,2.849950033123605e-05,2.8508049581432715e-05,0.019512706372212977,0.01963065194294163
2021-07-30_02h22m33s_C5H10N2O3_+Cl_-CH2O3_174,2021-07-30_02h22m33s,Glutamine,C5H10N2O3,+Cl,-CH2O3,174,0.0,0.0,0.0,0.0,0.004794749137835132,0.004417598269022719,0.005032159753353297,0.005032159753353297,0.0,86,0.0,-0.3120225965976715,0.0,0.0,0.29273882508277893,0.3120017349720001,0.3120225965976715,0.0,0.0,0.0,-1.434397631783213e-07,0.0,0.0,1.3357262673707737e-07,1.4351896027164912e-07,1.434397631783213e-07,0.0,0.0
2021-07-30_02h22m33s_C5H10N2O3_-H_-CH2O3_174,2021-07-30_02h22m33s,Glutamine,C5H10N2O3,-H,-CH2O3,174,0.0,0.0,0.0,0.0,4.4498831905662474e-05,6.0103377809832915e-05,3.5437744741924624e-05,3.5437744741924624e-05,0.0,2,0.0,-0.0018727327696979046,0.0,0.0,0.003129264572635293,0.00182664196472615,0.0018727327696979046,0.0,0.0,0.0,-8.475818935593793e-10,0.0,0.0,1.6515487866186618e-09,8.267216355939411e-10,8.475818935593793e-10,0.0,0.0
2021-07-30_02h22m33s_C5H10N2O3_+Cl_-H2_174,2021-07-30_02h22m33s,Glutamine,C5H10N2O3,+Cl,-H2,174,0.8460967732170979,0.855425206360979,0.062146892655367235,0.062146892655367235,0.061308265658026474,0.05766919100853468,0.06345128196041604,0.06345128196041604,0.8427340809395921,189,7.913127422332764,-1.3670802116394043,1400.62353515625,33.826576232910156,7.837421417236328,9.249519348144531,9.280207633972168,0.8525967454243998,1.0095307461949112,3.8822449823783245e-06,-8.412912393396255e-07,0.0006871573277749121,1.705195063550491e-05,4.005900336778723e-06,4.705910214397591e-06,4.72353622171795e-06,0.0038639932702060316,0.0038667551466341817
2021-07-30_02h22m33s_C5H9NO2_+Cl_+HCl_164,2021-07-30_02h22m33s,Proline,C5H9NO2,+Cl,+HCl,164,1.8107137291175535,8.557657184929283,0.022598870056497175,0.022598870056497175,0.008432528646123039,0.018451736987618705,0.0024806421319347235,0.0024806421319347235,1.8042778422677799,169,1.2292234897613525,1.0839941501617432,217.5725555419922,8.087782859802246,1.25693678855896,0.14264018833637238,0.14522933959960938,8.406134453777128,0.9771742912213418,5.364503294913447e-07,4.688452577283897e-07,9.49517052504234e-05,3.5910759379476076e-06,5.024108418183459e-07,6.631184135130752e-08,6.760505755210033e-08,0.000536414065187596,0.0005361809463707116
2021-07-30_02h22m33s_C5H9NO2_-H_+C12H14N2_164,2021-07-30_02h22m33s,Proline,C5H9NO2,-H,+C12H14N2,164,13.316594582402,45.65267608080618,0.2655367231638418,0.2655367231638418,0.012159305818222272,0.014575069118884482,0.009940287400109857,0.009940287400109857,13.42882096106135,155,26.45640754699707,25.888423919677734,4682.7841796875,56.455440521240234,0.9409915208816528,0.5785149335861206,0.5679835081100464,46.49767026618313,28.085611133989094,1.2736976714222692e-05,1.2453531780920457e-05,0.0022544448729604483,2.7311190933687612e-05,4.49376983624461e-07,2.888204733153543e-07,2.8344481961539714e-07,0.012733367507166526,0.012731255580991953
2021-07-30_02h22m33s_C5H9NO2_+Cl_+C12H14N2_164,2021-07-30_02h22m33s,Proline,C5H9NO2,+Cl,+C12H14N2,164,1.1186254726299558,1.229368465481503,0.615819209039548,0.615819209039548,0.5756591389476027,0.6350522899386946,0.5405142016762053,0.5405142016762053,1.1186677312928046,189,135.13450622558594,25.307655334472656,23918.80859375,115.64038848876953,140.296875,109.92089080810547,109.82685089111328,1.2304211102114933,0.9631970992118443,6.67827989673242e-05,1.5791625628480688e-05,0.011820555664598942,5.9312460507499054e-05,6.518426380353048e-05,5.109114135848358e-05,5.099117333884351e-05,0.06354268300385922,0.06269600597445744
2021-07-30_02h22m33s_C5H9NO2_+Cl_+H2_164,2021-07-30_02h22m33s,Proline,C5H9NO2,+Cl,+H2,164,1.0499703659569852,1.1438252007562537,0.3446327683615819,0.3446327683615819,0.331049059962176,0.35271667267700446,0.3182309477824831,0.3182309477824831,1.0544841747921754,189,29.119443893432617,3.8648643493652344,5154.1416015625,43.349544525146484,29.205411911010742,25.45694923400879,25.254579544067383,1.1529905240393847,0.9970222970954765,1.4610955986427143e-05,2.39418659475632e-06,0.0025861391332000494,2.3072889234754257e-05,1.382830578222638e-05,1.233069815498311e-05,1.2216769391670823e-05,0.014434611664464064,0.014411667047660458
2021-07-30_02h22m33s_C5H9NO2_+Cl_-H2O_164,2021-07-30_02h22m33s,Proline,C5H9NO2,+Cl,-H2O,164,0.0,0.0,0.0,0.0,0.005718099899877628,0.006130544536602957,0.0054928504349983165,0.0054928504349983165,0.0,113,0.0,-0.4291512370109558,0.0,0.0,0.42256423830986023,0.4244862496852875,0.4291512370109558,0.0,0.0,0.0,-1.9757978009238286e-07,0.0,0.0,1.9556398456188617e-07,1.9566147102523246e-07,1.9757978009238286e-07,0.0,0.0
2021-07-30_02h22m33s_C5H9NO2_[M]-_+HCl_164,2021-07-30_02h22m33s,Proline,C5H9NO2,[M]-,+HCl,164,2.5125953805027956,2.9229588525939563,0.20903954802259886,0.0,0.13651129157859607,0.24350883519653804,0.07319666176444531,0.07319666176444531,2.6304483205817353,31,36.19089889526367,24.43438720703125,6405.7890625,72.41748046875,49.65142822265625,12.380597114562988,11.756511688232422,3.078108689569542,0.7288847734288628,1.8384362192591652e-05,1.2767308362526819e-05,0.003254032228142023,3.787049718084745e-05,2.2096666725701652e-05,5.959569080005167e-06,5.617053830064833e-06,0.018281673050960758,0.017986911405832254
2021-07-30_02h22m33s_C5H9NO2_-H_-CH2O2_164,2021-07-30_02h22m33s,Proline,C5H9NO2,-H,-CH2O2,164,0.0,0.0,0.0,0.0,5.5623539882078096e-05,6.0103377809832915e-05,5.315661711288694e-05,5.315661711288694e-05,0.0,2,0.0,-0.002962228376418352,0.0,0.0,0.003309221239760518,0.00288921850733459,0.002962228376418352,0.0,0.0,0.0,-1.124319970458032e-09,0.0,0.0,1.1355155704606545e-09,1.0966089147856906e-09,1.124319970458032e-09,0.0,0.0
2021-07-30_02h22m33s_C5H9NO2_[M]-_-H2_164,2021-07-30_02h22m33s,Proline,C5H9NO2,[M]-,-H2,164,0.0,0.0,0.0,0.0,0.0008232283902547558,0.0012321192451015747,0.0005847227882417563,0.0005847227882417563,0.0,19,0.0,-0.03590943291783333,0.0,0.0,0.09246928244829178,0.03502437472343445,0.03590943291783333,0.0,0.0,0.0,-1.7355805681518177e-08,0.0,0.0,4.0790112620925356e-08,1.6928037638308524e-08,1.7355805681518177e-08,0.0,0.0
2021-07-30_02h22m33s_C5H9NO2_+Cl_-CH2O2_164,2021-07-30_02h22m33s,Proline,C5H9NO2,+Cl,-CH2O2,164,0.5551353784923182,26.599744552759592,0.005649717514124294,0.005649717514124294,0.00025586828345755926,0.0003606202668589975,0.00017718872370962313,0.00017718872370962313,0.5548912505486313,13,0.28891104459762573,0.27880042791366577,51.13725662231445,3.832838535308838,0.020835837349295616,0.009861421771347523,0.010110617615282536,26.003148933883896,13.231049488786628,1.1062679305950951e-07,1.061530525703347e-07,1.9580942534958012e-05,1.4676302271254826e-06,8.906376969264329e-09,4.363474470636675e-09,4.473738712817976e-09,0.00011062629814635684,0.00011062580778436286
2021-07-30_02h22m33s_C5H9NO2_[M]-_+H2_164,2021-07-30_02h22m33s,Proline,C5H9NO2,[M]-,+H2,164,0.0,0.0,0.0,0.0,0.00022249415952831238,0.00018031013342949875,0.00024806421319347236,0.00024806421319347236,0.0,6,0.0,-0.014068232849240303,0.0,0.0,0.009696678258478642,0.013721494935452938,0.014068232849240303,0.0,0.0,0.0,-6.307838695818191e-09,0.0,0.0,4.5298733652998635e-09,6.1523706129662514e-09,6.307838695818191e-09,0.0,0.0
2021-07-30_02h22m33s_C5H9NO2_-H_-CO2_164,2021-07-30_02h22m33s,Proline,C5H9NO2,-H,-CO2,164,0.0,0.0,0.0,0.0,7.787295583490934e-05,0.00012020675561966583,5.315661711288694e-05,5.315661711288694e-05,0.0,4,0.0,-0.003123804461210966,0.0,0.0,0.0073057422414422035,0.003046812256798148,0.003123804461210966,0.0,0.0,0.0,-1.7312166145089236e-09,0.0,0.0,3.1617857221277745e-09,1.688547413003505e-09,1.7312166145089236e-09,0.0,0.0
2021-07-30_02h22m33s_C5H9NO2_[M]-_-CO2_164,2021-07-30_02h22m33s,Proline,C5H9NO2,[M]-,-CO2,164,0.0,0.0,0.0,0.0,8.899766381132495e-05,9.015506671474937e-05,8.859436185481156e-05,8.859436185481156e-05,0.0,3,0.0,-0.005021682474762201,0.0,0.0,0.005296875257045031,0.004897912964224815,0.005021682474762201,0.0,0.0,0.0,-2.5631319289232124e-09,0.0,0.0,2.007511046286936e-09,2.4999584624652016e-09,2.5631319289232124e-09,0.0,0.0
2021-07-30_02h22m33s_C5H9NO2_+Cl_-NH3_164,2021-07-30_02h22m33s,Proline,C5H9NO2,+Cl,-NH3,164,1.0875491834324156,32.2078291273976,0.011299435028248588,0.011299435028248588,0.00043386361108020916,0.00045077533357374685,0.0003898151921611709,0.0003898151921611709,1.0865190590870484,15,0.9864850044250488,0.9561075568199158,174.60784912109375,9.636614799499512,0.029491905122995377,0.029628733173012733,0.030377447605133057,31.43930050778474,32.35235714022651,4.4452849579101894e-07,4.311539498758066e-07,7.868154352763668e-05,4.210899533063639e-06,1.2986343556065094e-08,1.3044902047454343e-08,1.3374545027033946e-08,0.0004445225505041517,0.0004445227230662187
2021-07-30_02h22m33s_C5H9NO2_-H_-NH3_164,2021-07-30_02h22m33s,Proline,C5H9NO2,-H,-NH3,164,0.0,0.0,0.0,0.0,0.00015574591166981868,0.00015025844452458227,0.0001594698513386608,0.0001594698513386608,0.0,5,0.0,-0.009236552752554417,0.0,0.0,0.007822630926966667,0.009008900262415409,0.009236552752554417,0.0,0.0,0.0,-3.739605958230641e-09,0.0,0.0,3.6474403497521735e-09,3.647436352949285e-09,3.739605958230641e-09,0.0,0.0
2021-07-30_02h22m33s_C5H9NO2_+Cl_-CO2_164,2021-07-30_02h22m33s,Proline,C5H9NO2,+Cl,-CO2,164,0.0,0.0,0.0,0.0,0.00010012237178774057,9.015506671474937e-05,0.00010631323422577388,0.00010631323422577388,0.0,3,0.0,-0.005186250898987055,0.0,0.0,0.005382433999329805,0.006104046478867531,0.005186250898987055,0.0,0.0,0.0,-2.2197839122384266e-09,0.0,0.0,1.9056847211373906e-09,2.608508520296482e-09,2.2197839122384266e-09,0.0,0.0
2021-07-30_02h22m33s_C5H9NO2_[M]-_-NH3_164,2021-07-30_02h22m33s,Proline,C5H9NO2,[M]-,-NH3,164,0.0,0.0,0.0,0.0,0.00014462120369340304,0.00018031013342949875,0.00012403210659673618,0.00012403210659673618,0.0,6,0.0,-0.006634451448917389,0.0,0.0,0.010554859414696693,0.006470932625234127,0.006634451448917389,0.0,0.0,0.0,-2.645626162589565e-09,0.0,0.0,4.7941903780213124e-09,2.5804196557288606e-09,2.645626162589565e-09,0.0,0.0
2021-07-30_02h22m33s_C5H9NO2_+Cl_-H2_164,2021-07-30_02h22m33s,Proline,C5H9NO2,+Cl,-H2,164,0.8685148168174189,1.0515506214044767,0.062146892655367235,0.062146892655367235,0.06476804983869174,0.07023079697078975,0.06155536261672307,0.06155536261672307,0.8661786302703014,189,4.118023872375488,0.18855643272399902,728.8902587890625,16.266027450561523,4.500441551208496,3.915144205093384,3.9294674396514893,1.0477186074185185,0.9148233572576162,2.0179099919914734e-06,1.73757712218503e-07,0.00035717006539925933,8.069126124610193e-06,2.0788086203538114e-06,1.8398816337139579e-06,1.8441522797729704e-06,0.0020141955087521,0.002013723845502431
2021-07-30_02h22m33s_C5H9NO2_[M]-_-CH2O2_164,2021-07-30_02h22m33s,Proline,C5H9NO2,[M]-,-CH2O2,164,0.0,0.0,0.0,0.0,3.337412392924686e-05,0.0,5.315661711288694e-05,5.315661711288694e-05,0.0,0,0.0,-0.003385047661140561,0.0,0.0,0.0,0.0033016165252774954,0.003385047661140561,0.0,0.0,0.0,-1.5480740023221529e-09,0.0,0.0,0.0,1.5099186345679527e-09,1.5480740023221529e-09,0.0,0.0
2021-07-30_02h22m33s_C5H9NO2_-H__164,2021-07-30_02h22m33s,Proline,C5H9NO2,-H,,164,2.714244065449655,80.17577318882535,0.02824858757062147,0.02824858757062147,0.0008677272221604183,0.0015025844452458228,0.0004075340645321332,0.0004075340645321332,2.711560965738551,34,2.220538377761841,2.1931679248809814,393.0352783203125,14.092902183532715,0.10028731822967529,0.02669587731361389,0.027370477095246315,78.2693350664134,21.923162905020664,1.1956990420003422e-06,1.1827155503851827e-06,0.00021163873316254467,7.877483767515514e-06,4.39205223301542e-08,1.266345872608099e-08,1.2983461417093167e-08,0.0011956835178895207,0.0011956465285802847
2021-07-30_02h22m33s_C5H9NO2_+Cl__164,2021-07-30_02h22m33s,Proline,C5H9NO2,+Cl,,164,1.0804306285059195,1.7544242884446937,0.9378531073446328,0.576271186440678,0.8681833351874513,0.8850222382497897,0.85803639456385,0.85803639456385,1.0833206828257556,189,224.07583618164062,99.00100708007812,39661.421875,109.83551788330078,140.77362060546875,127.71943664550781,125.0748291015625,1.791519894700753,1.5917346125167666,0.00011220816668355837,5.335715104592964e-05,0.019860845059156418,6.220745854079723e-05,6.548807868966833e-05,6.030308941262774e-05,5.8851015637628734e-05,0.10597162870546789,0.10531151772392554
2021-07-30_02h22m33s_C5H9NO2_-H_+HCl_164,2021-07-30_02h22m33s,Proline,C5H9NO2,-H,+HCl,164,1.0804306285059195,1.7544242884446937,0.9378531073446328,0.576271186440678,0.8681833351874513,0.8850222382497897,0.85803639456385,0.85803639456385,1.0833206828257556,189,224.07583618164062,99.00100708007812,39661.421875,109.83551788330078,140.77362060546875,127.71943664550781,125.0748291015625,1.791519894700753,1.5917346125167666,0.00011220816668355837,5.335715104592964e-05,0.019860845059156418,6.220745854079723e-05,6.548807868966833e-05,6.030308941262774e-05,5.8851015637628734e-05,0.10597162870546789,0.10531151772392554
2021-07-30_02h22m33s_C5H9NO2_-H_-H2O_164,2021-07-30_02h22m33s,Proline,C5H9NO2,-H,-H2O,164,0.0,0.0,0.0,0.0,0.00018912003559906553,0.0002103618223344152,0.00017718872370962313,0.00017718872370962313,0.0,7,0.0,-0.011148749850690365,0.0,0.0,0.011221654713153839,0.010873966850340366,0.011148749850690365,0.0,0.0,0.0,-4.7161665683859155e-09,0.0,0.0,5.1304822612507905e-09,4.599927549975291e-09,4.7161665683859155e-09,0.0,0.0
2021-07-30_02h22m33s_C5H9N3_+Cl_+H2_168,2021-07-30_02h22m33s,Histamine,C5H9N3,+Cl,+H2,168,0.9579699327598873,1.5130965745469387,0.022598870056497175,0.01694915254237288,0.015518967627099789,0.01875225387666787,0.013590375108528093,0.013590375108528093,0.9579303065886101,118,1.162268877029419,0.3925779461860657,205.72158813476562,7.739968776702881,3.0709073543548584,0.7671392560005188,0.7696909308433533,1.5080868744070584,0.37835414384543214,5.35610581664514e-07,1.6436433725175448e-07,9.480307198828086e-05,3.6412500321603147e-06,1.275376348530699e-06,3.6923248103448714e-07,3.7124624441275955e-07,0.0005354118120400799,0.0005349283467029704
2021-07-30_02h22m33s_C5H9N3_[M]-_+HCl_168,2021-07-30_02h22m33s,Histamine,C5H9N3,[M]-,+HCl,168,1.3254316329998823,1.6181845058653144,0.4632768361581921,0.4632768361581921,0.3518411391700968,0.37213006370958046,0.3395290323723798,0.3395290323723798,1.3312434598347516,189,48.11374282836914,18.57733917236328,8516.1328125,57.4570198059082,36.55363082885742,29.732162475585938,29.53640365600586,1.628909005974401,1.3162147103503663,2.253679122077301e-05,8.571343641960993e-06,0.0039890119805932045,2.8685984943876974e-05,1.753621836542152e-05,1.403969326929655e-05,1.3965447578812018e-05,0.022226389739992896,0.02214839217907771
2021-07-30_02h22m33s_C5H9N3_-H_-H2_168,2021-07-30_02h22m33s,Histamine,C5H9N3,-H,-H2,168,0.6954923562633315,1.146808720714365,0.01694915254237288,0.01694915254237288,0.01393925909444877,0.013192691429258325,0.014370005492850436,0.014370005492850436,0.6933486528929211,166,1.0229313373565674,0.12725400924682617,181.058837890625,7.86355447769165,0.8140727281570435,0.8909807801246643,0.8956773281097412,1.1408020536361485,1.2550184811967784,4.4849122105006245e-07,2.342414973099949e-08,7.938294584164396e-05,3.5114812817482743e-06,3.8106475130916806e-07,4.222446818857861e-07,4.2506707131906296e-07,0.00044830066320008556,0.00044832038195520584
2021-07-30_02h22m33s_C5H9N3_+Cl_+C12H14N2_168,2021-07-30_02h22m33s,Histamine,C5H9N3,+Cl,+C12H14N2,168,1.2210767348186202,1.5479820797812471,0.062146892655367235,0.062146892655367235,0.04260763154967182,0.045408101935328765,0.040895157432181015,0.040895157432181015,1.2288264994658002,188,3.841276168823242,1.3793857097625732,679.9058837890625,15.38482666015625,2.979064702987671,2.480473279953003,2.461890459060669,1.559661800910253,1.288990861497793,1.7709949133859482e-06,5.49669948668452e-07,0.00031346609466709197,7.24357960280031e-06,1.456132508792507e-06,1.2293932059037616e-06,1.2213249647174962e-06,0.0017688345915408434,0.001768419859738988
2021-07-30_02h22m33s_C5H9N3_+Cl_-H2_168,2021-07-30_02h22m33s,Histamine,C5H9N3,+Cl,-H2,168,0.7455325937188182,2.0735101505852636,0.011299435028248588,0.011299435028248588,0.011536322171542997,0.022358456545257845,0.005156191859950033,0.005156191859950033,0.7525436035332015,178,0.6256120800971985,0.3340376317501068,110.73333740234375,5.858421325683594,1.4367172718048096,0.30071642994880676,0.2915744483470917,2.1383004689288936,0.43514263364997274,2.426988601200719e-07,9.781722098978207e-08,4.295769758755341e-05,2.2945000637264457e-06,7.301609343812743e-07,1.4869672781969712e-07,1.4488163913028984e-07,0.00024266370260508105,0.00024252178019044024
2021-07-30_02h22m33s_C5H9N3_-H_+HCl_168,2021-07-30_02h22m33s,Histamine,C5H9N3,-H,+HCl,168,0.8349234929617636,1.1385811622000073,0.03389830508474576,0.022598870056497175,0.0359661808877517,0.04507753335737468,0.030600492584651914,0.030600492584651914,0.8308696730304778,181,2.052243232727051,0.2356961965560913,363.2470703125,11.368239402770996,5.627294540405273,1.8014566898345947,1.8165470361709595,1.1291279905748837,0.36462967920283645,9.662090860729222e-07,9.25353447200905e-08,0.0001710190117591992,5.239161055214936e-06,2.357514858886134e-06,8.66886750827689e-07,8.736737413528317e-07,0.000965365671434986,0.0009639365912360591
2021-07-30_02h22m33s_C5H9N3_+Cl__168,2021-07-30_02h22m33s,Histamine,C5H9N3,+Cl,,168,0.8349234929617636,1.1385811622000073,0.03389830508474576,0.022598870056497175,0.0359661808877517,0.04507753335737468,0.030600492584651914,0.030600492584651914,0.8308696730304778,181,2.052243232727051,0.2356961965560913,363.2470703125,11.368239402770996,5.627294540405273,1.8014566898345947,1.8165470361709595,1.1291279905748837,0.36462967920283645,9.662090860729222e-07,9.25353447200905e-08,0.0001710190117591992,5.239161055214936e-06,2.357514858886134e-06,8.66886750827689e-07,8.736737413528317e-07,0.000965365671434986,0.0009639365912360591
2021-07-30_02h22m33s_C5H9N3_-H_+C12H14N2_168,2021-07-30_02h22m33s,Histamine,C5H9N3,-H,+C12H14N2,168,0.32424530679666125,0.6709753506864959,0.005649717514124294,0.005649717514124294,0.00789854266325509,0.008714989782425773,0.007424207523433209,0.007424207523433209,0.32410715942026425,144,0.29467153549194336,-0.14331713318824768,52.156864166259766,3.9092607498168945,0.5188100337982178,0.4381689429283142,0.43798866868019104,0.6712508921423104,0.5668831233187205,1.4288872307588463e-07,-6.580758338259329e-08,2.5291303245467134e-05,1.8956332041852875e-06,2.492611486104579e-07,2.0858446703186928e-07,2.0869630645847792e-07,0.00014285890894924223,0.00014285311534427132
2021-07-30_02h22m33s_C5H9N3_+Cl_+HCl_168,2021-07-30_02h22m33s,Histamine,C5H9N3,+Cl,+HCl,168,1.1354403851045534,1.3837109421232523,0.05084745762711865,0.05084745762711865,0.0355434419846479,0.03675321553071283,0.03478214646419902,0.03478214646419902,1.1434367093012747,189,3.097928762435913,0.8829085826873779,548.3333740234375,13.589717864990234,2.387998580932617,2.2378554344177246,2.215020179748535,1.397969563069346,1.296747845378185,1.5051908803798142e-06,3.9011922581266845e-07,0.00026641879230737686,6.5902449932764284e-06,1.1696528190441313e-06,1.1258384802204091e-06,1.1150716545671457e-06,0.0015035143541412765,0.0015034323864507597
2021-07-30_02h22m33s_C5H9N3_[M]-_+C12H14N2_168,2021-07-30_02h22m33s,Histamine,C5H9N3,[M]-,+C12H14N2,168,0.0,0.0,0.0,0.0,0.00485037267771721,0.0047481668469768,0.0049258465191275224,0.0049258465191275224,0.0,108,0.0,-0.29354172945022583,0.0,0.0,0.2750410735607147,0.2894496023654938,0.29354172945022583,0.0,0.0,0.0,-1.342548756610995e-07,0.0,0.0,1.2679055316766608e-07,1.3227341355559474e-07,1.342548756610995e-07,0.0,0.0
2021-07-30_02h22m33s_C5H9N3_[M]-_-NH3_168,2021-07-30_02h22m33s,Histamine,C5H9N3,[M]-,-NH3,168,0.0,0.0,0.0,0.0,8.899766381132495e-05,0.00012020675561966583,7.087548948384925e-05,7.087548948384925e-05,0.0,4,0.0,-0.004056242294609547,0.0,0.0,0.006928151473402977,0.003955477848649025,0.004056242294609547,0.0,0.0,0.0,-1.5160626087862283e-09,0.0,0.0,2.903687290611856e-09,1.4784008461887765e-09,1.5160626087862283e-09,0.0,0.0
2021-07-30_02h22m33s_C5H9N3_-H__168,2021-07-30_02h22m33s,Histamine,C5H9N3,-H,,168,0.0,0.0,0.0,0.0,0.0007231060184670152,0.001051809111672076,0.0005315661711288693,0.0005315661711288693,0.0,10,0.0,-0.03176409751176834,0.0,0.0,0.08727659285068512,0.030975019559264183,0.03176409751176834,0.0,0.0,0.0,-1.3661677122911442e-08,0.0,0.0,3.771157608412068e-08,1.3322294378781407e-08,1.3661677122911442e-08,0.0,0.0
2021-07-30_02h22m33s_C5H9N3_[M]-__168,2021-07-30_02h22m33s,Histamine,C5H9N3,[M]-,,168,0.0,0.0,0.0,0.0,0.000467237735009456,0.0004808270224786633,0.0004606906816450201,0.0004606906816450201,0.0,16,0.0,-0.025598682463169098,0.0,0.0,0.027903875336050987,0.02586955390870571,0.025598682463169098,0.0,0.0,0.0,-1.0690015095349281e-08,0.0,0.0,1.1561257728942564e-08,1.094787727140556e-08,1.0690015095349281e-08,0.0,0.0
2021-07-30_02h22m33s_C5H9N3_-H_-NH3_168,2021-07-30_02h22m33s,Histamine,C5H9N3,-H,-NH3,168,0.0,0.0,0.0,0.0,0.00018912003559906553,0.00018031013342949875,0.00019490759608058544,0.00019490759608058544,0.0,6,0.0,-0.01096307672560215,0.0,0.0,0.010080868378281593,0.01069073285907507,0.01096307672560215,0.0,0.0,0.0,-4.8920369977167866e-09,0.0,0.0,4.792609420434246e-09,4.770509764995268e-09,4.8920369977167866e-09,0.0,0.0
2021-07-30_02h22m33s_C5H9N3_[M]-_-H2_168,2021-07-30_02h22m33s,Histamine,C5H9N3,[M]-,-H2,168,0.0,0.0,0.0,0.0,0.003626654800311492,0.003876667868734223,0.0034906178570795754,0.0034906178570795754,0.0,89,0.0,-0.20254085958003998,0.0,0.0,0.22726066410541534,0.20406422019004822,0.20254085958003998,0.0,0.0,0.0,-9.534631573160368e-08,0.0,0.0,1.0379476833577428e-07,9.581168569638976e-08,9.534631573160368e-08,0.0,0.0
2021-07-30_02h22m33s_C5H14N4_+Cl_-NH3_152,2021-07-30_02h22m33s,Agmatine,C5H14N4,+Cl,-NH3,152,0.23949248318997182,0.27510843988266354,0.005649717514124294,0.0,0.015518967627099789,0.018842408943382617,0.013590375108528093,0.013590375108528093,0.24152887978392085,118,0.21132159233093262,-0.5474951267242432,37.40392303466797,2.803497552871704,3.075965642929077,0.7671392560005188,0.7588167190551758,0.2781217983643593,0.06867856741155152,1.0120587035089557e-07,-2.652962791671598e-07,1.7913438568939455e-05,1.3426474652078468e-06,1.2776869198205532e-06,3.6923248103448714e-07,3.665021495180554e-07,0.00010116879177124726,0.0001010767259402634
2021-07-30_02h22m33s_C5H14N4_+Cl_+C12H14N2_152,2021-07-30_02h22m33s,Agmatine,C5H14N4,+Cl,+C12H14N2,152,0.9142896343088147,0.9866071312890384,0.12429378531073447,0.12429378531073447,0.13021470686394482,0.13748647673999279,0.1259457448128001,0.1259457448128001,0.9091161993496143,189,8.095824241638184,-0.16558074951171875,1432.9608154296875,21.863656997680664,10.060456275939941,8.20472240447998,8.261404991149902,0.9798387092268961,0.8046374222186711,3.956573436880717e-06,-8.547976904083043e-08,0.0007003134815022349,1.1022831131413113e-05,4.73839736514492e-06,4.006960352853639e-06,4.0420532059215475e-06,0.003940645139560955,0.003937914035391252
2021-07-30_02h22m33s_C5H14N4_-H_+HCl_152,2021-07-30_02h22m33s,Agmatine,C5H14N4,-H,+HCl,152,19.336735943760132,68.67752427780624,0.3389830508474576,0.3389830508474576,0.03496495716987429,0.07987738910926794,0.007530520757658982,0.007530520757658982,19.365684541848577,186,29.9820556640625,29.549053192138672,5306.82373046875,45.385616302490234,5.432577133178711,0.4355628490447998,0.433002769947052,69.0826366562598,5.517922158679768,1.268138839805033e-05,1.2470202818803955e-05,0.0022446056827902794,1.9509234334691428e-05,2.3328223051066743e-06,2.1221639201485232e-07,2.111853945052644e-07,0.012678710839499872,0.01265187382459093
2021-07-30_02h22m33s_C5H14N4_+Cl__152,2021-07-30_02h22m33s,Agmatine,C5H14N4,+Cl,,152,19.336735943760132,68.67752427780624,0.3389830508474576,0.3389830508474576,0.03496495716987429,0.07987738910926794,0.007530520757658982,0.007530520757658982,19.365684541848577,186,29.9820556640625,29.549053192138672,5306.82373046875,45.385616302490234,5.432577133178711,0.4355628490447998,0.433002769947052,69.0826366562598,5.517922158679768,1.268138839805033e-05,1.2470202818803955e-05,0.0022446056827902794,1.9509234334691428e-05,2.3328223051066743e-06,2.1221639201485232e-07,2.111853945052644e-07,0.012678710839499872,0.01265187382459093
2021-07-30_02h22m33s_C5H14N4_+Cl_+HCl_152,2021-07-30_02h22m33s,Agmatine,C5H14N4,+Cl,+HCl,152,3.5810442139611625,5.975160430928061,0.1977401129943503,0.1977401129943503,0.045945043942596506,0.046369755980286094,0.04521856229069582,0.04521856229069582,3.58293483419562,189,17.1964111328125,14.32222843170166,3043.7646484375,36.504364013671875,3.2321228981018066,2.876983165740967,2.87418270111084,5.980980313414028,5.3188238352797095,7.629098035977222e-06,6.228412985365139e-06,0.001350350328721106,1.6201765902223997e-05,1.5390354519695393e-06,1.3992877256896463e-06,1.4006851642989204e-06,0.007618427018277427,0.007617374626376295
2021-07-30_02h22m33s_C5H14N4_+Cl_-H2_152,2021-07-30_02h22m33s,Agmatine,C5H14N4,+Cl,-H2,152,4.830173954352789,8.12479350938611,0.1638418079096045,0.1638418079096045,0.07078651685393259,0.1497776175021036,0.023920477700799123,0.023920477700799123,4.854784450052539,189,11.744811058044434,10.308828353881836,2078.83154296875,27.447227478027344,11.386030197143555,1.444551944732666,1.4359831809997559,8.173241839805799,1.0314200326781102,5.036028596805409e-06,4.375187927507795e-06,0.0008913770434446633,1.1769195225497242e-05,4.893999630439794e-06,6.633483167206577e-07,6.608404419239378e-07,0.005032702783274038,0.005011502306370085
2021-07-30_02h22m33s_C5H14N4_[M]-_+H2_152,2021-07-30_02h22m33s,Agmatine,C5H14N4,[M]-,+H2,152,0.0,0.0,0.0,0.0,0.0004894871509622872,0.0008113956004327443,0.0003012208303063593,0.0003012208303063593,0.0,5,0.0,-0.015710001811385155,0.0,0.0,0.30227193236351013,0.016255293041467667,0.015710001811385155,0.0,0.0,0.0,-6.745803915464421e-09,0.0,0.0,1.0984823717308245e-07,6.961561993534815e-09,6.745803915464421e-09,0.0,0.0
2021-07-30_02h22m33s_C5H14N4_-H_+H2_152,2021-07-30_02h22m33s,Agmatine,C5H14N4,-H,+H2,152,0.0,0.0,0.0,0.0,0.0004004894871509623,0.0004207236446688304,0.0003898151921611709,0.0003898151921611709,0.0,14,0.0,-0.02068801037967205,0.0,0.0,0.024874428287148476,0.021166061982512474,0.02068801037967205,0.0,0.0,0.0,-8.864161848975982e-09,0.0,0.0,1.0274865402948308e-08,8.98151597539254e-09,8.864161848975982e-09,0.0,0.0
2021-07-30_02h22m33s_C5H14N4_-H_-H2_152,2021-07-30_02h22m33s,Agmatine,C5H14N4,-H,-H2,152,0.0,0.0,0.0,0.0,0.0002892424073868061,0.0003606202668589975,0.00024806421319347236,0.00024806421319347236,0.0,12,0.0,-0.013539975509047508,0.0,0.0,0.01994183100759983,0.01423332653939724,0.013539975509047508,0.0,0.0,0.0,-5.498207666931876e-09,0.0,0.0,7.877663854571892e-09,5.688143733806328e-09,5.498207666931876e-09,0.0,0.0
2021-07-30_02h22m33s_C5H14N4_-H__152,2021-07-30_02h22m33s,Agmatine,C5H14N4,-H,,152,0.0,0.0,0.0,0.0,0.00025586828345755926,0.00015025844452458227,0.0003189397026773216,0.0003189397026773216,0.0,5,0.0,-0.01735793799161911,0.0,0.0,0.00887408759444952,0.01790127158164978,0.01735793799161911,0.0,0.0,0.0,-7.601455465078288e-09,0.0,0.0,3.5335279147119536e-09,7.805057933296666e-09,7.601455465078288e-09,0.0,0.0
2021-07-30_02h22m33s_C5H14N4_-H_+C12H14N2_152,2021-07-30_02h22m33s,Agmatine,C5H14N4,-H,+C12H14N2,152,0.0,0.0,0.0,0.0,0.0014128379130047837,0.0015326361341507393,0.0013466343001931357,0.0013466343001931357,0.0,40,0.0,-0.0836932584643364,0.0,0.0,0.0961058959364891,0.08249559998512268,0.0836932584643364,0.0,0.0,0.0,-3.405797599498328e-08,0.0,0.0,3.71022004230781e-08,3.350664101731127e-08,3.405797599498328e-08,0.0,0.0
2021-07-30_02h22m33s_C5H14N4_[M]-__152,2021-07-30_02h22m33s,Agmatine,C5H14N4,[M]-,,152,0.0,0.0,0.0,0.0,0.00025586828345755926,0.0002103618223344152,0.000283501957935397,0.000283501957935397,0.0,6,0.0,-0.012266846373677254,0.0,0.0,0.01217623706907034,0.015864435583353043,0.012266846373677254,0.0,0.0,0.0,-5.493326682426414e-09,0.0,0.0,4.758735627774513e-09,7.295369197635182e-09,5.493326682426414e-09,0.0,0.0
2021-07-30_02h22m33s_C5H14N4_[M]-_+C12H14N2_152,2021-07-30_02h22m33s,Agmatine,C5H14N4,[M]-,+C12H14N2,152,0.0,0.0,0.0,0.0,0.00037824007119813106,0.0004207236446688304,0.00035437744741924625,0.00035437744741924625,0.0,13,0.0,-0.03198534995317459,0.0,0.0,0.028116123750805855,0.03215579316020012,0.03198534995317459,0.0,0.0,0.0,-9.903290631996242e-09,0.0,0.0,9.479196982908888e-09,1.0224294300087422e-08,9.903290631996242e-09,0.0,0.0
2021-07-30_02h22m33s_C5H14N4_[M]-_-H2_152,2021-07-30_02h22m33s,Agmatine,C5H14N4,[M]-,-H2,152,0.0,0.0,0.0,0.0,0.0003337412392924686,0.000330568577954081,0.00033665857504828393,0.00033665857504828393,0.0,11,0.0,-0.019142186269164085,0.0,0.0,0.019150350242853165,0.01866665855050087,0.019142186269164085,0.0,0.0,0.0,-8.502531123610879e-09,0.0,0.0,7.81985409759045e-09,8.291311637265153e-09,8.502531123610879e-09,0.0,0.0
2021-07-30_02h22m33s_C4H8O2_+Cl_+C12H14N2_92,2021-07-30_02h22m33s,Butyric acid,C4H8O2,+Cl,+C12H14N2,92,0.7859615343227752,0.7545852336313636,0.5141242937853108,0.5141242937853108,0.6347647124262988,0.6195155667748528,0.6441341673015929,0.6441341673015929,0.7834278206593275,189,157.8094940185547,-52.31111145019531,27932.28125,161.14442443847656,210.13107299804688,209.13308715820312,210.12060546875,0.7510388742105087,0.7510014619235279,8.029527816688642e-05,-1.9475817680358887e-05,0.01421226467937231,8.582072041463107e-05,0.00010000264592235908,9.939687879523262e-05,9.97710958472453e-05,0.07301090060475564,0.07299553184216055
2021-07-30_02h22m33s_C4H8O2_[M]-_+HCl_92,2021-07-30_02h22m33s,Butyric acid,C4H8O2,[M]-,+HCl,92,0.396492234180733,0.8452963931059023,0.011299435028248588,0.011299435028248588,0.018934252975859385,0.019713907921625196,0.018498502755284654,0.018498502755284654,0.39600837146558066,183,0.9770245552062988,-0.1817026138305664,172.933349609375,9.155204772949219,1.608911156654358,1.154836654663086,1.1587271690368652,0.8424606935937373,0.6068810388498118,5.568001597566763e-07,-2.8057854706275975e-08,9.855363168753684e-05,5.515650627785362e-06,8.01405633410468e-07,5.833317118231207e-07,5.848580144629523e-07,0.0005564747010679108,0.0005563542942910593
2021-07-30_02h22m33s_C4H8O2_+Cl_-H2_92,2021-07-30_02h22m33s,Butyric acid,C4H8O2,+Cl,-H2,92,0.0,0.0,0.0,0.0,0.002914673489820892,0.003035220579396562,0.0028527384517249323,0.0028527384517249323,0.0,76,0.0,-0.19099070131778717,0.0,0.0,0.19381996989250183,0.19098903238773346,0.19099070131778717,0.0,0.0,0.0,-8.96812935025082e-08,0.0,0.0,9.183515459199043e-08,9.009351487065942e-08,8.96812935025082e-08,0.0,0.0
2021-07-30_02h22m33s_C4H8O2_+Cl_+H2_92,2021-07-30_02h22m33s,Butyric acid,C4H8O2,+Cl,+H2,92,0.5293551548240957,0.6439510061586076,0.022598870056497175,0.022598870056497175,0.031049059962175992,0.028308690948431303,0.032691319524425465,0.032691319524425465,0.526264053055556,187,1.34839928150177,-0.7630952596664429,238.6666717529297,8.904679298400879,1.797176718711853,2.092947006225586,2.111494541168213,0.6382971672703605,0.7498702810854504,6.224314006431086e-07,-4.370565989120223e-07,0.00011017036013072357,4.148994321440114e-06,9.019839808388497e-07,1.0509714911677293e-06,1.059487999555131e-06,0.0006217726399925848,0.0006218704834288993
2021-07-30_02h22m33s_C4H8O2_[M]-_-H2O_92,2021-07-30_02h22m33s,Butyric acid,C4H8O2,[M]-,-H2O,92,0.0,0.0,0.0,0.0,2.2249415952831237e-05,3.0051688904916458e-05,1.7718872370962312e-05,1.7718872370962312e-05,0.0,1,0.0,-0.001162875210866332,0.0,0.0,0.001832799520343542,0.0011340078199282289,0.001162875210866332,0.0,0.0,0.0,-7.625561293522765e-10,0.0,0.0,6.041258604483346e-10,7.436263271820565e-10,7.625561293522765e-10,0.0,0.0
2021-07-30_02h22m33s_C4H8O2_+Cl_-CH2O2_92,2021-07-30_02h22m33s,Butyric acid,C4H8O2,+Cl,-CH2O2,92,0.0,0.0,0.0,0.0,0.0001223717877405718,0.00012020675561966583,0.00012403210659673618,0.00012403210659673618,0.0,4,0.0,-0.006972691044211388,0.0,0.0,0.0064261117950081825,0.006799600087106228,0.006972691044211388,0.0,0.0,0.0,-3.332661036026252e-09,0.0,0.0,3.0588112043261617e-09,3.2499305469002593e-09,3.332661036026252e-09,0.0,0.0
2021-07-30_02h22m33s_C4H8O2_[M]-_-H2_92,2021-07-30_02h22m33s,Butyric acid,C4H8O2,[M]-,-H2,92,0.0,0.0,0.0,0.0,6.674824785849372e-05,6.0103377809832915e-05,7.087548948384925e-05,7.087548948384925e-05,0.0,2,0.0,-0.0038758942391723394,0.0,0.0,0.0031630874145776033,0.0037796786054968834,0.0038758942391723394,0.0,0.0,0.0,-1.9147401442154433e-09,0.0,0.0,1.3841151558224851e-09,1.8672083879067713e-09,1.9147401442154433e-09,0.0,0.0
2021-07-30_02h22m33s_C4H8O2_[M]-_+C12H14N2_92,2021-07-30_02h22m33s,Butyric acid,C4H8O2,[M]-,+C12H14N2,92,0.0,0.0,0.0,0.0,0.0006897318945377684,0.0008714989782425773,0.0005847227882417563,0.0005847227882417563,0.0,19,0.0,-0.033769555389881134,0.0,0.0,0.05254920944571495,0.03293125703930855,0.033769555389881134,0.0,0.0,0.0,-1.7476835978413874e-08,0.0,0.0,2.4154310551693925e-08,1.7042987465742954e-08,1.7476835978413874e-08,0.0,0.0
2021-07-30_02h22m33s_C4H8O2_-H_-H2_92,2021-07-30_02h22m33s,Butyric acid,C4H8O2,-H,-H2,92,0.0,0.0,0.0,0.0,0.00013349649571698743,9.015506671474937e-05,0.0001594698513386608,0.0001594698513386608,0.0,3,0.0,-0.00894815381616354,0.0,0.0,0.005353914573788643,0.008726023137569427,0.00894815381616354,0.0,0.0,0.0,-4.5259787029294785e-09,0.0,0.0,2.4585842250957057e-09,4.413625465105042e-09,4.5259787029294785e-09,0.0,0.0
2021-07-30_02h22m33s_C4H8O2_-H_-H2O_92,2021-07-30_02h22m33s,Butyric acid,C4H8O2,-H,-H2O,92,0.0,0.0,0.0,0.0,4.4498831905662474e-05,6.0103377809832915e-05,3.5437744741924624e-05,3.5437744741924624e-05,0.0,2,0.0,-0.00196719728410244,0.0,0.0,0.0033971371594816446,0.0019183632684871554,0.00196719728410244,0.0,0.0,0.0,-6.789770967685627e-10,0.0,0.0,1.5966944433287722e-09,6.621220793867622e-10,6.789770967685627e-10,0.0,0.0
2021-07-30_02h22m33s_C4H8O2_-H_+H2_92,2021-07-30_02h22m33s,Butyric acid,C4H8O2,-H,+H2,92,0.0,0.0,0.0,0.0,8.899766381132495e-05,0.00012020675561966583,7.087548948384925e-05,7.087548948384925e-05,0.0,4,0.0,-0.0020200680010020733,0.0,0.0,0.007068157196044922,0.003974864259362221,0.0020200680010020733,0.0,0.0,0.0,-1.016814632492924e-09,0.0,0.0,3.648522373111973e-09,1.931762305673601e-09,1.016814632492924e-09,0.0,0.0
2021-07-30_02h22m33s_C4H8O2_[M]-_+H2_92,2021-07-30_02h22m33s,Butyric acid,C4H8O2,[M]-,+H2,92,0.0,0.0,0.0,0.0,0.00010012237178774057,9.015506671474937e-05,0.00010631323422577388,0.00010631323422577388,0.0,3,0.0,-0.005960804410278797,0.0,0.0,0.0049944729544222355,0.005812832619994879,0.005960804410278797,0.0,0.0,0.0,-3.3045994829450365e-09,0.0,0.0,2.147680477904146e-09,3.2225655477446935e-09,3.3045994829450365e-09,0.0,0.0
2021-07-30_02h22m33s_C4H8O2_-H__92,2021-07-30_02h22m33s,Butyric acid,C4H8O2,-H,,92,0.0,0.0,0.0,0.0,0.00010012237178774057,9.015506671474937e-05,0.00010631323422577388,0.00010631323422577388,0.0,3,0.0,-0.0049570403061807156,0.0,0.0,0.0048346687108278275,0.005754533689469099,0.0049570403061807156,0.0,0.0,0.0,-1.9996047040393705e-09,0.0,0.0,1.885687828107052e-09,2.442595015139659e-09,1.9996047040393705e-09,0.0,0.0
2021-07-30_02h22m33s_C4H8O2_[M]-__92,2021-07-30_02h22m33s,Butyric acid,C4H8O2,[M]-,,92,0.0,0.0,0.0,0.0,8.899766381132495e-05,9.015506671474937e-05,8.859436185481156e-05,8.859436185481156e-05,0.0,3,0.0,-0.00515769375488162,0.0,0.0,0.005106194410473108,0.005029658321291208,0.00515769375488162,0.0,0.0,0.0,-2.5478241738596807e-09,0.0,0.0,2.0308403847479894e-09,2.484576544503625e-09,2.5478241738596807e-09,0.0,0.0
2021-07-30_02h22m33s_C4H8O2_+Cl_-H2O_92,2021-07-30_02h22m33s,Butyric acid,C4H8O2,+Cl,-H2O,92,0.0,0.0,0.0,0.0,0.00021136945155189677,0.0002103618223344152,0.00021262646845154776,0.00021262646845154776,0.0,7,0.0,-0.011869235895574093,0.0,0.0,0.012144417501986027,0.012872239574790001,0.011869235895574093,0.0,0.0,0.0,-4.7485957388460065e-09,0.0,0.0,4.578212031702833e-09,5.109789036339407e-09,4.7485957388460065e-09,0.0,0.0
2021-07-30_02h22m33s_C4H8O2_+Cl_+HCl_92,2021-07-30_02h22m33s,Butyric acid,C4H8O2,+Cl,+HCl,92,0.0,0.0,0.0,0.0,0.0010679719657358995,0.0019233080899146533,0.000567003915870794,0.000567003915870794,0.0,42,0.0,-0.030656155198812485,0.0,0.0,0.1749187558889389,0.03074050508439541,0.030656155198812485,0.0,0.0,0.0,-1.2860266629388661e-08,0.0,0.0,6.840788557838096e-08,1.29016157757178e-08,1.2860266629388661e-08,0.0,0.0
2021-07-30_02h22m33s_C4H8O2_+Cl_-CO2_92,2021-07-30_02h22m33s,Butyric acid,C4H8O2,+Cl,-CO2,92,0.0,0.0,0.0,0.0,0.00010012237178774057,0.00018031013342949875,5.315661711288694e-05,5.315661711288694e-05,0.0,6,0.0,-0.0030187726952135563,0.0,0.0,0.009806749410927296,0.002943834289908409,0.0030187726952135563,0.0,0.0,0.0,-1.2407017635496231e-09,0.0,0.0,4.946814957662582e-09,1.2099024004896819e-09,1.2407017635496231e-09,0.0,0.0
2021-07-30_02h22m33s_C8H7N_-H_-H2_10,2021-07-30_02h22m33s,Indole,C8H7N,-H,-H2,10,0.1299110808751781,0.10143161521196005,0.03389830508474576,0.03389830508474576,0.2661697630437201,0.29324438033417477,0.25093467051756824,0.25093467051756824,0.12670035919376296,189,1.7897419929504395,-16.328224182128906,316.7843322753906,9.798734664916992,20.792421340942383,17.643814086914062,18.117965698242188,0.09877727143796465,0.08607251128155738,1.223946810569032e-06,-6.867002412036527e-06,0.00021663858206011355,6.919460247445386e-06,9.524386769044213e-06,7.885206287028268e-06,8.090949449979234e-06,0.001214123399517499,0.0012123994492953668
2021-07-30_02h22m33s_C8H7N_[M]-_-H2_10,2021-07-30_02h22m33s,Indole,C8H7N,[M]-,-H2,10,0.8277921189678538,3.5247644664482207,0.011299435028248588,0.011299435028248588,0.01178106574702414,0.025573987258083904,0.003650087708418236,0.003650087708418236,0.8313774986716086,181,0.7582585215568542,0.5481451749801636,134.21176147460938,7.2734551429748535,1.891255259513855,0.2141231745481491,0.21011333167552948,3.5917131122834975,0.40071682599083425,4.921113827549561e-07,3.9480016766901826e-07,8.710371912457049e-05,4.778192760568345e-06,8.713772672308551e-07,1.0055874355430205e-07,9.731122219136523e-08,0.0004920634994544285,0.00049168294141712
2021-07-30_02h22m33s_C8H7N_+Cl_+HCl_10,2021-07-30_02h22m33s,Indole,C8H7N,+Cl,+HCl,10,0.3964010434807772,1.1051969531052293,0.005649717514124294,0.005649717514124294,0.005985092891311603,0.008925351604760188,0.004252529369030955,0.004252529369030955,0.39755875616347974,114,0.2804918587207794,0.029764652252197266,49.64706039428711,3.721144676208496,0.6225526928901672,0.252793550491333,0.25072720646858215,1.1142691433942693,0.4498286382514033,1.241010636476858e-07,5.8154796533926856e-09,2.196588866354432e-05,1.6463865222249296e-06,2.9345281404857815e-07,1.2003702920537762e-07,1.1828558399429312e-07,0.00012408638601705003,0.00012406465652510453
2021-07-30_02h22m33s_C8H7N_+Cl_+H2_10,2021-07-30_02h22m33s,Indole,C8H7N,+Cl,+H2,10,1.252579983905245,1.3862098833273182,0.13559322033898305,0.13559322033898305,0.10161308265658027,0.10713427094602716,0.09825114729698602,0.09825114729698602,1.255257173147391,189,14.939715385437012,4.185513496398926,2644.32958984375,41.50580978393555,11.306246757507324,10.776383399963379,10.754201889038086,1.3890688003415226,1.321251380272386,1.0778732757898979e-05,5.631643489323324e-06,0.001907835714519024,3.012046181538608e-05,5.345979388948763e-06,5.207604317547521e-06,5.147089268575655e-06,0.010723537751815443,0.010721416287406166
2021-07-30_02h22m33s_C8H7N_-H__10,2021-07-30_02h22m33s,Indole,C8H7N,-H,,10,0.0,0.0,0.0,0.0,0.04376460117921904,0.04898425291501382,0.04082428194269717,0.04082428194269717,0.0,84,0.0,-2.458538055419922,0.0,0.0,4.02537202835083,2.4012749195098877,2.458538055419922,0.0,0.0,0.0,-1.1086092399636982e-06,0.0,0.0,1.8448636183165945e-06,1.0848674492081045e-06,1.1086092399636982e-06,0.0,0.0
2021-07-30_02h22m33s_C8H7N_[M]-_+HCl_10,2021-07-30_02h22m33s,Indole,C8H7N,[M]-,+HCl,10,0.0,0.0,0.0,0.0,0.0003003671153632217,0.00045077533357374685,0.00021262646845154776,0.00021262646845154776,0.0,9,0.0,-0.1705157607793808,0.0,0.0,0.17974965274333954,0.1657390147447586,0.1705157607793808,0.0,0.0,0.0,-9.319360572135338e-08,0.0,0.0,7.105108323912646e-08,9.058292249619626e-08,9.319360572135338e-08,0.0,0.0
2021-07-30_02h22m33s_C8H7N_[M]-__10,2021-07-30_02h22m33s,Indole,C8H7N,[M]-,,10,0.0,0.0,0.0,0.0,0.0006452330626321059,0.0007813439115278278,0.000567003915870794,0.000567003915870794,0.0,24,0.0,-0.030928464606404305,0.0,0.0,0.04728155955672264,0.03201362490653992,0.030928464606404305,0.0,0.0,0.0,-1.3228405926213327e-08,0.0,0.0,1.9912501869612242e-08,1.4130833392300701e-08,1.3228405926213327e-08,0.0,0.0
2021-07-30_02h22m33s_C8H7N_-H_+C12H14N2_10,2021-07-30_02h22m33s,Indole,C8H7N,-H,+C12H14N2,10,0.3449409947798314,0.9009610626955927,0.005649717514124294,0.005649717514124294,0.006452330626321059,0.006581319870176704,0.006378794053546432,0.006378794053546432,0.3445249943914828,127,0.33339983224868774,-0.036685287952423096,59.01176834106445,4.42304801940918,0.38648101687431335,0.3690491020679474,0.37008512020111084,0.8984457045003599,0.8604288151665302,2.2619587980443612e-07,4.832141087263153e-08,4.003666981589049e-05,3.0008275189175038e-06,1.861628931010273e-07,1.7837220411820454e-07,1.7787446893180459e-07,0.00022615565248785391,0.00022615377836277038
2021-07-30_02h22m33s_C8H7N_-H_+H2_10,2021-07-30_02h22m33s,Indole,C8H7N,-H,+H2,10,0.0,0.0,0.0,0.0,0.0013905884970519524,0.0023440317345834838,0.0008327870014352287,0.0008327870014352287,0.0,38,0.0,-0.04736865311861038,0.0,0.0,0.187891885638237,0.046956129372119904,0.04736865311861038,0.0,0.0,0.0,-2.255143805030002e-08,0.0,0.0,9.166996051135357e-08,2.225593931370895e-08,2.255143805030002e-08,0.0,0.0
2021-07-30_02h22m33s_C8H7N_[M]-_+H2_10,2021-07-30_02h22m33s,Indole,C8H7N,[M]-,+H2,10,0.0,0.0,0.0,0.0,0.00021136945155189677,0.00024041351123933166,0.00019490759608058544,0.00019490759608058544,0.0,7,0.0,-0.009751878678798676,0.0,0.0,0.01332044042646885,0.011289700865745544,0.009751878678798676,0.0,0.0,0.0,-4.100651818106371e-09,0.0,0.0,5.477021502997559e-09,5.0190376299497075e-09,4.100651818106371e-09,0.0,0.0
2021-07-30_02h22m33s_C8H7N_+Cl_+C12H14N2_10,2021-07-30_02h22m33s,Indole,C8H7N,+Cl,+C12H14N2,10,1.252575473348442,1.3993534946868316,0.0847457627118644,0.0847457627118644,0.06590277005228613,0.0797872340425532,0.057657210695111365,0.057657210695111365,1.249492968618174,188,15.827606201171875,4.471556663513184,2801.486328125,53.969478607177734,15.004460334777832,11.309656143188477,11.356049537658691,1.3936371544994433,1.0547897797236232,1.0479328921064734e-05,5.082145435153507e-06,0.0018548412481322885,3.756769365281798e-05,7.070659194141626e-06,5.417301053967094e-06,5.397183485911228e-06,0.010423073679926996,0.010405753385219561
2021-07-30_02h22m33s_C8H7N_+Cl_-H2_10,2021-07-30_02h22m33s,Indole,C8H7N,+Cl,-H2,10,0.899854356975947,0.9619502496123309,0.03954802259887006,0.03954802259887006,0.037034152853487594,0.04225267460031254,0.03394935946276379,0.03394935946276379,0.9048559067066586,188,2.3950371742248535,-0.08243274688720703,423.9216003417969,11.86862564086914,3.038794755935669,2.488772392272949,2.4774699211120605,0.9663369943784625,0.7878943700222436,2.226614697065088e-06,1.0942271728708874e-06,0.00039411080069839954,1.141259963333141e-05,1.3907476841268362e-06,1.150771026914299e-06,1.1323875241942005e-06,0.002224096158322795,0.0022235223385221837
2021-07-30_02h22m33s_C8H7N_+Cl_-NH3_10,2021-07-30_02h22m33s,Indole,C8H7N,+Cl,-NH3,10,0.0,0.0,0.0,0.0,0.0012793414172877961,0.0018632047121048202,0.0009391002356610025,0.0009391002356610025,0.0,44,0.0,-0.05381576716899872,0.0,0.0,0.11266378313302994,0.05319518223404884,0.05381576716899872,0.0,0.0,0.0,-2.3474029831049847e-08,0.0,0.0,4.834317834934154e-08,2.3179271835260806e-08,2.3474029831049847e-08,0.0,0.0
2021-07-30_02h22m33s_C8H7N_[M]-_-NH3_10,2021-07-30_02h22m33s,Indole,C8H7N,[M]-,-NH3,10,0.0,0.0,0.0,0.0,0.0001779953276226499,0.00018031013342949875,0.00017718872370962313,0.00017718872370962313,0.0,6,0.0,-0.009698119014501572,0.0,0.0,0.010788556188344955,0.009426440112292767,0.009698119014501572,0.0,0.0,0.0,-4.173864809331462e-09,0.0,0.0,4.335987568993005e-09,4.0569401171808295e-09,4.173864809331462e-09,0.0,0.0
2021-07-30_02h22m33s_C4H4N2O2_-H_+H2_133,2021-07-30_02h22m33s,Uracil,C4H4N2O2,-H,+H2,133,0.0,0.0,0.0,0.0,0.005462231616420069,0.010277677605481428,0.0026401119832733847,0.0026401119832733847,0.0,4,0.0,-1.379732608795166,0.0,0.0,56.48295974731445,1.3454575538635254,1.379732608795166,0.0,0.0,0.0,-7.59574732001056e-07,0.0,0.0,2.708362808334641e-05,7.407055022667919e-07,7.59574732001056e-07,0.0,0.0
2021-07-30_02h22m33s_C4H4N2O2_+Cl_+C12H14N2_133,2021-07-30_02h22m33s,Uracil,C4H4N2O2,+Cl,+C12H14N2,133,1.0275391582370157,1.1038981542090325,0.4293785310734463,0.4293785310734463,0.3864723551006786,0.34995191729775216,0.4078707231071815,0.4078707231071815,1.0295611324168166,189,75.74602508544922,7.447227478027344,13407.046875,97.03987121582031,54.120582580566406,68.61585998535156,68.29879760742188,1.1090226873120073,1.3995530336292783,3.5916949855163693e-05,1.874184818007052e-06,0.006357300095260143,4.819180321646854e-05,2.6572190108709037e-05,3.412278601899743e-05,3.404276503715664e-05,0.03473449171502407,0.034987261686253414
2021-07-30_02h22m33s_C4H4N2O2_+Cl_+HCl_133,2021-07-30_02h22m33s,Uracil,C4H4N2O2,+Cl,+HCl,133,0.4283529794922321,1.5578330251430763,0.005649717514124294,0.005649717514124294,0.005651351652019135,0.00982690227190768,0.003189397026773216,0.003189397026773216,0.4322404996035734,94,0.29411762952804565,0.11373509466648102,52.05882263183594,3.9019112586975098,0.7478628158569336,0.18779920041561127,0.18038253486156464,1.621532248143533,0.3927523483610052,1.4045758689462673e-07,5.3215146067486785e-08,2.4860994017217308e-05,1.8633804756973404e-06,3.541873070389556e-07,9.069037787412526e-08,8.724244082713994e-08,0.00014044533410087698,0.00014040785621414713
2021-07-30_02h22m33s_C4H4N2O2_+Cl_-H2_133,2021-07-30_02h22m33s,Uracil,C4H4N2O2,+Cl,-H2,133,1.2798180146855545,1.5586135915709176,0.096045197740113,0.096045197740113,0.06611413950383803,0.0677665584805866,0.06504598047380265,0.06504598047380265,1.295757279377136,189,8.688602447509766,3.218803882598877,1537.882568359375,28.4283447265625,5.812508583068848,5.57357120513916,5.469798564910889,1.5881780958336729,1.4945539897909992,3.400771674932912e-06,1.315314875682816e-06,0.0006019365973770618,1.1003394320141524e-05,2.1923030999460025e-06,2.1221064798737643e-06,2.085456799250096e-06,0.0033936942721385045,0.0033933324616580714
2021-07-30_02h22m33s_C4H4N2O2_-H_+C12H14N2_133,2021-07-30_02h22m33s,Uracil,C4H4N2O2,-H,+C12H14N2,133,1.156886584725005,1.5340207352194732,0.4180790960451977,0.4180790960451977,0.3531427300033374,0.3557819449453059,0.3513829579885536,0.3513829579885536,1.1623428255043462,189,73.3128662109375,25.994796752929688,12976.376953125,93.50521850585938,51.61860275268555,47.790313720703125,47.31806945800781,1.5493302605199637,1.4202524293374836,3.509400266921148e-05,1.2117749065509997e-05,0.006211638450622559,4.6162727812770754e-05,2.5081522835534997e-05,2.3160675482358783e-05,2.297625360370148e-05,0.034305784269755696,0.034235328495762954
2021-07-30_02h22m33s_C4H4N2O2_+Cl_+H2_133,2021-07-30_02h22m33s,Uracil,C4H4N2O2,+Cl,+H2,133,0.9768499245022858,0.9748352115066387,0.6949152542372882,0.6949152542372882,0.6673823562131495,0.6095684577473254,0.7013838439321721,0.7013838439321721,0.9797191852452689,189,186.92495727539062,-3.868499755859375,33085.71875,140.21676635742188,159.2335968017578,191.7493133544922,190.79345703125,0.979719013769747,1.1738966344613317,9.091169340535998e-05,-3.7092468119226396e-06,0.016091369092464447,7.23598204785958e-05,7.875909068388864e-05,9.488448267802596e-05,9.462094021728262e-05,0.08305312831610363,0.08427432425874226
2021-07-30_02h22m33s_C4H4N2O2_[M]-_-NH3_133,2021-07-30_02h22m33s,Uracil,C4H4N2O2,[M]-,-NH3,133,0.0,0.0,0.0,0.0,7.787295583490934e-05,3.0051688904916458e-05,0.00010631323422577388,0.00010631323422577388,0.0,1,0.0,-0.006174751557409763,0.0,0.0,0.0015311040915548801,0.006021359469741583,0.006174751557409763,0.0,0.0,0.0,-2.345651894941625e-09,0.0,0.0,4.99232044592901e-10,2.2873816174495687e-09,2.345651894941625e-09,0.0,0.0
2021-07-30_02h22m33s_C4H4N2O2_[M]-_-H2_133,2021-07-30_02h22m33s,Uracil,C4H4N2O2,[M]-,-H2,133,0.0,0.0,0.0,0.0,0.00032261653131605296,0.000330568577954081,0.0003189397026773216,0.0003189397026773216,0.0,11,0.0,-0.017990974709391594,0.0,0.0,0.01889025606215,0.01754404604434967,0.017990974709391594,0.0,0.0,0.0,-7.398494261678934e-09,0.0,0.0,1.0564101593502073e-08,7.214701724933548e-09,7.398494261678934e-09,0.0,0.0
2021-07-30_02h22m33s_C4H4N2O2_+Cl_-H2O_133,2021-07-30_02h22m33s,Uracil,C4H4N2O2,+Cl,-H2O,133,0.0,0.0,0.0,0.0,0.000467237735009456,0.000721240533717995,0.0003189397026773216,0.0003189397026773216,0.0,24,0.0,-0.017525816336274147,0.0,0.0,0.040028851479291916,0.01804962567985058,0.017525816336274147,0.0,0.0,0.0,-7.45113570843614e-09,0.0,0.0,1.7996987011770216e-08,7.608581320539543e-09,7.45113570843614e-09,0.0,0.0
2021-07-30_02h22m33s_C4H4N2O2_+Cl_-NH3_133,2021-07-30_02h22m33s,Uracil,C4H4N2O2,+Cl,-NH3,133,0.0,0.0,0.0,0.0,0.00038936477917454667,0.0005108787113835797,0.0003189397026773216,0.0003189397026773216,0.0,15,0.0,-0.01696959137916565,0.0,0.0,0.03121604584157467,0.017488179728388786,0.01696959137916565,0.0,0.0,0.0,-6.9583614425994256e-09,0.0,0.0,1.4095653533274799e-08,7.151559344720226e-09,6.9583614425994256e-09,0.0,0.0
2021-07-30_02h22m33s_C4H4N2O2_[M]-_+H2_133,2021-07-30_02h22m33s,Uracil,C4H4N2O2,[M]-,+H2,133,0.0,0.0,0.0,0.0,0.0031927911892312825,0.004087029691068638,0.0026755497280153092,0.0026755497280153092,0.0,90,0.0,-0.14691080152988434,0.0,0.0,0.24095161259174347,0.15515755116939545,0.14691080152988434,0.0,0.0,0.0,-6.687442066777294e-08,0.0,0.0,1.0897163349454786e-07,7.038677551918227e-08,6.687442066777294e-08,0.0,0.0
2021-07-30_02h22m33s_C4H4N2O2_+Cl_-CO2_133,2021-07-30_02h22m33s,Uracil,C4H4N2O2,+Cl,-CO2,133,0.0,0.0,0.0,0.0,0.00018912003559906553,9.015506671474937e-05,0.00024806421319347236,0.00024806421319347236,0.0,3,0.0,-0.014135317876935005,0.0,0.0,0.004903256893157959,0.01378417108207941,0.014135317876935005,0.0,0.0,0.0,-5.7148605847601175e-09,0.0,0.0,1.882048517032331e-09,5.57289236979841e-09,5.7148605847601175e-09,0.0,0.0
2021-07-30_02h22m33s_C4H4N2O2_[M]-_-CO2_133,2021-07-30_02h22m33s,Uracil,C4H4N2O2,[M]-,-CO2,133,0.0,0.0,0.0,0.0,7.787295583490934e-05,3.0051688904916458e-05,0.00010631323422577388,0.00010631323422577388,0.0,1,0.0,-0.005241299048066139,0.0,0.0,0.0016220840625464916,0.006334878969937563,0.005241299048066139,0.0,0.0,0.0,-2.0807735534589256e-09,0.0,0.0,6.72132682844051e-10,2.774631857604959e-09,2.0807735534589256e-09,0.0,0.0
2021-07-30_02h22m33s_C4H4N2O2_-H_-CO2_133,2021-07-30_02h22m33s,Uracil,C4H4N2O2,-H,-CO2,133,0.0,0.0,0.0,0.0,3.337412392924686e-05,0.0,5.315661711288694e-05,5.315661711288694e-05,0.0,0,0.0,-0.003310834290459752,0.0,0.0,0.0,0.0032285868655890226,0.003310834290459752,0.0,0.0,0.0,-1.411654904082127e-09,0.0,0.0,0.0,1.376586733492502e-09,1.411654904082127e-09,0.0,0.0
2021-07-30_02h22m33s_C4H4N2O2_[M]-_-CH2O2_133,2021-07-30_02h22m33s,Uracil,C4H4N2O2,[M]-,-CH2O2,133,0.0,0.0,0.0,0.0,2.2249415952831237e-05,6.0103377809832915e-05,0.0,0.0,0.0,2,0.0,0.0,0.0,0.0,0.003070221981033683,0.0,0.0,0.0,0.0,0.0,0.0,0.0,0.0,1.2829488582610793e-09,0.0,0.0,0.0,0.0
2021-07-30_02h22m33s_C4H4N2O2_[M]-_+C12H14N2_133,2021-07-30_02h22m33s,Uracil,C4H4N2O2,[M]-,+C12H14N2,133,1.3339396373013255,1.5613504680411654,0.24858757062146894,0.24858757062146894,0.18871954611191455,0.20937011660055296,0.1763559367081879,0.1763559367081879,1.3434691873649187,189,19.55331802368164,7.142563819885254,3460.937255859375,35.526695251464844,15.545480728149414,12.522336959838867,12.410754203796387,1.5753871453320323,1.2577327541581294,9.491734090261161e-06,3.4680665521591436e-06,0.0016800370067358017,1.7756545275915414e-05,7.66285666031763e-06,6.064233730285196e-06,6.023667538102018e-06,0.009434901381086715,0.00941955340273182
2021-07-30_02h22m33s_C4H4N2O2_-H_-NH3_133,2021-07-30_02h22m33s,Uracil,C4H4N2O2,-H,-NH3,133,0.0,0.0,0.0,0.0,0.0001779953276226499,9.015506671474937e-05,0.00023034534082251004,0.00023034534082251004,0.0,3,0.0,-0.01161414198577404,0.0,0.0,0.004938729573041201,0.01223269384354353,0.01161414198577404,0.0,0.0,0.0,-4.948346177258145e-09,0.0,0.0,2.201061555240358e-09,5.2297068897644294e-09,4.948346177258145e-09,0.0,0.0
2021-07-30_02h22m33s_C4H4N2O2_[M]-_+HCl_133,2021-07-30_02h22m33s,Uracil,C4H4N2O2,[M]-,+HCl,133,0.0,0.0,0.0,0.0,0.005139615085104016,0.005289097247265296,0.005067597498095221,0.005067597498095221,0.0,114,0.0,-0.2837994694709778,0.0,0.0,0.30489903688430786,0.2967202961444855,0.2837994694709778,0.0,0.0,0.0,-1.34194024781209e-07,0.0,0.0,1.381193328597874e-07,1.3967181189400435e-07,1.34194024781209e-07,0.0,0.0
2021-07-30_02h22m33s_C4H4N2O2_-H_-H2O_133,2021-07-30_02h22m33s,Uracil,C4H4N2O2,-H,-H2O,133,0.0,0.0,0.0,0.0,0.00013349649571698743,0.0002103618223344152,8.859436185481156e-05,8.859436185481156e-05,0.0,7,0.0,-0.005237308796495199,0.0,0.0,0.01143378484994173,0.005107204429805279,0.005237308796495199,0.0,0.0,0.0,-2.2095372198549512e-09,0.0,0.0,4.381473406311898e-09,2.1546482376066933e-09,2.2095372198549512e-09,0.0,0.0
2021-07-30_02h22m33s_C4H4N2O2_[M]-_-H2O_133,2021-07-30_02h22m33s,Uracil,C4H4N2O2,[M]-,-H2O,133,0.0,0.0,0.0,0.0,0.00015574591166981868,0.00024041351123933166,0.00010631323422577388,0.00010631323422577388,0.0,8,0.0,-0.00630970997735858,0.0,0.0,0.013380661606788635,0.0061529651284217834,0.00630970997735858,0.0,0.0,0.0,-2.636314277992824e-09,0.0,0.0,5.819123849448715e-09,2.5708233319932106e-09,2.636314277992824e-09,0.0,0.0
2021-07-30_02h22m33s_C4H4N2O2_[M]-__133,2021-07-30_02h22m33s,Uracil,C4H4N2O2,[M]-,,133,0.0,0.0,0.0,0.0,0.00020024474357548114,0.000330568577954081,0.00012403210659673618,0.00012403210659673618,0.0,10,0.0,-0.006597584113478661,0.0,0.0,0.02006203681230545,0.0064336881041526794,0.006597584113478661,0.0,0.0,0.0,-2.7297821780791764e-09,0.0,0.0,8.31240853926829e-09,2.661969311645862e-09,2.7297821780791764e-09,0.0,0.0
2021-07-30_02h22m33s_C7H16NO2_+Cl_-H2O_139,2021-07-30_02h22m33s,Acetylcholine,C7H16NO2,+Cl,-H2O,139,5.163289399480568,8.520409318062486,0.1751412429378531,0.1751412429378531,0.07078651685393259,0.1497175141242938,0.023920477700799123,0.023920477700799123,5.156283363246447,189,12.316694259643555,10.868040084838867,2180.054931640625,27.95918083190918,11.382988929748535,1.444551944732666,1.4486536979675293,8.496301066187076,1.0819313279071876,5.90395711697056e-06,5.239247457211604e-06,0.001045000390149653,1.380396952299634e-05,4.889383490080945e-06,6.633483167206577e-07,6.647097166023741e-07,0.005900035306174249,0.005875230860202273
2021-07-30_02h22m33s_C7H16NO2_+Cl_+HCl_139,2021-07-30_02h22m33s,Acetylcholine,C7H16NO2,+Cl,+HCl,139,1.0301174326024582,1.513986361843224,0.06779661016949153,0.06779661016949153,0.05693625542329514,0.05878110349801659,0.055814447968531286,0.055814447968531286,1.0354771089896806,189,5.225988864898682,1.7939002513885498,925.0,20.32079315185547,4.580412864685059,3.4508070945739746,3.432088613510132,1.5222411808227154,1.140693715945623,2.3101656552171335e-06,6.31897933089931e-07,0.0004088993009645492,9.025204235513229e-06,2.168011178582674e-06,1.686987275206775e-06,1.6782677221272024e-06,0.002306295074635671,0.0023051680251700533
2021-07-30_02h22m33s_C7H16NO2_+Cl_-H2_139,2021-07-30_02h22m33s,Acetylcholine,C7H16NO2,+Cl,-H2,139,2.3298499422825616,3.4942155867288114,0.22033898305084745,0.22033898305084745,0.11818889754143953,0.17466041591537446,0.08457217782660312,0.08457217782660312,2.3264661682740777,189,20.176271438598633,14.378986358642578,3571.2001953125,43.03044891357422,14.036063194274902,5.773191928863525,5.797285079956055,3.4796963516584367,1.437357028272669,9.701537237560842e-06,6.941286301298533e-06,0.001717172097414732,2.0592158762156032e-05,6.484683126473101e-06,2.74947842626716e-06,2.7602509362623096e-06,0.009674832272721881,0.009639031174746416
2021-07-30_02h22m33s_C7H16NO2_+Cl__139,2021-07-30_02h22m33s,Acetylcholine,C7H16NO2,+Cl,,139,1.9841680960074677,2.4220008360727667,0.12429378531073447,0.12429378531073447,0.08441428412504172,0.13808751051809112,0.05264276981412903,0.05264276981412903,1.99179130681971,189,8.481223106384277,4.993635177612305,1501.176513671875,23.28465461730957,10.999332427978516,3.5007424354553223,3.4875876903533936,2.431133701995357,0.770996982310546,3.925058990716934e-06,2.208699470429565e-06,0.0006947354413568974,1.0916586688836105e-05,4.939834980177693e-06,1.7210186342708766e-06,1.7163595202873694e-06,0.003918333721330665,0.0039057651553780384
2021-07-30_02h22m33s_C7H16NO2_-H_+HCl_139,2021-07-30_02h22m33s,Acetylcholine,C7H16NO2,-H,+HCl,139,1.9841680960074677,2.4220008360727667,0.12429378531073447,0.12429378531073447,0.08441428412504172,0.13808751051809112,0.05264276981412903,0.05264276981412903,1.99179130681971,189,8.481223106384277,4.993635177612305,1501.176513671875,23.28465461730957,10.999332427978516,3.5007424354553223,3.4875876903533936,2.431133701995357,0.770996982310546,3.925058990716934e-06,2.208699470429565e-06,0.0006947354413568974,1.0916586688836105e-05,4.939834980177693e-06,1.7210186342708766e-06,1.7163595202873694e-06,0.003918333721330665,0.0039057651553780384
2021-07-30_02h22m33s_C7H16NO2_-H__139,2021-07-30_02h22m33s,Acetylcholine,C7H16NO2,-H,,139,1.3841880807075564,1.6359963036232401,0.1016949152542373,0.1016949152542373,0.06473467571476249,0.06668469768000962,0.063469000832787,0.063469000832787,1.3848787313687136,189,7.144455432891846,2.781411647796631,1264.568603515625,21.626399993896484,4.563383102416992,4.366036415100098,4.363043785095215,1.6371181832072217,1.5652620020235855,2.7256969588052016e-06,1.0996590162903885e-06,0.00048244837671518326,8.235785571741872e-06,1.6902148445296916e-06,1.6267302953565377e-06,1.626037942514813e-06,0.002721272067172074,0.0027210977190470524
2021-07-30_02h22m33s_C7H16NO2_[M]-_+HCl_139,2021-07-30_02h22m33s,Acetylcholine,C7H16NO2,[M]-,+HCl,139,0.5666746772458525,0.6293976060494018,0.02824858757062147,0.02824858757062147,0.045477806207587054,0.05511479745161678,0.03984974396229424,0.03984974396229424,0.570444536279433,189,1.5441675186157227,-0.8912520408630371,273.3176574707031,9.114362716674805,4.745129108428955,2.4524054527282715,2.4354195594787598,0.633785553316637,0.32535303683023215,6.946652888473182e-07,-5.164999379303481e-07,0.00012295575288590044,4.134128175792284e-06,2.226423930551391e-06,1.2163808378318208e-06,1.2111652267776662e-06,0.0006938249521917529,0.0006931221052054945
2021-07-30_02h22m33s_C7H16NO2_+Cl_-CH2O2_139,2021-07-30_02h22m33s,Acetylcholine,C7H16NO2,+Cl,-CH2O2,139,2.735488574099256,17.1751639794327,0.03389830508474576,0.03389830508474576,0.017076426743797977,0.04189205433345354,0.002392047770079912,0.002392047770079912,2.7300698329391713,181,2.3981387615203857,2.258012294769287,424.4705810546875,13.087556838989258,2.801549196243286,0.138628289103508,0.14012645184993744,16.992836779247977,0.8556990773739146,9.957782367564505e-07,9.312985866927193e-07,0.0001762527390383184,5.4154288591234945e-06,1.1746703876269748e-06,6.371836036578316e-08,6.447964295830388e-08,0.0009957140334710837,0.0009946098979620737
2021-07-30_02h22m33s_C7H16NO2_[M]-_-H2O_139,2021-07-30_02h22m33s,Acetylcholine,C7H16NO2,[M]-,-H2O,139,0.0,0.0,0.0,0.0,0.0003337412392924686,0.000330568577954081,0.00033665857504828393,0.00033665857504828393,0.0,11,0.0,-0.018034227192401886,0.0,0.0,0.019150350242853165,0.01866665855050087,0.018034227192401886,0.0,0.0,0.0,-7.865005535734326e-09,0.0,0.0,7.81985409759045e-09,8.291311637265153e-09,7.865005535734326e-09,0.0,0.0
2021-07-30_02h22m33s_C7H16NO2_-H_-H2O_139,2021-07-30_02h22m33s,Acetylcholine,C7H16NO2,-H,-H2O,139,0.0,0.0,0.0,0.0,0.0002892424073868061,0.0003606202668589975,0.00024806421319347236,0.00024806421319347236,0.0,12,0.0,-0.014595916494727135,0.0,0.0,0.01994183100759983,0.01423332653939724,0.014595916494727135,0.0,0.0,0.0,-5.833047378445144e-09,0.0,0.0,7.877663854571892e-09,5.688143733806328e-09,5.833047378445144e-09,0.0,0.0
2021-07-30_02h22m33s_C7H16NO2_+Cl_+H2_139,2021-07-30_02h22m33s,Acetylcholine,C7H16NO2,+Cl,+H2,139,0.7613561662613569,1.071839740780626,0.04519774011299435,0.04519774011299435,0.05279786405606853,0.058660896742396926,0.049364778425501,0.049364778425501,0.7582903126552484,189,3.580458879470825,0.2279200553894043,633.7412109375,17.402597427368164,4.277637958526611,3.339479684829712,3.352538824081421,1.067665850104348,0.8368221182013234,1.5448622434632853e-06,-1.0186090548813809e-07,0.0002734406152740121,7.284591902134707e-06,1.9526803498592926e-06,1.6376048961319611e-06,1.6467231489514234e-06,0.0015423224653564349,0.0015418515003361778
2021-07-30_02h22m33s_C7H16NO2_-H_-NH3_139,2021-07-30_02h22m33s,Acetylcholine,C7H16NO2,-H,-NH3,139,0.0,0.0,0.0,0.0,0.0005006118589387028,0.0007813439115278278,0.00033665857504828393,0.00033665857504828393,0.0,25,0.0,-0.019727054983377457,0.0,0.0,0.044438786804676056,0.01923699863255024,0.019727054983377457,0.0,0.0,0.0,-9.04996522166357e-09,0.0,0.0,1.768322732687011e-08,8.825147723712234e-09,9.04996522166357e-09,0.0,0.0
2021-07-30_02h22m33s_C7H16NO2_[M]-_-H2_139,2021-07-30_02h22m33s,Acetylcholine,C7H16NO2,[M]-,-H2,139,0.0,0.0,0.0,0.0,0.0005896095227500278,0.000661137155908162,0.0005492850434998317,0.0005492850434998317,0.0,20,0.0,-0.03090795874595642,0.0,0.0,0.03605259954929352,0.03014015033841133,0.03090795874595642,0.0,0.0,0.0,-1.3137549714770103e-08,0.0,0.0,1.6512256451051144e-08,1.2811188554451292e-08,1.3137549714770103e-08,0.0,0.0
2021-07-30_02h22m33s_C7H16NO2_+Cl_-NH3_139,2021-07-30_02h22m33s,Acetylcholine,C7H16NO2,+Cl,-NH3,139,0.8976120187477126,0.9753846830988185,0.13559322033898305,0.13559322033898305,0.12975859383691177,0.11056016348118765,0.14105994294523097,0.14105994294523097,0.9009970456882325,189,9.696643829345703,-0.19331073760986328,1716.305908203125,25.417177200317383,7.712067127227783,9.940353393554688,9.889954566955566,0.9803547032498733,1.2571709372417783,4.711899691756116e-06,1.541338860988617e-07,0.0008340062340721488,1.2672915545408614e-05,3.5981336168333655e-06,4.5802635213476606e-06,4.5577658056572545e-06,0.004690521393737037,0.004695006431284463
2021-07-30_02h22m33s_C7H16NO2_[M]-_-NH3_139,2021-07-30_02h22m33s,Acetylcholine,C7H16NO2,[M]-,-NH3,139,0.0,0.0,0.0,0.0,0.003426410056736011,0.002854910445967063,0.0037741198150149724,0.0037741198150149724,0.0,72,0.0,-0.22016257047653198,0.0,0.0,0.16620881855487823,0.2196650356054306,0.22016257047653198,0.0,0.0,0.0,-1.0839595177003503e-07,0.0,0.0,7.691292580602749e-08,1.0789482018935814e-07,1.0839595177003503e-07,0.0,0.0
2021-07-30_02h22m33s_C7H16NO2_+Cl_-CO2_139,2021-07-30_02h22m33s,Acetylcholine,C7H16NO2,+Cl,-CO2,139,0.4843068598882585,4.495749953018822,0.005649717514124294,0.005649717514124294,0.003826899543886973,0.007482870537324197,0.0016655740028704573,0.0016655740028704573,0.4840541813494676,132,0.4325246512889862,0.33684900403022766,76.5568618774414,5.7380876541137695,0.47294676303863525,0.09520745277404785,0.09567565470933914,4.473976955102049,0.9126017625184785,2.057405481536989e-07,1.616105151924785e-07,3.641607690951787e-05,2.729456809902331e-06,2.001221872660608e-07,4.380987306262796e-08,4.41300365139341e-08,0.00020573146921645032,0.00020569938314322502
2021-07-30_02h22m33s_C7H16NO2_[M]-__139,2021-07-30_02h22m33s,Acetylcholine,C7H16NO2,[M]-,,139,0.0,0.0,0.0,0.0,0.0008121036822783402,0.001051809111672076,0.0006733171500965679,0.0006733171500965679,0.0,24,0.0,-0.038834184408187866,0.0,0.0,0.06118052080273628,0.037869468331336975,0.038834184408187866,0.0,0.0,0.0,-1.7029265109158587e-08,0.0,0.0,2.615350602752642e-08,1.6606229280569096e-08,1.7029265109158587e-08,0.0,0.0
2021-07-30_02h22m33s_C7H16NO2_+Cl_+C12H14N2_139,2021-07-30_02h22m33s,Acetylcholine,C7H16NO2,+Cl,+C12H14N2,139,0.39395221881788645,1.3076172119919471,0.005649717514124294,0.005649717514124294,0.004427633774613416,0.0045678567135473015,0.0043411237308857665,0.0043411237308857665,0.393909170063762,92,0.484103262424469,0.11609145998954773,85.686279296875,6.422356128692627,0.46919524669647217,0.3692178726196289,0.36801180243492126,1.311890999773226,1.029579235063971,2.1640678937728808e-07,1.138536731559725e-08,3.830400237347931e-05,2.870960543077672e-06,2.415662549992703e-07,2.05464857572224e-07,2.0502142206169083e-07,0.00021636243044411769,0.00021635452542482906
2021-07-30_02h22m33s_C7H16NO2_[M]-_+H2_139,2021-07-30_02h22m33s,Acetylcholine,C7H16NO2,[M]-,+H2,139,0.0,0.0,0.0,0.0,0.0006229836466792747,0.0006911888448130785,0.0005847227882417563,0.0005847227882417563,0.0,18,0.0,-0.032075416296720505,0.0,0.0,0.03907426446676254,0.03317973390221596,0.032075416296720505,0.0,0.0,0.0,-1.453476983215296e-08,0.0,0.0,1.575531349828907e-08,1.494391632661518e-08,1.453476983215296e-08,0.0,0.0
2021-07-30_02h22m33s_C7H16NO2_[M]-_+C12H14N2_139,2021-07-30_02h22m33s,Acetylcholine,C7H16NO2,[M]-,+C12H14N2,139,0.0,0.0,0.0,0.0,0.00036711536322171545,0.0004207236446688304,0.00033665857504828393,0.00033665857504828393,0.0,14,0.0,-0.019316192716360092,0.0,0.0,0.02326142229139805,0.01883634179830551,0.019316192716360092,0.0,0.0,0.0,-9.268974920928486e-09,0.0,0.0,1.0260743366075076e-08,9.038716441978067e-09,9.268974920928486e-09,0.0,0.0
2021-07-30_02h22m33s_C7H16NO2_-H_+C12H14N2_139,2021-07-30_02h22m33s,Acetylcholine,C7H16NO2,-H,+C12H14N2,139,0.46727304445481593,2.8113883140240294,0.005649717514124294,0.005649717514124294,0.0023918122149293583,0.00288496213487198,0.002090826939773553,0.002090826939773553,0.4659207363300075,71,0.3338872492313385,0.21419870853424072,59.09804153442383,4.4295148849487305,0.16764363646507263,0.11776240915060043,0.11968853324651718,2.7665200682267286,1.979839003889655,1.9654149241432606e-07,1.407236993600236e-07,3.478784492472187e-05,2.607417627586983e-06,7.54378248757348e-08,5.48384875287411e-08,5.5817796607016135e-08,0.0001965305225135933,0.0001965266668700473
2021-07-30_02h22m33s_C7H16NO2_[M]-_-CH2O2_139,2021-07-30_02h22m33s,Acetylcholine,C7H16NO2,[M]-,-CH2O2,139,0.0,0.0,0.0,0.0,0.00013349649571698743,9.015506671474937e-05,0.0001594698513386608,0.0001594698513386608,0.0,3,0.0,-0.00797154102474451,0.0,0.0,0.004804498981684446,0.008836367167532444,0.00797154102474451,0.0,0.0,0.0,-4.48557591070653e-09,0.0,0.0,2.2093644691523195e-09,4.843297762846532e-09,4.48557591070653e-09,0.0,0.0
2021-07-30_02h22m33s_C7H16NO2_-H_-CO2_139,2021-07-30_02h22m33s,Acetylcholine,C7H16NO2,-H,-CO2,139,0.0,0.0,0.0,0.0,0.00022249415952831238,0.00024041351123933166,0.00021262646845154776,0.00021262646845154776,0.0,8,0.0,-0.011866387911140919,0.0,0.0,0.012998593971133232,0.011571604758501053,0.011866387911140919,0.0,0.0,0.0,-5.2037760767120744e-09,0.0,0.0,5.905029354380531e-09,5.07450437225998e-09,5.2037760767120744e-09,0.0,0.0
2021-07-30_02h22m33s_C7H16NO2_-H_+H2_139,2021-07-30_02h22m33s,Acetylcholine,C7H16NO2,-H,+H2,139,0.7224682545025133,0.9088885984003692,0.03954802259887006,0.03954802259887006,0.045700300367115365,0.04736146171414834,0.04474015273667984,0.04474015273667984,0.7242169543410298,188,2.611454486846924,-0.25401949882507324,462.2274475097656,13.110477447509766,3.038491725921631,2.872239351272583,2.865473985671997,0.9110337299065744,0.8591747312801393,8.737911798561981e-07,-1.973409666788939e-07,0.0001546610437799245,4.387265107652638e-06,1.1260168548687943e-06,1.0737195452747983e-06,1.071132146535092e-06,0.0008728562354830686,0.0008728083829059752
2021-07-30_02h22m33s_C4H7N3O_[M]-__146,2021-07-30_02h22m33s,Creatinine,C4H7N3O,[M]-,,146,1.0413740298990244,13.464025318861783,0.011299435028248588,0.011299435028248588,0.003737901880075648,0.008594783026806106,0.000850505873806191,0.000850505873806191,1.0410400867394691,137,0.6459510326385498,0.5987322926521301,114.33333587646484,6.04612398147583,0.5542324781417847,0.04697607085108757,0.047218721359968185,13.396270461348792,1.163388414885916,2.703990560348757e-07,2.488369261754997e-07,4.786063072970137e-05,2.551836587372236e-06,2.3726173026261677e-07,2.155493028510591e-08,2.156213163573284e-08,0.00027039322578054797,0.0002703349159049777
2021-07-30_02h22m33s_C4H7N3O_[M]-_+C12H14N2_146,2021-07-30_02h22m33s,Creatinine,C4H7N3O,[M]-,+C12H14N2,146,0.9425882785689493,1.3053940347772959,0.02824858757062147,0.02824858757062147,0.02120369340304817,0.023260007212405336,0.019969169162074526,0.019969169162074526,0.943745911966251,186,1.5548689365386963,0.3666001558303833,275.2117919921875,9.165619850158691,1.4148483276367188,1.1901108026504517,1.188268780708313,1.3074159195641517,1.0981889134509384,9.356616601507994e-07,3.624680289249227e-07,0.00016561211668886244,5.548890385398408e-06,6.803014684919617e-07,5.749828346779395e-07,5.731936312258767e-07,0.0009351256520826297,0.0009350255608886494
2021-07-30_02h22m33s_C4H7N3O_-H_+C12H14N2_146,2021-07-30_02h22m33s,Creatinine,C4H7N3O,-H,+C12H14N2,146,2.0770263821596227,2.452571546512246,0.14689265536723164,0.14689265536723164,0.06406719323617754,0.06929919461473735,0.06072257561528784,0.06072257561528784,2.069014419145142,189,9.766301155090332,5.764672756195068,1728.63525390625,24.69786262512207,4.5814642906188965,3.9810657501220703,4.001628398895264,2.4399719838558727,2.1312334446519645,5.128370503371116e-06,3.221318593205069e-06,0.0009077215800061822,1.3180565474613104e-05,2.1852172267244896e-06,1.8983145082529518e-06,1.9070519101660466e-06,0.00511860905020453,0.0051171883352684935
2021-07-30_02h22m33s_C4H7N3O_[M]-_-H2_146,2021-07-30_02h22m33s,Creatinine,C4H7N3O,[M]-,-H2,146,0.6845426208047248,1.2554089409696483,0.01694915254237288,0.01694915254237288,0.025130715318722883,0.042763553311696116,0.014759820685011606,0.014759820685011606,0.6817018615876187,188,1.1183781623840332,0.22313904762268066,197.95294189453125,8.961121559143066,2.727351427078247,0.8898476958274841,0.8952391147613525,1.2478568988610044,0.40990986398760537,3.919418531950214e-07,-3.0694593533553416e-08,6.9373709266074e-05,3.098498837061925e-06,1.1843850415971247e-06,4.2086389839823823e-07,4.226364467285748e-07,0.0003917762742625545,0.0003914781922799735
2021-07-30_02h22m33s_C4H7N3O_+Cl_+H2_146,2021-07-30_02h22m33s,Creatinine,C4H7N3O,+Cl,+H2,146,0.0,0.0,0.0,0.0,0.004928245633552119,0.006731578314701286,0.0038804330492407464,0.0038804330492407464,0.0,2,0.0,-0.5845751166343689,0.0,0.0,12.878653526306152,0.5722903609275818,0.5845751166343689,0.0,0.0,0.0,-2.796021192352782e-07,0.0,0.0,5.663072897732491e-06,2.739369335813535e-07,2.796021192352782e-07,0.0,0.0
2021-07-30_02h22m33s_C4H7N3O_+Cl_+HCl_146,2021-07-30_02h22m33s,Creatinine,C4H7N3O,+Cl,+HCl,146,1.1892031304423316,4.440098231302643,0.01694915254237288,0.01694915254237288,0.0051618645010568474,0.006641423247986537,0.004252529369030955,0.004252529369030955,1.1907852830397696,117,1.1025590896606445,0.8573408126831055,195.1529541015625,8.650311470031738,0.4122125506401062,0.24731862545013428,0.24521830677986145,4.4779736489960476,2.66826137771632,3.973762545683712e-07,2.8638618232434965e-07,7.033559813862666e-05,3.076344455621438e-06,1.805535276844239e-07,1.1223991691622359e-07,1.1099006513859422e-07,0.00039733215464664534,0.00039730451983574993
2021-07-30_02h22m33s_C4H7N3O_+Cl__146,2021-07-30_02h22m33s,Creatinine,C4H7N3O,+Cl,,146,0.7271012339743099,0.8337343106266722,0.07909604519774012,0.07909604519774012,0.08829680720881077,0.07056136554874384,0.09878271346811489,0.09878271346811489,0.7209126225502993,188,5.59521484375,-1.1820297241210938,990.35302734375,19.78264808654785,4.7099127769470215,6.710028648376465,6.777244567871094,0.8254666510959696,1.18771352998305,2.994773922182503e-06,-2.85623173112981e-07,0.0005300749908201396,1.0751654372143093e-05,2.3082645839167526e-06,3.2500472570973216e-06,3.280397095295484e-06,0.002984981995913599,0.0029878771112654733
2021-07-30_02h22m33s_C4H7N3O_-H_+HCl_146,2021-07-30_02h22m33s,Creatinine,C4H7N3O,-H,+HCl,146,0.7271012339743099,0.8337343106266722,0.07909604519774012,0.07909604519774012,0.08829680720881077,0.07056136554874384,0.09878271346811489,0.09878271346811489,0.7209126225502993,188,5.59521484375,-1.1820297241210938,990.35302734375,19.78264808654785,4.7099127769470215,6.710028648376465,6.777244567871094,0.8254666510959696,1.18771352998305,2.994773922182503e-06,-2.85623173112981e-07,0.0005300749908201396,1.0751654372143093e-05,2.3082645839167526e-06,3.2500472570973216e-06,3.280397095295484e-06,0.002984981995913599,0.0029878771112654733
2021-07-30_02h22m33s_C4H7N3O_+Cl_+C12H14N2_146,2021-07-30_02h22m33s,Creatinine,C4H7N3O,+Cl,+C12H14N2,146,1.1572644123596985,1.2331951907165686,0.0903954802259887,0.0903954802259887,0.07519190121259317,0.08711984613535281,0.06811134539397913,0.06811134539397913,1.1584975758244567,189,12.420605659484863,2.378946304321289,2198.447265625,41.415069580078125,12.519947052001953,10.070889472961426,10.041659355163574,1.236784522926055,0.9919861179749142,6.095180651755072e-06,1.2647897165152244e-06,0.001078846980817616,2.0618230337277055e-05,5.8246082517143805e-06,4.842794623982627e-06,4.830390935239848e-06,0.0060658800796043,0.006059884200237933
2021-07-30_02h22m33s_C4H7N3O_+Cl_-H2_146,2021-07-30_02h22m33s,Creatinine,C4H7N3O,+Cl,-H2,146,1.3561100160680184,10.224895527810464,0.01694915254237288,0.01694915254237288,0.0032484147291133606,0.004447649957927635,0.002498361004305686,0.002498361004305686,1.3690465529559028,99,1.4851444959640503,1.3470600843429565,262.8705749511719,12.566590309143066,0.26947349309921265,0.1442478895187378,0.13808439671993256,10.678009402842024,5.49090588858289,6.164627848193049e-07,5.560007707572368e-07,0.00010911391291301697,4.978157448931597e-06,1.1469891347815064e-07,6.359426407698265e-08,6.046202827292291e-08,0.0006164255144824202,0.0006163920853168426
2021-07-30_02h22m33s_C4H7N3O_+Cl_-H2O_146,2021-07-30_02h22m33s,Creatinine,C4H7N3O,+Cl,-H2O,146,0.0,0.0,0.0,0.0,0.00215819334742463,0.0037264094242096405,0.0012403210659673617,0.0012403210659673617,0.0,84,0.0,-0.06919678300619125,0.0,0.0,0.2205822467803955,0.07029348611831665,0.06919678300619125,0.0,0.0,0.0,-3.1002240774569145e-08,0.0,0.0,9.838758785463142e-08,3.141027349329306e-08,3.1002240774569145e-08,0.0,0.0
2021-07-30_02h22m33s_C4H7N3O_[M]-_-H2O_146,2021-07-30_02h22m33s,Creatinine,C4H7N3O,[M]-,-H2O,146,0.0,0.0,0.0,0.0,0.00011124707976415619,9.015506671474937e-05,0.00012403210659673618,0.00012403210659673618,0.0,3,0.0,-0.00681892316788435,0.0,0.0,0.004811570048332214,0.006649649236351252,0.00681892316788435,0.0,0.0,0.0,-2.823413058905544e-09,0.0,0.0,1.920801295796082e-09,2.753324457316353e-09,2.823413058905544e-09,0.0,0.0
2021-07-30_02h22m33s_C4H7N3O_-H_-H2_146,2021-07-30_02h22m33s,Creatinine,C4H7N3O,-H,-H2,146,1.7080745435606073,5.193752551528125,0.02824858757062147,0.02824858757062147,0.007876293247302258,0.010037264094242096,0.006538263904885093,0.006538263904885093,1.7077741393918047,153,4.595679759979248,3.7100465297698975,813.435302734375,27.648441314697266,1.3269233703613281,0.8838476538658142,0.8856331706047058,5.183293285592824,3.4608019276961466,2.0545196548482636e-06,1.6026915545808151e-06,0.0003636499750427902,1.2641845387406647e-05,6.277204533944314e-07,4.5101688783688587e-07,4.5182810026744846e-07,0.002053591784373605,0.0020532307998796396
2021-07-30_02h22m33s_C4H7N3O_-H_-NH3_146,2021-07-30_02h22m33s,Creatinine,C4H7N3O,-H,-NH3,146,0.0,0.0,0.0,0.0,0.0001223717877405718,6.0103377809832915e-05,0.0001594698513386608,0.0001594698513386608,0.0,2,0.0,-0.008787688799202442,0.0,0.0,0.0035449208226054907,0.00856954138725996,0.008787688799202442,0.0,0.0,0.0,-3.3331728488406043e-09,0.0,0.0,1.3560468303808193e-09,3.250429481127526e-09,3.3331728488406043e-09,0.0,0.0
2021-07-30_02h22m33s_C4H7N3O_[M]-_-NH3_146,2021-07-30_02h22m33s,Creatinine,C4H7N3O,[M]-,-NH3,146,0.0,0.0,0.0,0.0,0.00011124707976415619,6.0103377809832915e-05,0.0001417509789676985,0.0001417509789676985,0.0,2,0.0,-0.007877196185290813,0.0,0.0,0.0037257024087011814,0.007681651972234249,0.007877196185290813,0.0,0.0,0.0,-3.2737281774330995e-09,0.0,0.0,1.3529338760420728e-09,3.1924607402089578e-09,3.2737281774330995e-09,0.0,0.0
2021-07-30_02h22m33s_C4H7N3O_-H_+H2_146,2021-07-30_02h22m33s,Creatinine,C4H7N3O,-H,+H2,146,0.0,0.0,0.0,0.0,0.0003559906552452998,0.0005108787113835797,0.0002657830855644347,0.0002657830855644347,0.0,16,0.0,-0.014737519435584545,0.0,0.0,0.02829902619123459,0.014371673576533794,0.014737519435584545,0.0,0.0,0.0,-5.897580201974506e-09,0.0,0.0,1.3189195513518825e-08,5.751177756252446e-09,5.897580201974506e-09,0.0,0.0
2021-07-30_02h22m33s_C4H7N3O_[M]-_+HCl_146,2021-07-30_02h22m33s,Creatinine,C4H7N3O,[M]-,+HCl,146,0.6897988374679332,0.7676065573792765,0.07909604519774012,0.07909604519774012,0.09697407943041496,0.08402452217814642,0.10466537909527437,0.10466537909527437,0.6862498649773662,189,7.4138922691345215,-2.3061537742614746,1312.2589111328125,28.09396743774414,7.063806533813477,9.657453536987305,9.720046043395996,0.7626640421244747,1.0494119313317718,4.0722734411247075e-06,-4.7322328100563027e-07,0.0007207923918031156,1.683991649770178e-05,3.278967824371648e-06,4.521300525084371e-06,4.545496722130338e-06,0.004053846694263912,0.0040589642280207516
2021-07-30_02h22m33s_C4H7N3O_-H_-H2O_146,2021-07-30_02h22m33s,Creatinine,C4H7N3O,-H,-H2O,146,0.0,0.0,0.0,0.0,0.00013349649571698743,6.0103377809832915e-05,0.00017718872370962313,0.00017718872370962313,0.0,2,0.0,-0.010315814055502415,0.0,0.0,0.0031331537757068872,0.01005973294377327,0.010315814055502415,0.0,0.0,0.0,-4.19552170782822e-09,0.0,0.0,9.663677635884937e-10,4.0913712417989245e-09,4.19552170782822e-09,0.0,0.0
2021-07-30_02h22m33s_C10H26N4_+Cl_+H2_115,2021-07-30_02h22m33s,Spermine,C10H26N4,+Cl,+H2,115,0.0,0.0,0.0,0.0,0.002358438091000111,0.0038466161798293066,0.0014883852791608343,0.0014883852791608343,0.0,49,0.0,-0.08419426530599594,0.0,0.0,0.26955634355545044,0.08421454578638077,0.08419426530599594,0.0,0.0,0.0,-4.123893759810926e-08,0.0,0.0,1.0847459464002895e-07,4.0945582924223345e-08,4.123893759810926e-08,0.0,0.0
2021-07-30_02h22m33s_C10H26N4_-H_+HCl_115,2021-07-30_02h22m33s,Spermine,C10H26N4,-H,+HCl,115,0.0,0.0,0.0,0.0,0.0019801980198019802,0.003666306046399808,0.0009922568527738894,0.0009922568527738894,0.0,33,0.0,-0.0541270487010479,0.0,0.0,0.30503031611442566,0.05571375787258148,0.0541270487010479,0.0,0.0,0.0,-2.6698794286517114e-08,0.0,0.0,1.2485789113725332e-07,2.753172978486873e-08,2.6698794286517114e-08,0.0,0.0
2021-07-30_02h22m33s_C10H26N4_+Cl__115,2021-07-30_02h22m33s,Spermine,C10H26N4,+Cl,,115,0.0,0.0,0.0,0.0,0.0019801980198019802,0.003666306046399808,0.0009922568527738894,0.0009922568527738894,0.0,33,0.0,-0.0541270487010479,0.0,0.0,0.30503031611442566,0.05571375787258148,0.0541270487010479,0.0,0.0,0.0,-2.6698794286517114e-08,0.0,0.0,1.2485789113725332e-07,2.753172978486873e-08,2.6698794286517114e-08,0.0,0.0
2021-07-30_02h22m33s_C10H26N4_+Cl_+HCl_115,2021-07-30_02h22m33s,Spermine,C10H26N4,+Cl,+HCl,115,1.8262703572297365,9.248085055568152,0.022598870056497175,0.022598870056497175,0.0033930359328067637,0.005018632047121048,0.00237432889770895,0.00237432889770895,1.8334618022544735,74,1.2478564977645874,1.1167986392974854,220.87060546875,8.263998031616211,0.4076288640499115,0.13393133878707886,0.13105784356594086,9.449317541986753,3.0537649381815806,4.6654122343170457e-07,4.011860141872603e-07,8.257779700215906e-05,3.1063725600688485e-06,1.8352281472289178e-07,6.66951791572501e-08,6.535522345529898e-08,0.0004665107345184058,0.0004664556181837122
2021-07-30_02h22m33s_C10H26N4_-H_+C12H14N2_115,2021-07-30_02h22m33s,Spermine,C10H26N4,-H,+C12H14N2,115,0.0,0.0,0.0,0.0,6.674824785849372e-05,6.0103377809832915e-05,7.087548948384925e-05,7.087548948384925e-05,0.0,2,0.0,-0.004110325593501329,0.0,0.0,0.003098152345046401,0.004008217249065638,0.004110325593501329,0.0,0.0,0.0,-2.1491912693960558e-09,0.0,0.0,1.2918404124206972e-09,2.0958015323202517e-09,2.1491912693960558e-09,0.0,0.0
2021-07-30_02h22m33s_C10H26N4_[M]-_-NH3_115,2021-07-30_02h22m33s,Spermine,C10H26N4,[M]-,-NH3,115,0.0,0.0,0.0,0.0,0.0008232283902547558,0.000991705733862243,0.0007264737672094548,0.0007264737672094548,0.0,25,0.0,-0.038160957396030426,0.0,0.0,0.06313259154558182,0.04022642970085144,0.038160957396030426,0.0,0.0,0.0,-1.805309679525635e-08,0.0,0.0,2.7933664270562986e-08,1.8862968076405195e-08,1.805309679525635e-08,0.0,0.0
2021-07-30_02h22m33s_C10H26N4_+Cl_-NH3_115,2021-07-30_02h22m33s,Spermine,C10H26N4,+Cl,-NH3,115,0.5258391862140818,6.54508313072019,0.005649717514124294,0.005649717514124294,0.0007453554344198465,0.000721240533717995,0.0007441926395804171,0.0007441926395804171,0.5266912905731015,24,0.2828846871852875,0.24155399203300476,50.07059097290039,3.752889633178711,0.03921191394329071,0.04222094640135765,0.04133070260286331,6.682730731857797,7.034847622130811,1.2020025508263643e-07,1.0288515994716363e-07,2.12754457606934e-05,1.5946366147545632e-06,1.808257188429252e-08,1.772309410341677e-08,1.7315095135472802e-08,0.00012019817383982129,0.00012019808159218569
2021-07-30_02h22m33s_C10H26N4_[M]-_+H2_115,2021-07-30_02h22m33s,Spermine,C10H26N4,[M]-,+H2,115,0.0,0.0,0.0,0.0,0.00020024474357548114,0.00030051688904916455,0.0001417509789676985,0.0001417509789676985,0.0,10,0.0,-0.008279936388134956,0.0,0.0,0.0170599315315485,0.008074247278273106,0.008279936388134956,0.0,0.0,0.0,-4.183625890163967e-09,0.0,0.0,6.733061663766193e-09,4.079696580561176e-09,4.183625890163967e-09,0.0,0.0
2021-07-30_02h22m33s_C10H26N4_[M]-__115,2021-07-30_02h22m33s,Spermine,C10H26N4,[M]-,,115,0.0,0.0,0.0,0.0,0.0002892424073868061,0.00015025844452458227,0.00037209631979020857,0.00037209631979020857,0.0,5,0.0,-0.01978883147239685,0.0,0.0,0.008456544950604439,0.02025628462433815,0.01978883147239685,0.0,0.0,0.0,-8.68918093033244e-09,0.0,0.0,3.437796936012205e-09,8.912746984890418e-09,8.68918093033244e-09,0.0,0.0
2021-07-30_02h22m33s_C10H26N4_-H_-NH3_115,2021-07-30_02h22m33s,Spermine,C10H26N4,-H,-NH3,115,0.0,0.0,0.0,0.0,0.0002892424073868061,0.00027046520014424813,0.0003012208303063593,0.0003012208303063593,0.0,9,0.0,-0.016500016674399376,0.0,0.0,0.014741826802492142,0.01697537489235401,0.016500016674399376,0.0,0.0,0.0,-8.690767216990025e-09,0.0,0.0,6.845229716390122e-09,8.855629118897923e-09,8.690767216990025e-09,0.0,0.0
2021-07-30_02h22m33s_C10H26N4_-H_-H2_115,2021-07-30_02h22m33s,Spermine,C10H26N4,-H,-H2,115,0.0,0.0,0.0,0.0,0.0004116141951273779,0.0004207236446688304,0.0004075340645321332,0.0004075340645321332,0.0,14,0.0,-0.02243741601705551,0.0,0.0,0.02326955273747444,0.02280259318649769,0.02243741601705551,0.0,0.0,0.0,-9.377951748490432e-09,0.0,0.0,9.244309318034993e-09,9.429635738911202e-09,9.377951748490432e-09,0.0,0.0
2021-07-30_02h22m33s_C10H26N4_[M]-_+HCl_115,2021-07-30_02h22m33s,Spermine,C10H26N4,[M]-,+HCl,115,0.0,0.0,0.0,0.0,0.00038936477917454667,0.0006310854670032456,0.00024806421319347236,0.00024806421319347236,0.0,17,0.0,-0.014759236015379429,0.0,0.0,0.034837570041418076,0.014392589218914509,0.014759236015379429,0.0,0.0,0.0,-6.919287365292348e-09,0.0,0.0,1.5313206702671778e-08,6.7473995279954124e-09,6.919287365292348e-09,0.0,0.0
2021-07-30_02h22m33s_C10H26N4_-H__115,2021-07-30_02h22m33s,Spermine,C10H26N4,-H,,115,0.0,0.0,0.0,0.0,0.00014462120369340304,0.00018031013342949875,0.00012403210659673618,0.00012403210659673618,0.0,6,0.0,-0.006857668049633503,0.0,0.0,0.01020343229174614,0.00668731052428484,0.006857668049633503,0.0,0.0,0.0,-3.291817041173317e-09,0.0,0.0,5.3863846716240005e-09,3.210041565893107e-09,3.291817041173317e-09,0.0,0.0
2021-07-30_02h22m33s_C10H26N4_+Cl_-H2_115,2021-07-30_02h22m33s,Spermine,C10H26N4,+Cl,-H2,115,0.0,0.0,0.0,0.0,0.0014350873289576149,0.0014725327563409063,0.001417509789676985,0.001417509789676985,0.0,40,0.0,-0.08078781515359879,0.0,0.0,0.0874904915690422,0.07993505150079727,0.08078781515359879,0.0,0.0,0.0,-3.995939223955247e-08,0.0,0.0,4.023019073429168e-08,3.935739556482076e-08,3.995939223955247e-08,0.0,0.0
2021-07-30_02h22m33s_C10H26N4_[M]-_-H2_115,2021-07-30_02h22m33s,Spermine,C10H26N4,[M]-,-H2,115,0.0,0.0,0.0,0.0,0.00036711536322171545,0.00045077533357374685,0.0003189397026773216,0.0003189397026773216,0.0,15,0.0,-0.017002228647470474,0.0,0.0,0.025557368993759155,0.017500409856438637,0.017002228647470474,0.0,0.0,0.0,-7.034163473917943e-09,0.0,0.0,1.0612651202279721e-08,7.218559527899515e-09,7.034163473917943e-09,0.0,0.0
2021-07-30_02h22m33s_C5H11NO2_[M]-_+C12H14N2_145,2021-07-30_02h22m33s,Valine,C5H11NO2,[M]-,+C12H14N2,145,1.2108854081579752,1.5199839450161896,0.3220338983050847,0.3220338983050847,0.25510067860718655,0.2533056857795408,0.2559491113985506,0.2559491113985506,1.221972827753189,189,41.105838775634766,14.361783981323242,7275.7333984375,67.56703186035156,28.92974853515625,27.042600631713867,26.744054794311523,1.5369510024102726,1.4208356457035154,2.0106359443161637e-05,7.402522896882147e-06,0.0035588257014751434,3.242967795813456e-05,1.3601197679236066e-05,1.2858549780503381e-05,1.270383654627949e-05,0.019854135747853264,0.01983655848986525
2021-07-30_02h22m33s_C5H11NO2_+Cl_+H2_145,2021-07-30_02h22m33s,Valine,C5H11NO2,+Cl,+H2,145,0.8694173494096477,0.675734073424816,0.5423728813559322,0.5423728813559322,0.6290354878184448,0.6552770765717033,0.6138348955472474,0.6138348955472474,0.8666064634471317,188,48.83327865600586,-24.158832550048828,8643.490234375,50.08232879638672,81.55502319335938,72.26600646972656,72.99211120605469,0.6690121553820711,0.5987697381985891,2.481167030055076e-05,-9.148749086307362e-06,0.004391665570437908,2.6424000679980963e-05,3.827119871857576e-05,3.368271791259758e-05,3.396041938685812e-05,0.023996731243604238,0.023897099651009373
2021-07-30_02h22m33s_C5H11NO2_-H_+C12H14N2_145,2021-07-30_02h22m33s,Valine,C5H11NO2,-H,+C12H14N2,145,3.3747701761683015,28.28790294969659,0.03954802259887006,0.03954802259887006,0.0023918122149293583,0.0033357374684457267,0.0017187306199833443,0.0017187306199833443,3.3909104895731375,53,2.725224494934082,2.632687568664551,482.3647155761719,14.040401458740234,0.22096523642539978,0.0953388661146164,0.0925370454788208,29.135242416344475,12.277708612492578,1.4570000530511606e-06,1.4108828736425494e-06,0.0002578890125732869,7.934442692203447e-06,1.0208179901383119e-07,4.738983605534486e-08,4.611719361946598e-08,0.0014569328633962089,0.0014568513350459835
2021-07-30_02h22m33s_C5H11NO2_+Cl__145,2021-07-30_02h22m33s,Valine,C5H11NO2,+Cl,,145,1.1016082528073288,1.2295451015955523,0.3615819209039548,0.3615819209039548,0.331049059962176,0.3526265176102897,0.3182309477824831,0.3182309477824831,1.105809120756701,189,31.30169677734375,5.994091033935547,5540.400390625,44.735595703125,29.193805694580078,25.45694923400879,25.307605743408203,1.2368005213205586,1.0721666417240383,1.6212185073527507e-05,3.965370524383616e-06,0.0028695566579699516,2.402537575107999e-05,1.3819788364344276e-05,1.233069815498311e-05,1.2246814549143892e-05,0.016016039606653085,0.015991190209143174
2021-07-30_02h22m33s_C5H11NO2_-H_+HCl_145,2021-07-30_02h22m33s,Valine,C5H11NO2,-H,+HCl,145,1.1016082528073288,1.2295451015955523,0.3615819209039548,0.3615819209039548,0.331049059962176,0.3526265176102897,0.3182309477824831,0.3182309477824831,1.105809120756701,189,31.30169677734375,5.994091033935547,5540.400390625,44.735595703125,29.193805694580078,25.45694923400879,25.307605743408203,1.2368005213205586,1.0721666417240383,1.6212185073527507e-05,3.965370524383616e-06,0.0028695566579699516,2.402537575107999e-05,1.3819788364344276e-05,1.233069815498311e-05,1.2246814549143892e-05,0.016016039606653085,0.015991190209143174
2021-07-30_02h22m33s_C5H11NO2_[M]-_+HCl_145,2021-07-30_02h22m33s,Valine,C5H11NO2,[M]-,+HCl,145,1.4236505951571952,1.7070329699339348,0.2937853107344633,0.2937853107344633,0.22326176437868506,0.2685118403654285,0.19636054361500435,0.19636054361500435,1.4262070624962342,189,25.30940818786621,10.521340370178223,4479.76513671875,42.36948776245117,22.9664306640625,14.825549125671387,14.788067817687988,1.711359262116285,1.1019695044717492,1.3129575563652907e-05,5.88350940233795e-06,0.0023239348083734512,2.258214954053983e-05,1.086420252249809e-05,7.268724857567577e-06,7.246066161314957e-06,0.013035122205729366,0.012988466236008285
2021-07-30_02h22m33s_C5H11NO2_+Cl_-CH2O2_145,2021-07-30_02h22m33s,Valine,C5H11NO2,+Cl,-CH2O2,145,0.0,0.0,0.0,0.0,0.00010012237178774057,9.015506671474937e-05,0.00010631323422577388,0.00010631323422577388,0.0,3,0.0,-0.006295348983258009,0.0,0.0,0.005382433999329805,0.006104046478867531,0.006295348983258009,0.0,0.0,0.0,-2.6902597927147553e-09,0.0,0.0,1.9056847211373906e-09,2.608508520296482e-09,2.6902597927147553e-09,0.0,0.0
2021-07-30_02h22m33s_C5H11NO2_-H_-CO2_145,2021-07-30_02h22m33s,Valine,C5H11NO2,-H,-CO2,145,0.0,0.0,0.0,0.0,5.5623539882078096e-05,3.0051688904916458e-05,7.087548948384925e-05,7.087548948384925e-05,0.0,1,0.0,-0.003807480214163661,0.0,0.0,0.001503762905485928,0.0036917789839208126,0.003807480214163661,0.0,0.0,0.0,-1.7586798684021687e-09,0.0,0.0,7.294433945759238e-10,1.705237395732695e-09,1.7586798684021687e-09,0.0,0.0
2021-07-30_02h22m33s_C5H11NO2_+Cl_-CO2_145,2021-07-30_02h22m33s,Valine,C5H11NO2,+Cl,-CO2,145,0.0,0.0,0.0,0.0,0.002425186338858605,0.0022839283567736507,0.0025160798766766484,0.0025160798766766484,0.0,60,0.0,-0.15023574233055115,0.0,0.0,0.13710995018482208,0.1486494541168213,0.15023574233055115,0.0,0.0,0.0,-6.814538267008174e-08,0.0,0.0,6.430813925817347e-08,6.738042657161714e-08,6.814538267008174e-08,0.0,0.0
2021-07-30_02h22m33s_C5H11NO2_+Cl_-H2O_145,2021-07-30_02h22m33s,Valine,C5H11NO2,+Cl,-H2O,145,0.6862418104711915,0.6268549418637468,0.11864406779661017,0.11864406779661017,0.16314384247413505,0.1638117562206996,0.16288959370625652,0.16288959370625652,0.6819633031553999,189,8.448965072631836,-5.13658332824707,1495.466796875,23.464942932128906,13.338891983032227,13.477341651916504,13.585548400878906,0.6218625086622647,0.6333608310605933,4.662232186092297e-06,-1.945098574651638e-06,0.0008252151310443878,1.3236794984550215e-05,6.517369001812767e-06,6.566780484718038e-06,6.607330760743935e-06,0.004631629478168823,0.004632043449698184
2021-07-30_02h22m33s_C5H11NO2_-H_-H2O_145,2021-07-30_02h22m33s,Valine,C5H11NO2,-H,-H2O,145,0.0,0.0,0.0,0.0,8.899766381132495e-05,9.015506671474937e-05,8.859436185481156e-05,8.859436185481156e-05,0.0,3,0.0,-0.00402462063357234,0.0,0.0,0.004902550019323826,0.005054047796875238,0.00402462063357234,0.0,0.0,0.0,-1.8301401505382842e-09,0.0,0.0,2.1139263672864672e-09,2.23865614934482e-09,1.8301401505382842e-09,0.0,0.0
2021-07-30_02h22m33s_C5H11NO2_[M]-__145,2021-07-30_02h22m33s,Valine,C5H11NO2,[M]-,,145,0.0,0.0,0.0,0.0,0.00022249415952831238,0.00018031013342949875,0.00024806421319347236,0.00024806421319347236,0.0,6,0.0,-0.012996600940823555,0.0,0.0,0.009696678258478642,0.013721494935452938,0.012996600940823555,0.0,0.0,0.0,-5.798877822371651e-09,0.0,0.0,4.5298733652998635e-09,6.1523706129662514e-09,5.798877822371651e-09,0.0,0.0
2021-07-30_02h22m33s_C5H11NO2_[M]-_-CH2O2_145,2021-07-30_02h22m33s,Valine,C5H11NO2,[M]-,-CH2O2,145,0.0,0.0,0.0,0.0,8.899766381132495e-05,9.015506671474937e-05,8.859436185481156e-05,8.859436185481156e-05,0.0,3,0.0,-0.0050514149479568005,0.0,0.0,0.005296875257045031,0.004897912964224815,0.0050514149479568005,0.0,0.0,0.0,-2.5783077894914186e-09,0.0,0.0,2.007511046286936e-09,2.4999584624652016e-09,2.5783077894914186e-09,0.0,0.0
2021-07-30_02h22m33s_C5H11NO2_+Cl_-H2_145,2021-07-30_02h22m33s,Valine,C5H11NO2,+Cl,-H2,145,1.0934478649939428,1.4951670944804558,0.9491525423728814,0.423728813559322,0.8681833351874513,0.8849621348719798,0.85803639456385,0.85803639456385,1.0955574764513911,189,190.96339416503906,64.98369598388672,33800.51953125,107.55266571044922,140.9497528076172,127.71943664550781,125.97969818115234,1.5158146995696569,1.3548235136117635,9.675959881860763e-05,3.744692003238015e-05,0.017126448452472687,5.284634971758351e-05,6.557025335496292e-05,6.030308941262774e-05,5.931267878622748e-05,0.09134186794542654,0.0908054616896058
2021-07-30_02h22m33s_C5H11NO2_-H_+H2_145,2021-07-30_02h22m33s,Valine,C5H11NO2,-H,+H2,145,0.0,0.0,0.0,0.0,0.00018912003559906553,9.015506671474937e-05,0.00024806421319347236,0.00024806421319347236,0.0,3,0.0,-0.013080015778541565,0.0,0.0,0.0051420205272734165,0.013623102568089962,0.013080015778541565,0.0,0.0,0.0,-5.376852740823779e-09,0.0,0.0,2.0622297203232165e-09,5.564517735479058e-09,5.376852740823779e-09,0.0,0.0
2021-07-30_02h22m33s_C5H11NO2_[M]-_-NH3_145,2021-07-30_02h22m33s,Valine,C5H11NO2,[M]-,-NH3,145,0.0,0.0,0.0,0.0,0.00015574591166981868,6.0103377809832915e-05,0.00021262646845154776,0.00021262646845154776,0.0,2,0.0,-0.011999332346022129,0.0,0.0,0.0035160474944859743,0.011634698137640953,0.011999332346022129,0.0,0.0,0.0,-5.619380516463934e-09,0.0,0.0,1.3646394014799057e-09,5.448619333492388e-09,5.619380516463934e-09,0.0,0.0
2021-07-30_02h22m33s_C5H11NO2_+Cl_+HCl_145,2021-07-30_02h22m33s,Valine,C5H11NO2,+Cl,+HCl,145,0.5582308837673132,1.0582947192287129,0.011299435028248588,0.011299435028248588,0.011947936366670376,0.01484553431902873,0.010241508230416215,0.010241508230416215,0.5554406888268439,166,0.6668882369995117,0.0306510329246521,118.03921508789062,6.312817096710205,0.940454363822937,0.6291536092758179,0.6362372040748596,1.0465306054559376,0.7083596004499864,2.5027546257661015e-07,-5.201712838243111e-08,4.4298758439254016e-05,2.341339268241427e-06,4.237912207827321e-07,2.995442400788306e-07,3.0229259095904126e-07,0.0002501998290220376,0.0002501694429629743
2021-07-30_02h22m33s_C5H11NO2_-H_-CH2O2_145,2021-07-30_02h22m33s,Valine,C5H11NO2,-H,-CH2O2,145,0.0,0.0,0.0,0.0,7.787295583490934e-05,0.00012020675561966583,5.315661711288694e-05,5.315661711288694e-05,0.0,4,0.0,-0.003142300061881542,0.0,0.0,0.0073057422414422035,0.003046812256798148,0.003142300061881542,0.0,0.0,0.0,-1.7414668596060778e-09,0.0,0.0,3.1617857221277745e-09,1.688547413003505e-09,1.7414668596060778e-09,0.0,0.0
2021-07-30_02h22m33s_C5H11NO2_[M]-_+H2_145,2021-07-30_02h22m33s,Valine,C5H11NO2,[M]-,+H2,145,0.0,0.0,0.0,0.0,0.00022249415952831238,0.000330568577954081,0.0001594698513386608,0.0001594698513386608,0.0,10,0.0,-0.008213278837502003,0.0,0.0,0.01850759983062744,0.008922598324716091,0.008213278837502003,0.0,0.0,0.0,-2.9917026633796695e-09,0.0,0.0,6.732926216557189e-09,3.3097449225749642e-09,2.9917026633796695e-09,0.0,0.0
2021-07-30_02h22m33s_C5H11NO2_-H_-H2_145,2021-07-30_02h22m33s,Valine,C5H11NO2,-H,-H2,145,0.0,0.0,0.0,0.0,0.0008677272221604183,0.001652842889770405,0.0004075340645321332,0.0004075340645321332,0.0,34,0.0,-0.026202460750937462,0.0,0.0,0.11209869384765625,0.02669587731361389,0.026202460750937462,0.0,0.0,0.0,-1.2288770001589455e-08,0.0,0.0,5.0280622332365965e-08,1.266345872608099e-08,1.2288770001589455e-08,0.0,0.0
2021-07-30_02h22m33s_C5H11NO2_[M]-_-H2O_145,2021-07-30_02h22m33s,Valine,C5H11NO2,[M]-,-H2O,145,0.0,0.0,0.0,0.0,0.00013349649571698743,0.00027046520014424813,5.315661711288694e-05,5.315661711288694e-05,0.0,9,0.0,-0.002888038055971265,0.0,0.0,0.01454678550362587,0.0028002767357975245,0.002888038055971265,0.0,0.0,0.0,-1.2191379017423287e-09,0.0,0.0,5.959952975587157e-09,1.1820908696336119e-09,1.2191379017423287e-09,0.0,0.0
2021-07-30_02h22m33s_C5H11NO2_-H_-NH3_145,2021-07-30_02h22m33s,Valine,C5H11NO2,-H,-NH3,145,0.0,0.0,0.0,0.0,0.00018912003559906553,0.00018031013342949875,0.00019490759608058544,0.00019490759608058544,0.0,6,0.0,-0.010978986509144306,0.0,0.0,0.009411009959876537,0.010645359754562378,0.010978986509144306,0.0,0.0,0.0,-4.320946267455383e-09,0.0,0.0,4.16415746329335e-09,4.189641522600596e-09,4.320946267455383e-09,0.0,0.0
2021-07-30_02h22m33s_C4H12N2_+Cl_+HCl_107,2021-07-30_02h22m33s,Putrescine,C4H12N2,+Cl,+HCl,107,0.9221624147313344,1.0350994703919547,0.20903954802259886,0.20903954802259886,0.22648792969184559,0.24320831830748887,0.2166840902244981,0.2166840902244981,0.923823013626182,189,18.313060760498047,0.6379604339599609,3241.41162109375,37.87311553955078,21.047470092773438,17.691078186035156,17.675100326538086,1.0360351221249664,0.8700423679146857,8.314270417031366e-06,-3.076629582210444e-07,0.0014716258738189936,1.7785683667170815e-05,1.002418139250949e-05,8.604359209130052e-06,8.62193337525241e-06,0.008243198112109749,0.00823175382352586
2021-07-30_02h22m33s_C4H12N2_[M]-_-NH3_107,2021-07-30_02h22m33s,Putrescine,C4H12N2,[M]-,-NH3,107,0.0,0.0,0.0,0.0,8.899766381132495e-05,9.015506671474937e-05,8.859436185481156e-05,8.859436185481156e-05,0.0,3,0.0,-0.004020897671580315,0.0,0.0,0.005296875257045031,0.004897912964224815,0.004020897671580315,0.0,0.0,0.0,-2.1330386346107844e-09,0.0,0.0,2.007511046286936e-09,2.4999584624652016e-09,2.1330386346107844e-09,0.0,0.0
2021-07-30_02h22m33s_C4H12N2_+Cl_+C12H14N2_107,2021-07-30_02h22m33s,Putrescine,C4H12N2,+Cl,+C12H14N2,107,0.9370774811997555,1.1093639634316839,0.05084745762711865,0.05084745762711865,0.048314606741573035,0.05517490082942662,0.044261743182663855,0.044261743182663855,0.9339467480429928,189,3.0610172748565674,0.29382848739624023,541.800048828125,13.472999572753906,3.528489112854004,2.758254289627075,2.767188787460327,1.1057834237038782,0.8672692214033713,1.27898442769947e-06,-1.3631506590172648e-08,0.0002263802452944219,5.8002196965389885e-06,1.6506921838299604e-06,1.2868811154476134e-06,1.2926159342896426e-06,0.0012773333262885102,0.0012768766973154967
2021-07-30_02h22m33s_C4H12N2_-H_+H2_107,2021-07-30_02h22m33s,Putrescine,C4H12N2,-H,+H2,107,0.0,0.0,0.0,0.0,0.00015574591166981868,0.00018031013342949875,0.0001417509789676985,0.0001417509789676985,0.0,6,0.0,-0.007417462300509214,0.0,0.0,0.010229005478322506,0.008227532729506493,0.007417462300509214,0.0,0.0,0.0,-3.1322215932050312e-09,0.0,0.0,4.505949391386821e-09,3.4145932747975394e-09,3.1322215932050312e-09,0.0,0.0
2021-07-30_02h22m33s_C4H12N2_[M]-_+H2_107,2021-07-30_02h22m33s,Putrescine,C4H12N2,[M]-,+H2,107,0.0,0.0,0.0,0.0,0.00018912003559906553,0.00030051688904916455,0.00012403210659673618,0.00012403210659673618,0.0,10,0.0,-0.007341219577938318,0.0,0.0,0.017087742686271667,0.007158980239182711,0.007341219577938318,0.0,0.0,0.0,-3.2606390920619788e-09,0.0,0.0,7.233045717924824e-09,3.1796965060948423e-09,3.2606390920619788e-09,0.0,0.0
2021-07-30_02h22m33s_C4H12N2_+Cl__107,2021-07-30_02h22m33s,Putrescine,C4H12N2,+Cl,,107,0.49636986058600613,3.5953177836159753,0.005649717514124294,0.005649717514124294,0.001601957948603849,0.0019533597788195696,0.0013820720449350603,0.0013820720449350603,0.49642035428083636,54,0.288600891828537,0.2094903290271759,51.08235549926758,3.828723192214966,0.11020626127719879,0.07927131652832031,0.07911057025194168,3.6025319869888457,2.5951856353587384,1.553338080384492e-07,1.1718537962224218e-07,2.7494083042256534e-05,2.0607360511348816e-06,5.230063493399939e-08,3.8159857496111727e-08,3.8148428416207025e-08,0.0001553278825238417,0.00015532568440653318
2021-07-30_02h22m33s_C4H12N2_-H_+HCl_107,2021-07-30_02h22m33s,Putrescine,C4H12N2,-H,+HCl,107,0.49636986058600613,3.5953177836159753,0.005649717514124294,0.005649717514124294,0.001601957948603849,0.0019533597788195696,0.0013820720449350603,0.0013820720449350603,0.49642035428083636,54,0.288600891828537,0.2094903290271759,51.08235549926758,3.828723192214966,0.11020626127719879,0.07927131652832031,0.07911057025194168,3.6025319869888457,2.5951856353587384,1.553338080384492e-07,1.1718537962224218e-07,2.7494083042256534e-05,2.0607360511348816e-06,5.230063493399939e-08,3.8159857496111727e-08,3.8148428416207025e-08,0.0001553278825238417,0.00015532568440653318
2021-07-30_02h22m33s_C4H12N2_+Cl_-NH3_107,2021-07-30_02h22m33s,Putrescine,C4H12N2,+Cl,-NH3,107,0.0,0.0,0.0,0.0,0.00010012237178774057,9.015506671474937e-05,0.00010631323422577388,0.00010631323422577388,0.0,3,0.0,-0.006259431596845388,0.0,0.0,0.005382433999329805,0.006104046478867531,0.006259431596845388,0.0,0.0,0.0,-2.6749109593993126e-09,0.0,0.0,1.9056847211373906e-09,2.608508520296482e-09,2.6749109593993126e-09,0.0,0.0
2021-07-30_02h22m33s_C4H12N2_[M]-__107,2021-07-30_02h22m33s,Putrescine,C4H12N2,[M]-,,107,0.0,0.0,0.0,0.0,0.0001223717877405718,9.015506671474937e-05,0.0001417509789676985,0.0001417509789676985,0.0,3,0.0,-0.007002332713454962,0.0,0.0,0.005319738294929266,0.0077489144168794155,0.007002332713454962,0.0,0.0,0.0,-2.6939526165392635e-09,0.0,0.0,2.111797847703656e-09,2.9266720158460657e-09,2.6939526165392635e-09,0.0,0.0
2021-07-30_02h22m33s_C4H12N2_+Cl_+H2_107,2021-07-30_02h22m33s,Putrescine,C4H12N2,+Cl,+H2,107,0.0,0.0,0.0,0.0,0.0005228612748915341,0.0006310854670032456,0.0004606906816450201,0.0004606906816450201,0.0,19,0.0,-0.02712107263505459,0.0,0.0,0.036309514194726944,0.02760058455169201,0.02712107263505459,0.0,0.0,0.0,-1.237998148440056e-08,0.0,0.0,1.4228599631849193e-08,1.2476531807692481e-08,1.237998148440056e-08,0.0,0.0
2021-07-30_02h22m33s_C4H12N2_-H__107,2021-07-30_02h22m33s,Putrescine,C4H12N2,-H,,107,0.0,0.0,0.0,0.0,0.00011124707976415619,0.00015025844452458227,8.859436185481156e-05,8.859436185481156e-05,0.0,5,0.0,-0.004727600608021021,0.0,0.0,0.009234236553311348,0.004610241856426001,0.004727600608021021,0.0,0.0,0.0,-1.9990897826005494e-09,0.0,0.0,3.780088242422153e-09,1.9494641456674344e-09,1.9990897826005494e-09,0.0,0.0
2021-07-30_02h22m33s_C4H12N2_-H_-NH3_107,2021-07-30_02h22m33s,Putrescine,C4H12N2,-H,-NH3,107,0.0,0.0,0.0,0.0,7.787295583490934e-05,0.00012020675561966583,5.315661711288694e-05,5.315661711288694e-05,0.0,4,0.0,-0.0031243721023201942,0.0,0.0,0.0073057422414422035,0.003046812256798148,0.0031243721023201942,0.0,0.0,0.0,-1.7315311406918e-09,0.0,0.0,3.1617857221277745e-09,1.688547413003505e-09,1.7315311406918e-09,0.0,0.0
2021-07-30_02h22m33s_C4H12N2_-H_-H2_107,2021-07-30_02h22m33s,Putrescine,C4H12N2,-H,-H2,107,0.0,0.0,0.0,0.0,7.787295583490934e-05,6.0103377809832915e-05,8.859436185481156e-05,8.859436185481156e-05,0.0,2,0.0,-0.004713492002338171,0.0,0.0,0.0030419379472732544,0.004596483428031206,0.004713492002338171,0.0,0.0,0.0,-2.2811144084755597e-09,0.0,0.0,1.4397451009173778e-09,2.2244877051491585e-09,2.2811144084755597e-09,0.0,0.0
2021-07-30_02h22m33s_C4H12N2_[M]-_+C12H14N2_107,2021-07-30_02h22m33s,Putrescine,C4H12N2,[M]-,+C12H14N2,107,0.0,0.0,0.0,0.0,5.5623539882078096e-05,9.015506671474937e-05,3.5437744741924624e-05,3.5437744741924624e-05,0.0,3,0.0,-0.0009629348060116172,0.0,0.0,0.004873558878898621,0.0018256691982969642,0.0009629348060116172,0.0,0.0,0.0,-3.109297264103361e-10,0.0,0.0,2.2549027089979745e-09,7.85019216298366e-10,3.109297264103361e-10,0.0,0.0
2021-07-30_02h22m33s_C4H12N2_[M]-_+HCl_107,2021-07-30_02h22m33s,Putrescine,C4H12N2,[M]-,+HCl,107,0.5050178300277695,4.655901652193819,0.005649717514124294,0.005649717514124294,0.0015018355768161085,0.0020134631566294026,0.001187164448854475,0.001187164448854475,0.5052942230683578,53,0.3279716670513153,0.25945109128952026,58.05098342895508,4.351036548614502,0.11821521818637848,0.06944213807582855,0.06852056831121445,4.7176206267923995,2.7510889300942396,1.0810574480046853e-07,7.56989066985625e-08,1.913471714942716e-05,1.4341848100229981e-06,5.3208687234018726e-08,3.30569882578402e-08,3.240683810190603e-08,0.0001081022415486282,0.00010809999294175408
2021-07-30_02h22m33s_C2H5NO2_-H_+C12H14N2_93,2021-07-30_02h22m33s,Glycine,C2H5NO2,-H,+C12H14N2,93,1.118008072807906,1.3385768345024738,0.06779661016949153,0.06779661016949153,0.05119590610746468,0.0520495251833153,0.05064053723621029,0.05064053723621029,1.1224998697364208,189,4.10989236831665,1.0532138347625732,727.4509887695312,15.453383445739746,3.153468132019043,3.0693447589874268,3.056678533554077,1.344121798029415,1.3028796603141084,2.001178017962957e-06,6.027199788150028e-07,0.000354208517819643,7.707551958446857e-06,1.425600657967152e-06,1.402859993504535e-06,1.398458039147954e-06,0.0019983833626841118,0.0019983291985426793
2021-07-30_02h22m33s_C2H5NO2_[M]-_+C12H14N2_93,2021-07-30_02h22m33s,Glycine,C2H5NO2,[M]-,+C12H14N2,93,1.1423748033199046,1.234205542398473,0.4632768361581921,0.4632768361581921,0.41406163088218934,0.4452157711263373,0.3955383879369917,0.3955383879369917,1.147527188443367,189,37.6647834777832,7.325544357299805,6666.6669921875,44.23418426513672,35.2989501953125,30.51643180847168,30.3392391204834,1.2414135342906654,1.0669925387822425,1.7715812646201812e-05,4.033430741401389e-06,0.0031356988474726677,2.139560820069164e-05,1.5913939932943322e-05,1.3776457308267709e-05,1.3682381904800422e-05,0.017476689900550707,0.017438300578266664
2021-07-30_02h22m33s_C2H5NO2_+Cl_+C12H14N2_93,2021-07-30_02h22m33s,Glycine,C2H5NO2,+Cl,+C12H14N2,93,0.650406043086574,0.8915536464416218,0.05649717514124294,0.05649717514124294,0.07644899321392813,0.07585046279600914,0.07686446834523451,0.07686446834523451,0.6460515629478196,189,16.447900772094727,-2.0918407440185547,2911.278564453125,68.10448455810547,20.19874382019043,18.447582244873047,18.53974151611328,0.8871220580795153,0.8142628400888139,7.653077773284167e-06,-1.7361990103381686e-06,0.0013545947149395943,3.2887266570469365e-05,1.0052162906504236e-05,9.337496521766298e-06,9.389276783622336e-06,0.007581889315953887,0.007576913405404564
2021-07-30_02h22m33s_C2H5NO2_-H_-H2_93,2021-07-30_02h22m33s,Glycine,C2H5NO2,-H,-H2,93,0.0,0.0,0.0,0.0,3.337412392924686e-05,3.0051688904916458e-05,3.5437744741924624e-05,3.5437744741924624e-05,0.0,1,0.0,-0.001983369467779994,0.0,0.0,0.001863204757682979,0.0019343448802828789,0.001983369467779994,0.0,0.0,0.0,-8.434069553864276e-10,0.0,0.0,6.936310970040438e-10,8.2255979805268e-10,8.434069553864276e-10,0.0,0.0
2021-07-30_02h22m33s_C2H5NO2_[M]-_+H2_93,2021-07-30_02h22m33s,Glycine,C2H5NO2,[M]-,+H2,93,0.0,0.0,0.0,0.0,6.674824785849372e-05,6.0103377809832915e-05,7.087548948384925e-05,7.087548948384925e-05,0.0,2,0.0,-0.0040595028549432755,0.0,0.0,0.003010354470461607,0.003959160763770342,0.0040595028549432755,0.0,0.0,0.0,-1.725220521997528e-09,0.0,0.0,1.0764517055505962e-09,1.6825767445993733e-09,1.725220521997528e-09,0.0,0.0
2021-07-30_02h22m33s_C2H5NO2_[M]-_-H2_93,2021-07-30_02h22m33s,Glycine,C2H5NO2,[M]-,-H2,93,0.0,0.0,0.0,0.0,0.00013349649571698743,0.00015025844452458227,0.00012403210659673618,0.00012403210659673618,0.0,5,0.0,-0.007620562333613634,0.0,0.0,0.008626602590084076,0.007432198617607355,0.007620562333613634,0.0,0.0,0.0,-3.237692780544421e-09,0.0,0.0,3.0802349559877484e-09,3.157663908126551e-09,3.237692780544421e-09,0.0,0.0
2021-07-30_02h22m33s_C2H5NO2_+Cl_-NH3_93,2021-07-30_02h22m33s,Glycine,C2H5NO2,+Cl,-NH3,93,0.0,0.0,0.0,0.0,0.00015574591166981868,0.00015025844452458227,0.0001594698513386608,0.0001594698513386608,0.0,5,0.0,-0.009309752844274044,0.0,0.0,0.008847570978105068,0.009079636074602604,0.009309752844274044,0.0,0.0,0.0,-4.263706276930179e-09,0.0,0.0,3.4343927701740995e-09,4.158316802005402e-09,4.263706276930179e-09,0.0,0.0
2021-07-30_02h22m33s_C2H5NO2_-H_-H2O_93,2021-07-30_02h22m33s,Glycine,C2H5NO2,-H,-H2O,93,0.0,0.0,0.0,0.0,3.337412392924686e-05,6.0103377809832915e-05,1.7718872370962312e-05,1.7718872370962312e-05,0.0,2,0.0,0.0,0.0,0.0,0.003938185516744852,0.001010045176371932,0.0,0.0,0.0,0.0,0.0,0.0,0.0,1.5876980841156296e-09,3.6625513732957415e-10,0.0,0.0,0.0
2021-07-30_02h22m33s_C2H5NO2_[M]-_-NH3_93,2021-07-30_02h22m33s,Glycine,C2H5NO2,[M]-,-NH3,93,0.0,0.0,0.0,0.0,2.2249415952831237e-05,3.0051688904916458e-05,1.7718872370962312e-05,1.7718872370962312e-05,0.0,1,0.0,-0.001017404836602509,0.0,0.0,0.0015047057531774044,0.0009922567987814546,0.001017404836602509,0.0,0.0,0.0,-3.9460773537669525e-10,0.0,0.0,5.410261127991589e-10,3.8485389874942655e-10,3.9460773537669525e-10,0.0,0.0
2021-07-30_02h22m33s_C2H5NO2_[M]-__93,2021-07-30_02h22m33s,Glycine,C2H5NO2,[M]-,,93,0.0,0.0,0.0,0.0,3.337412392924686e-05,6.0103377809832915e-05,1.7718872370962312e-05,1.7718872370962312e-05,0.0,2,0.0,-0.000983206438831985,0.0,0.0,0.0033657890744507313,0.0009589036926627159,0.000983206438831985,0.0,0.0,0.0,-5.084977994229689e-10,0.0,0.0,1.3956631406131237e-09,4.95928853538885e-10,5.084977994229689e-10,0.0,0.0
2021-07-30_02h22m33s_C2H5NO2_+Cl__93,2021-07-30_02h22m33s,Glycine,C2H5NO2,+Cl,,93,0.0,0.0,0.0,0.0,0.00032261653131605296,0.00027046520014424813,0.00035437744741924625,0.00035437744741924625,0.0,9,0.0,-0.020001480355858803,0.0,0.0,0.014585086144506931,0.019507089629769325,0.020001480355858803,0.0,0.0,0.0,-8.47184367103182e-09,0.0,0.0,7.117729960981478e-09,8.262437845019122e-09,8.47184367103182e-09,0.0,0.0
2021-07-30_02h22m33s_C2H5NO2_-H_+HCl_93,2021-07-30_02h22m33s,Glycine,C2H5NO2,-H,+HCl,93,0.0,0.0,0.0,0.0,0.00032261653131605296,0.00027046520014424813,0.00035437744741924625,0.00035437744741924625,0.0,9,0.0,-0.020001480355858803,0.0,0.0,0.014585086144506931,0.019507089629769325,0.020001480355858803,0.0,0.0,0.0,-8.47184367103182e-09,0.0,0.0,7.117729960981478e-09,8.262437845019122e-09,8.47184367103182e-09,0.0,0.0
2021-07-30_02h22m33s_C2H5NO2_+Cl_-CO2_93,2021-07-30_02h22m33s,Glycine,C2H5NO2,+Cl,-CO2,93,0.0,0.0,0.0,0.0,3.337412392924686e-05,6.0103377809832915e-05,1.7718872370962312e-05,1.7718872370962312e-05,0.0,2,0.0,-0.0009099647286348045,0.0,0.0,0.0035510489251464605,0.0008874723571352661,0.0009099647286348045,0.0,0.0,0.0,-5.916314660403543e-10,0.0,0.0,1.1975378466644315e-09,5.770076083599918e-10,5.916314660403543e-10,0.0,0.0
2021-07-30_02h22m33s_C2H5NO2_+Cl_+HCl_93,2021-07-30_02h22m33s,Glycine,C2H5NO2,+Cl,+HCl,93,0.0,0.0,0.0,0.0,0.0008788519301368339,0.0011720158672917419,0.0007087548948384925,0.0007087548948384925,0.0,34,0.0,-0.03833571448922157,0.0,0.0,0.06707949191331863,0.039534490555524826,0.03833571448922157,0.0,0.0,0.0,-1.5859338731161188e-08,0.0,0.0,2.6314666001781006e-08,1.6350897524830543e-08,1.5859338731161188e-08,0.0,0.0
2021-07-30_02h22m33s_C2H5NO2_+Cl_+H2_93,2021-07-30_02h22m33s,Glycine,C2H5NO2,+Cl,+H2,93,0.0,0.0,0.0,0.0,0.0006341083546556903,0.0007813439115278278,0.0005492850434998317,0.0005492850434998317,0.0,23,0.0,-0.031009474769234657,0.0,0.0,0.04929891228675842,0.03114352375268936,0.031009474769234657,0.0,0.0,0.0,-1.3251870711883385e-08,0.0,0.0,2.1364582991623138e-08,1.3289692013529475e-08,1.3251870711883385e-08,0.0,0.0
2021-07-30_02h22m33s_C2H5NO2_-H_-NH3_93,2021-07-30_02h22m33s,Glycine,C2H5NO2,-H,-NH3,93,0.0,0.0,0.0,0.0,5.5623539882078096e-05,9.015506671474937e-05,3.5437744741924624e-05,3.5437744741924624e-05,0.0,3,0.0,-0.0018537715077400208,0.0,0.0,0.004874147940427065,0.0018079503206536174,0.0018537715077400208,0.0,0.0,0.0,-8.714695076683654e-10,0.0,0.0,2.1827171181598715e-09,8.49928682988832e-10,8.714695076683654e-10,0.0,0.0
2021-07-30_02h22m33s_C2H5NO2_+Cl_-H2_93,2021-07-30_02h22m33s,Glycine,C2H5NO2,+Cl,-H2,93,0.0,0.0,0.0,0.0,0.001401713205028368,0.0010818608005769925,0.001594698513386608,0.001594698513386608,0.0,32,0.0,-0.09399724751710892,0.0,0.0,0.06266224384307861,0.09295111149549484,0.09399724751710892,0.0,0.0,0.0,-4.423498722871955e-08,0.0,0.0,2.8468450707919146e-08,4.3706599228698906e-08,4.423498722871955e-08,0.0,0.0
2021-07-30_02h22m33s_C2H5NO2_-H__93,2021-07-30_02h22m33s,Glycine,C2H5NO2,-H,,93,0.0,0.0,0.0,0.0,6.674824785849372e-05,9.015506671474937e-05,5.315661711288694e-05,5.315661711288694e-05,0.0,3,0.0,-0.00295047415420413,0.0,0.0,0.004962417762726545,0.0028775448445230722,0.00295047415420413,0.0,0.0,0.0,-1.2208682953485095e-09,0.0,0.0,2.145627675531614e-09,1.1906911012715682e-09,1.2208682953485095e-09,0.0,0.0
2021-07-30_02h22m33s_C2H5NO2_-H_+H2_93,2021-07-30_02h22m33s,Glycine,C2H5NO2,-H,+H2,93,0.0,0.0,0.0,0.0,4.4498831905662474e-05,0.0,7.087548948384925e-05,7.087548948384925e-05,0.0,0,0.0,-0.003913304302841425,0.0,0.0,0.0,0.0038165757432579994,0.003913304302841425,0.0,0.0,0.0,-1.8385022393374584e-09,0.0,0.0,0.0,1.793058479471199e-09,1.8385022393374584e-09,0.0,0.0
2021-07-30_02h22m33s_C2H5NO2_+Cl_-H2O_93,2021-07-30_02h22m33s,Glycine,C2H5NO2,+Cl,-H2O,93,0.0,0.0,0.0,0.0,0.00011124707976415619,0.00018031013342949875,7.087548948384925e-05,7.087548948384925e-05,0.0,6,0.0,-0.0030869832262396812,0.0,0.0,0.00979001633822918,0.004020168911665678,0.0030869832262396812,0.0,0.0,0.0,-1.4487774313565183e-09,0.0,0.0,4.002587150608861e-09,1.8699213288897454e-09,1.4487774313565183e-09,0.0,0.0
2021-07-30_02h22m33s_C2H5NO2_+Cl_-CH2O2_93,2021-07-30_02h22m33s,Glycine,C2H5NO2,+Cl,-CH2O2,93,0.0,0.0,0.0,0.0,3.337412392924686e-05,3.0051688904916458e-05,3.5437744741924624e-05,3.5437744741924624e-05,0.0,1,0.0,-0.0019270845223218203,0.0,0.0,0.0015047057531774044,0.0018794512143358588,0.0019270845223218203,0.0,0.0,0.0,-9.418384960824255e-10,0.0,0.0,4.3941403293779047e-10,9.185582849902119e-10,9.418384960824255e-10,0.0,0.0
2021-07-30_02h22m33s_C2H5NO2_[M]-_+HCl_93,2021-07-30_02h22m33s,Glycine,C2H5NO2,[M]-,+HCl,93,0.4501222628635216,1.981069056709372,0.005649717514124294,0.005649717514124294,0.004794749137835132,0.008594783026806106,0.002551517621418573,0.002551517621418573,0.45040953537329365,140,0.31049075722694397,0.15480884909629822,54.95686340332031,4.1191253662109375,0.555718183517456,0.15572889149188995,0.15568190813064575,1.9816631092343355,0.5577162133724494,1.6728874641103175e-07,9.477777496158524e-08,2.9610107958433218e-05,2.2193360109667992e-06,2.4339689730368264e-07,7.248400635262442e-08,7.251097144944652e-08,0.0001672766170210308,0.0001672480387573181
2021-07-30_02h22m33s_C7H19N3_[M]-__167,2021-07-30_02h22m33s,Spermidine,C7H19N3,[M]-,,167,1.2619385314018208,1.4230308152748723,0.07909604519774012,0.07909604519774012,0.054600066748247855,0.05772929438634451,0.052678207558870954,0.052678207558870954,1.270092300890667,187,4.769690990447998,1.4469451904296875,844.2352905273438,16.445051193237305,3.706040859222412,3.350783348083496,3.3227458000183105,1.4350348304078253,1.2866572480802079,1.968845481314929e-06,7.317793233596603e-07,0.00034848565701395273,6.8106533035461325e-06,1.3661639286510763e-06,1.2466618954931619e-06,1.2370661579552689e-06,0.0019664128984656706,0.0019661593852847744
2021-07-30_02h22m33s_C7H19N3_-H_-NH3_167,2021-07-30_02h22m33s,Spermidine,C7H19N3,-H,-NH3,167,0.5484512571075782,17.630972199592108,0.005649717514124294,0.005649717514124294,0.00037824007119813106,0.0004808270224786633,0.0003012208303063593,0.0003012208303063593,0.5490106884255858,17,0.3174476623535156,0.30131760239601135,56.188236236572266,4.211419105529785,0.026168301701545715,0.017005113884806633,0.016130056232213974,18.531618229982136,11.684486790554697,1.3082436112199503e-07,1.2369929436317761e-07,2.3155911549110897e-05,1.7355811223751516e-06,1.0654751747551927e-08,7.392746415035845e-09,7.125072087887929e-09,0.00013082342899563266,0.00013082296723575625
2021-07-30_02h22m33s_C7H19N3_-H_+HCl_167,2021-07-30_02h22m33s,Spermidine,C7H19N3,-H,+HCl,167,0.0,0.0,0.0,0.0,0.0004116141951273779,0.000330568577954081,0.0004606906816450201,0.0004606906816450201,0.0,11,0.0,-0.026324281468987465,0.0,0.0,0.018447965383529663,0.026575805619359016,0.026324281468987465,0.0,0.0,0.0,-1.157217077718542e-08,0.0,0.0,8.435795173511451e-09,1.1752927520092271e-08,1.157217077718542e-08,0.0,0.0
2021-07-30_02h22m33s_C7H19N3_[M]-_+H2_167,2021-07-30_02h22m33s,Spermidine,C7H19N3,[M]-,+H2,167,0.7499739873827401,0.8595159201460126,0.05084745762711865,0.05084745762711865,0.059606185337634884,0.06271787474456064,0.05779896167407906,0.05779896167407906,0.7544151483436383,188,3.140578031539917,-0.48009157180786133,555.88232421875,13.74520206451416,4.008170127868652,3.6528916358947754,3.6206696033477783,0.8671630423263479,0.7833486560495514,1.2663398365475587e-06,-8.502820492140017e-08,0.00022414214618038386,5.5637055993429385e-06,1.4795418792346027e-06,1.3629287423100322e-06,1.3513680414689588e-06,0.001264630854826091,0.0012644690017045428
2021-07-30_02h22m33s_C7H19N3_+Cl_+H2_167,2021-07-30_02h22m33s,Spermidine,C7H19N3,+Cl,+H2,167,0.0,0.0,0.0,0.0,0.00032261653131605296,0.0003906719557639139,0.000283501957935397,0.000283501957935397,0.0,13,0.0,-0.016179580241441727,0.0,0.0,0.02115320786833763,0.015777649357914925,0.016179580241441727,0.0,0.0,0.0,-7.369258980816085e-09,0.0,0.0,9.066772221899555e-09,7.186192974018013e-09,7.369258980816085e-09,0.0,0.0
2021-07-30_02h22m33s_C7H19N3_[M]-_-H2_167,2021-07-30_02h22m33s,Spermidine,C7H19N3,[M]-,-H2,167,0.0,0.0,0.0,0.0,0.0003448659472688842,0.000330568577954081,0.00035437744741924625,0.00035437744741924625,0.0,11,0.0,-0.01995842158794403,0.0,0.0,0.018625682219862938,0.019462617114186287,0.01995842158794403,0.0,0.0,0.0,-8.366795256620208e-09,0.0,0.0,7.832824167053332e-09,8.158948183734083e-09,8.366795256620208e-09,0.0,0.0
2021-07-30_02h22m33s_C7H19N3_+Cl_+C12H14N2_167,2021-07-30_02h22m33s,Spermidine,C7H19N3,+Cl,+C12H14N2,167,1.11062848156825,2.344895965219386,0.022598870056497175,0.022598870056497175,0.01104683502058071,0.012170934006491165,0.01034782146464199,0.01034782146464199,1.1161024934350268,164,1.4260995388031006,0.8250241875648499,252.41961669921875,9.724145889282227,0.7223828434944153,0.6071717739105225,0.6010753512382507,2.3686396326807446,1.971431243674651,5.948779175923846e-07,3.057895128222299e-07,0.00010529339488130063,4.135999006393831e-06,3.4126810533052776e-07,2.908622320774157e-07,2.8908840477015474e-07,0.0005947059949849871,0.0005946749739907234
2021-07-30_02h22m33s_C7H19N3_[M]-_+C12H14N2_167,2021-07-30_02h22m33s,Spermidine,C7H19N3,[M]-,+C12H14N2,167,0.0,0.0,0.0,0.0,0.00014462120369340304,0.00027046520014424813,7.087548948384925e-05,7.087548948384925e-05,0.0,6,0.0,-0.004605839028954506,0.0,0.0,0.018902866169810295,0.004491421394050121,0.004605839028954506,0.0,0.0,0.0,-1.6558506787944793e-09,0.0,0.0,6.501460259045189e-09,1.6147162495983025e-09,1.6558506787944793e-09,0.0,0.0
2021-07-30_02h22m33s_C7H19N3_-H_+C12H14N2_167,2021-07-30_02h22m33s,Spermidine,C7H19N3,-H,+C12H14N2,167,0.0,0.0,0.0,0.0,0.00014462120369340304,0.00030051688904916455,5.315661711288694e-05,5.315661711288694e-05,0.0,2,0.0,-0.003281049197539687,0.0,0.0,0.02629770338535309,0.0031995417084544897,0.003281049197539687,0.0,0.0,0.0,-1.919595371546734e-09,0.0,0.0,9.45875644475791e-09,1.8719088501484293e-09,1.919595371546734e-09,0.0,0.0
2021-07-30_02h22m33s_C7H19N3_[M]-_+HCl_167,2021-07-30_02h22m33s,Spermidine,C7H19N3,[M]-,+HCl,167,0.0,0.0,0.0,0.0,0.0006452330626321059,0.0008414472893376608,0.0005315661711288693,0.0005315661711288693,0.0,23,0.0,-0.029890069738030434,0.0,0.0,0.04846276342868805,0.030299272388219833,0.029890069738030434,0.0,0.0,0.0,-1.4551473803692261e-08,0.0,0.0,2.0734011840772837e-08,1.4839496742524716e-08,1.4551473803692261e-08,0.0,0.0
2021-07-30_02h22m33s_C7H19N3_-H_-H2_167,2021-07-30_02h22m33s,Spermidine,C7H19N3,-H,-H2,167,0.0,0.0,0.0,0.0,0.000556235398820781,0.0005108787113835797,0.0005847227882417563,0.0005847227882417563,0.0,17,0.0,-0.032196979969739914,0.0,0.0,0.028526712208986282,0.031397148966789246,0.032196979969739914,0.0,0.0,0.0,-1.4972789230682793e-08,0.0,0.0,1.267882687727706e-08,1.4600837872080774e-08,1.4972789230682793e-08,0.0,0.0
2021-07-30_02h22m33s_C7H19N3_+Cl_-NH3_167,2021-07-30_02h22m33s,Spermidine,C7H19N3,+Cl,-NH3,167,0.0,0.0,0.0,0.0,0.0036155300923350763,0.0034559442240653924,0.0037209631979020857,0.0037209631979020857,0.0,69,0.0,-0.2512204349040985,0.0,0.0,0.2651990056037903,0.24860966205596924,0.2512204349040985,0.0,0.0,0.0,-1.1099858454599598e-07,0.0,0.0,1.1946094957693276e-07,1.097532091876019e-07,1.1099858454599598e-07,0.0,0.0
2021-07-30_02h22m33s_C7H19N3_+Cl__167,2021-07-30_02h22m33s,Spermidine,C7H19N3,+Cl,,167,0.0,0.0,0.0,0.0,0.0004116141951273779,0.000330568577954081,0.0004606906816450201,0.0004606906816450201,0.0,11,0.0,-0.026324281468987465,0.0,0.0,0.018447965383529663,0.026575805619359016,0.026324281468987465,0.0,0.0,0.0,-1.157217077718542e-08,0.0,0.0,8.435795173511451e-09,1.1752927520092271e-08,1.157217077718542e-08,0.0,0.0
2021-07-30_02h22m33s_C7H19N3_-H_+H2_167,2021-07-30_02h22m33s,Spermidine,C7H19N3,-H,+H2,167,0.0,0.0,0.0,0.0,0.0007453554344198465,0.0007813439115278278,0.0007264737672094548,0.0007264737672094548,0.0,23,0.0,-0.0416581965982914,0.0,0.0,0.04842057824134827,0.04062332957983017,0.0416581965982914,0.0,0.0,0.0,-1.7214921044228504e-08,0.0,0.0,1.8598361961608134e-08,1.678727024057025e-08,1.7214921044228504e-08,0.0,0.0
